# Timestamp, Fx, Fy, Fz, Tx, Ty, Tz, FemurPosX, FemurPosY, FemurPosZ, FemurQuatW, FemurQuatX, FemurQuatY, FemurQuatZ, TibiaPosX, TibiaPosY, TibiaPosZ, TibiaQuatW, TibiaQuatX, TibiaQuatY, TibiaQuatZ
0.03013134002685547,0.0,0.0,0.0,0.0,0.0,0.0,0.14191,0.402945,0.481917,0.203386,0.62162,0.630885,-0.417381,0.00918337,0.278792,0.0430029,0.673029,0.130185,0.358108,-0.63391
0.030410051345825195,0.0,0.0,0.0,0.0,0.0,0.0,0.14191,0.402945,0.481917,0.203386,0.62162,0.630885,-0.417381,0.00918337,0.278792,0.0430029,0.673029,0.130185,0.358108,-0.63391
0.05822396278381348,0.0,0.0,0.0,0.0,0.0,0.0,0.14193,0.40292,0.48194,0.202726,0.6211,0.631575,-0.417432,0.00918402,0.278794,0.0430079,0.673151,0.130384,0.358029,-0.633785
0.05844545364379883,0.0,0.0,0.0,0.0,0.0,0.0,0.14193,0.40292,0.48194,0.202726,0.6211,0.631575,-0.417432,0.00918402,0.278794,0.0430079,0.673151,0.130384,0.358029,-0.633785
0.07767581939697266,0.0,0.0,0.0,0.0,0.0,0.0,0.141929,0.402918,0.48194,0.202722,0.621084,0.631581,-0.417449,0.00917218,0.278799,0.0430127,0.67289,0.130132,0.357937,-0.634166
0.07786750793457031,0.0,0.0,0.0,0.0,0.0,0.0,0.141929,0.402918,0.48194,0.202722,0.621084,0.631581,-0.417449,0.00917218,0.278799,0.0430127,0.67289,0.130132,0.357937,-0.634166
0.0912017822265625,0.0,0.0,0.0,0.0,0.0,0.0,0.141929,0.402917,0.48194,0.202742,0.621117,0.631572,-0.417405,0.00916858,0.278803,0.0430186,0.672983,0.130343,0.357847,-0.634074
0.09133696556091309,0.0,0.0,0.0,0.0,0.0,0.0,0.141929,0.402917,0.48194,0.202742,0.621117,0.631572,-0.417405,0.00916858,0.278803,0.0430186,0.672983,0.130343,0.357847,-0.634074
0.10540914535522461,0.0,0.0,0.0,0.0,0.0,0.0,0.141928,0.402919,0.481941,0.202701,0.621111,0.631587,-0.41741,0.00919457,0.278818,0.0430678,0.672742,0.129523,0.35827,-0.634259
0.10552430152893066,0.0,0.0,0.0,0.0,0.0,0.0,0.141928,0.402919,0.481941,0.202701,0.621111,0.631587,-0.41741,0.00919457,0.278818,0.0430678,0.672742,0.129523,0.35827,-0.634259
0.12265801429748535,0.0,0.0,0.0,0.0,0.0,0.0,0.141911,0.402946,0.481917,0.203397,0.621627,0.630892,-0.417356,0.00919333,0.278812,0.0430538,0.672574,0.129407,0.358427,-0.634373
0.12277364730834961,0.0,0.0,0.0,0.0,0.0,0.0,0.141911,0.402946,0.481917,0.203397,0.621627,0.630892,-0.417356,0.00919333,0.278812,0.0430538,0.672574,0.129407,0.358427,-0.634373
0.15494465827941895,0.0,0.0,0.0,0.0,0.0,0.0,0.14193,0.40292,0.481942,0.202738,0.621094,0.631607,-0.417387,0.00918341,0.278794,0.0430094,0.673117,0.130389,0.357991,-0.633842
0.15506696701049805,0.0,0.0,0.0,0.0,0.0,0.0,0.14193,0.40292,0.481942,0.202738,0.621094,0.631607,-0.417387,0.00918341,0.278794,0.0430094,0.673117,0.130389,0.357991,-0.633842
0.1720447540283203,0.0,0.0,0.0,0.0,0.0,0.0,0.141931,0.402919,0.481941,0.202719,0.621114,0.631603,-0.417374,0.00918162,0.27882,0.0430619,0.672429,0.129393,0.358241,-0.634634
0.17215967178344727,0.0,0.0,0.0,0.0,0.0,0.0,0.141931,0.402919,0.481941,0.202719,0.621114,0.631603,-0.417374,0.00918162,0.27882,0.0430619,0.672429,0.129393,0.358241,-0.634634
0.1888256072998047,0.0,0.0,0.0,0.0,0.0,0.0,0.141912,0.402946,0.481917,0.203371,0.621645,0.630896,-0.417333,0.00919357,0.278814,0.043058,0.672701,0.129559,0.35837,-0.634239
0.18894004821777344,0.0,0.0,0.0,0.0,0.0,0.0,0.141912,0.402946,0.481917,0.203371,0.621645,0.630896,-0.417333,0.00919357,0.278814,0.043058,0.672701,0.129559,0.35837,-0.634239
0.2054295539855957,0.0,0.0,0.0,0.0,0.0,0.0,0.141929,0.402917,0.481939,0.202747,0.621098,0.631585,-0.417411,0.00918347,0.278792,0.04301,0.673166,0.130307,0.358045,-0.633775
0.20554089546203613,0.0,0.0,0.0,0.0,0.0,0.0,0.141929,0.402917,0.481939,0.202747,0.621098,0.631585,-0.417411,0.00918347,0.278792,0.04301,0.673166,0.130307,0.358045,-0.633775
0.23846745491027832,0.0,0.0,0.0,0.0,0.0,0.0,0.141931,0.402919,0.48194,0.202734,0.621138,0.631569,-0.417381,0.00916955,0.2788,0.0430117,0.672873,0.130123,0.357922,-0.634194
0.23858118057250977,0.0,0.0,0.0,0.0,0.0,0.0,0.141931,0.402919,0.48194,0.202734,0.621138,0.631569,-0.417381,0.00916955,0.2788,0.0430117,0.672873,0.130123,0.357922,-0.634194
0.2548210620880127,0.0,0.0,0.0,0.0,0.0,0.0,0.14193,0.402918,0.48194,0.202757,0.621082,0.631594,-0.417415,0.00918153,0.278823,0.0430618,0.672418,0.1294,0.358233,-0.634649
0.2549314498901367,0.0,0.0,0.0,0.0,0.0,0.0,0.14193,0.402918,0.48194,0.202757,0.621082,0.631594,-0.417415,0.00918153,0.278823,0.0430618,0.672418,0.1294,0.358233,-0.634649
0.272125244140625,0.0,0.0,0.0,0.0,0.0,0.0,0.141928,0.402917,0.48194,0.202731,0.621099,0.631572,-0.417435,0.0091713,0.278802,0.0430178,0.672998,0.130348,0.357829,-0.634067
0.27223992347717285,0.0,0.0,0.0,0.0,0.0,0.0,0.141928,0.402917,0.48194,0.202731,0.621099,0.631572,-0.417435,0.0091713,0.278802,0.0430178,0.672998,0.130348,0.357829,-0.634067
0.2884964942932129,0.0,0.0,0.0,0.0,0.0,0.0,0.14193,0.402918,0.481939,0.202765,0.621087,0.63158,-0.417426,0.00918141,0.278822,0.0430627,0.672439,0.129378,0.358277,-0.634606
0.2886073589324951,0.0,0.0,0.0,0.0,0.0,0.0,0.14193,0.402918,0.481939,0.202765,0.621087,0.63158,-0.417426,0.00918141,0.278822,0.0430627,0.672439,0.129378,0.358277,-0.634606
0.3054020404815674,0.0,0.0,0.0,0.0,0.0,0.0,0.141929,0.402917,0.48194,0.202732,0.621111,0.631558,-0.41744,0.00919426,0.278813,0.0430575,0.672698,0.129581,0.358344,-0.634252
0.3055143356323242,0.0,0.0,0.0,0.0,0.0,0.0,0.141929,0.402917,0.48194,0.202732,0.621111,0.631558,-0.41744,0.00919426,0.278813,0.0430575,0.672698,0.129581,0.358344,-0.634252
0.3222365379333496,0.0,0.0,0.0,0.0,0.0,0.0,0.141912,0.402944,0.481916,0.203424,0.621606,0.630898,-0.417363,0.00919371,0.278813,0.0430588,0.67267,0.129566,0.358343,-0.634285
0.32235097885131836,0.0,0.0,0.0,0.0,0.0,0.0,0.141912,0.402944,0.481916,0.203424,0.621606,0.630898,-0.417363,0.00919371,0.278813,0.0430588,0.67267,0.129566,0.358343,-0.634285
0.3551952838897705,0.0,0.0,0.0,0.0,0.0,0.0,0.141911,0.402942,0.481914,0.203401,0.621612,0.630894,-0.417372,0.00918255,0.278791,0.0430088,0.673133,0.130331,0.358037,-0.633811
0.35530972480773926,0.0,0.0,0.0,0.0,0.0,0.0,0.141911,0.402942,0.481914,0.203401,0.621612,0.630894,-0.417372,0.00918255,0.278791,0.0430088,0.673133,0.130331,0.358037,-0.633811
0.3720366954803467,0.0,0.0,0.0,0.0,0.0,0.0,0.14193,0.402916,0.48194,0.202729,0.621112,0.631597,-0.417381,0.0091947,0.278811,0.0430546,0.672594,0.129399,0.358465,-0.634331
0.37215399742126465,0.0,0.0,0.0,0.0,0.0,0.0,0.14193,0.402916,0.48194,0.202729,0.621112,0.631597,-0.417381,0.0091947,0.278811,0.0430546,0.672594,0.129399,0.358465,-0.634331
0.38866686820983887,0.0,0.0,0.0,0.0,0.0,0.0,0.141929,0.402918,0.48194,0.202715,0.621102,0.631604,-0.417391,0.0091944,0.278811,0.0430564,0.672732,0.129572,0.358344,-0.634218
0.38878393173217773,0.0,0.0,0.0,0.0,0.0,0.0,0.141929,0.402918,0.48194,0.202715,0.621102,0.631604,-0.417391,0.0091944,0.278811,0.0430564,0.672732,0.129572,0.358344,-0.634218
0.40541887283325195,0.0,0.0,0.0,0.0,0.0,0.0,0.14191,0.402944,0.481916,0.20337,0.621619,0.630912,-0.417348,0.00918401,0.278793,0.0430082,0.673129,0.130382,0.358029,-0.633809
0.4055323600769043,0.0,0.0,0.0,0.0,0.0,0.0,0.14191,0.402944,0.481916,0.20337,0.621619,0.630912,-0.417348,0.00918401,0.278793,0.0430082,0.673129,0.130382,0.358029,-0.633809
0.4555206298828125,0.0,0.0,0.0,0.0,0.0,0.0,0.14193,0.402916,0.481942,0.202709,0.621115,0.631568,-0.41743,0.00918373,0.278796,0.0430073,0.673135,0.130404,0.358038,-0.633792
0.4556424617767334,0.0,0.0,0.0,0.0,0.0,0.0,0.14193,0.402916,0.481942,0.202709,0.621115,0.631568,-0.41743,0.00918373,0.278796,0.0430073,0.673135,0.130404,0.358038,-0.633792
0.4903106689453125,0.0,0.0,0.0,0.0,0.0,0.0,0.141929,0.402918,0.481942,0.202737,0.621087,0.631603,-0.417405,0.00919274,0.278813,0.0430534,0.672593,0.129388,0.358461,-0.634337
0.49046993255615234,0.0,0.0,0.0,0.0,0.0,0.0,0.141929,0.402918,0.481942,0.202737,0.621087,0.631603,-0.417405,0.00919274,0.278813,0.0430534,0.672593,0.129388,0.358461,-0.634337
0.5072407722473145,0.0,0.0,0.0,0.0,0.0,0.0,0.141947,0.402932,0.481925,0.20273,0.621473,0.631041,-0.417682,0.00918117,0.278793,0.0430011,0.673011,0.130152,0.358116,-0.633932
0.5073997974395752,0.0,0.0,0.0,0.0,0.0,0.0,0.141947,0.402932,0.481925,0.20273,0.621473,0.631041,-0.417682,0.00918117,0.278793,0.0430011,0.673011,0.130152,0.358116,-0.633932
0.5222132205963135,0.0,0.0,0.0,0.0,0.0,0.0,0.14193,0.402919,0.481941,0.202735,0.621093,0.631626,-0.417362,0.00919324,0.278816,0.0430577,0.672701,0.129555,0.358343,-0.634255
0.522334098815918,0.0,0.0,0.0,0.0,0.0,0.0,0.14193,0.402919,0.481941,0.202735,0.621093,0.631626,-0.417362,0.00919324,0.278816,0.0430577,0.672701,0.129555,0.358343,-0.634255
0.5388314723968506,0.0,0.0,0.0,0.0,0.0,0.0,0.14191,0.402943,0.481915,0.203435,0.621599,0.630913,-0.417345,0.00919163,0.278812,0.0430519,0.672576,0.129389,0.358467,-0.634352
0.5389397144317627,0.0,0.0,0.0,0.0,0.0,0.0,0.14191,0.402943,0.481915,0.203435,0.621599,0.630913,-0.417345,0.00919163,0.278812,0.0430519,0.672576,0.129389,0.358467,-0.634352
0.5555551052093506,0.0,0.0,0.0,0.0,0.0,0.0,0.141929,0.402917,0.481939,0.202703,0.621091,0.631607,-0.41741,0.00918271,0.278795,0.0430071,0.673129,0.130372,0.358039,-0.633805
0.5556638240814209,0.0,0.0,0.0,0.0,0.0,0.0,0.141929,0.402917,0.481939,0.202703,0.621091,0.631607,-0.41741,0.00918271,0.278795,0.0430071,0.673129,0.130372,0.358039,-0.633805
0.60520339012146,0.0,0.0,0.0,0.0,0.0,0.0,0.141931,0.40292,0.481941,0.202676,0.621151,0.631572,-0.417386,0.00918191,0.278798,0.0430077,0.673108,0.130379,0.358044,-0.633823
0.605330228805542,0.0,0.0,0.0,0.0,0.0,0.0,0.141931,0.40292,0.481941,0.202676,0.621151,0.631572,-0.417386,0.00918191,0.278798,0.0430077,0.673108,0.130379,0.358044,-0.633823
0.6255886554718018,0.0,0.0,0.0,0.0,0.0,0.0,0.14193,0.402917,0.481941,0.202701,0.621121,0.631573,-0.417417,0.00917994,0.278823,0.0430692,0.67253,0.129523,0.358157,-0.634548
0.6257050037384033,0.0,0.0,0.0,0.0,0.0,0.0,0.14193,0.402917,0.481941,0.202701,0.621121,0.631573,-0.417417,0.00917994,0.278823,0.0430692,0.67253,0.129523,0.358157,-0.634548
0.6570165157318115,0.0,0.0,0.0,0.0,0.0,0.0,0.14193,0.402917,0.481941,0.202718,0.621113,0.631585,-0.417402,0.00919123,0.278811,0.0430521,0.672575,0.129398,0.358439,-0.634366
0.6571276187896729,0.0,0.0,0.0,0.0,0.0,0.0,0.14193,0.402917,0.481941,0.202718,0.621113,0.631585,-0.417402,0.00919123,0.278811,0.0430521,0.672575,0.129398,0.358439,-0.634366
0.6882486343383789,0.0,0.0,0.0,0.0,0.0,0.0,0.141931,0.402918,0.481941,0.202734,0.621115,0.631575,-0.417406,0.00918003,0.278821,0.0430622,0.672433,0.129378,0.358265,-0.634619
0.6883580684661865,0.0,0.0,0.0,0.0,0.0,0.0,0.141931,0.402918,0.481941,0.202734,0.621115,0.631575,-0.417406,0.00918003,0.278821,0.0430622,0.672433,0.129378,0.358265,-0.634619
0.7090470790863037,0.0,0.0,0.0,0.0,0.0,0.0,0.141928,0.402918,0.48194,0.202761,0.62109,0.631579,-0.417423,0.00916765,0.278805,0.0430168,0.672985,0.130366,0.357878,-0.634051
0.709155797958374,0.0,0.0,0.0,0.0,0.0,0.0,0.141928,0.402918,0.48194,0.202761,0.62109,0.631579,-0.417423,0.00916765,0.278805,0.0430168,0.672985,0.130366,0.357878,-0.634051
0.7385842800140381,0.0,0.0,0.0,0.0,0.0,0.0,0.141932,0.402919,0.481941,0.202715,0.621145,0.631576,-0.41737,0.00919316,0.278813,0.043053,0.672602,0.129372,0.358448,-0.634338
0.7386982440948486,0.0,0.0,0.0,0.0,0.0,0.0,0.141932,0.402919,0.481941,0.202715,0.621145,0.631576,-0.41737,0.00919316,0.278813,0.043053,0.672602,0.129372,0.358448,-0.634338
0.7549009323120117,0.0,0.0,0.0,0.0,0.0,0.0,0.141911,0.402945,0.481917,0.203432,0.621605,0.630891,-0.417372,0.00918107,0.278796,0.0430078,0.673139,0.130385,0.358018,-0.633803
0.7550175189971924,0.0,0.0,0.0,0.0,0.0,0.0,0.141911,0.402945,0.481917,0.203432,0.621605,0.630891,-0.417372,0.00918107,0.278796,0.0430078,0.673139,0.130385,0.358018,-0.633803
0.7719223499298096,0.0,0.0,0.0,0.0,0.0,0.0,0.141931,0.402919,0.481941,0.202691,0.621147,0.631583,-0.417368,0.00918316,0.278797,0.0430067,0.673152,0.130375,0.358045,-0.633777
0.7720437049865723,0.0,0.0,0.0,0.0,0.0,0.0,0.141931,0.402919,0.481941,0.202691,0.621147,0.631583,-0.417368,0.00918316,0.278797,0.0430067,0.673152,0.130375,0.358045,-0.633777
0.7887296676635742,0.0,0.0,0.0,0.0,0.0,0.0,0.141931,0.402918,0.481941,0.202721,0.621124,0.631571,-0.417405,0.00918084,0.27882,0.0430672,0.672545,0.129535,0.358185,-0.634514
0.7888448238372803,0.0,0.0,0.0,0.0,0.0,0.0,0.141931,0.402918,0.481941,0.202721,0.621124,0.631571,-0.417405,0.00918084,0.27882,0.0430672,0.672545,0.129535,0.358185,-0.634514
0.8217747211456299,0.0,0.0,0.0,0.0,0.0,0.0,0.141931,0.402919,0.481942,0.202713,0.621123,0.631587,-0.417386,0.00916824,0.278801,0.0430124,0.672869,0.130129,0.357923,-0.634196
0.8218848705291748,0.0,0.0,0.0,0.0,0.0,0.0,0.141931,0.402919,0.481942,0.202713,0.621123,0.631587,-0.417386,0.00916824,0.278801,0.0430124,0.672869,0.130129,0.357923,-0.634196
0.8386008739471436,0.0,0.0,0.0,0.0,0.0,0.0,0.141912,0.402946,0.481918,0.20341,0.621608,0.630937,-0.417307,0.00919293,0.278814,0.043053,0.67258,0.129396,0.358433,-0.634365
0.8387134075164795,0.0,0.0,0.0,0.0,0.0,0.0,0.141912,0.402946,0.481918,0.20341,0.621608,0.630937,-0.417307,0.00919293,0.278814,0.043053,0.67258,0.129396,0.358433,-0.634365
0.8549849987030029,0.0,0.0,0.0,0.0,0.0,0.0,0.141931,0.402922,0.481942,0.202727,0.621107,0.631586,-0.417405,0.00918017,0.278823,0.0430614,0.672443,0.129384,0.358259,-0.63461
0.8550999164581299,0.0,0.0,0.0,0.0,0.0,0.0,0.141931,0.402922,0.481942,0.202727,0.621107,0.631586,-0.417405,0.00918017,0.278823,0.0430614,0.672443,0.129384,0.358259,-0.63461
0.8716166019439697,0.0,0.0,0.0,0.0,0.0,0.0,0.14193,0.402917,0.481942,0.202716,0.621139,0.63156,-0.417402,0.00919255,0.278812,0.0430578,0.672708,0.129552,0.358345,-0.634247
0.8717272281646729,0.0,0.0,0.0,0.0,0.0,0.0,0.14193,0.402917,0.481942,0.202716,0.621139,0.63156,-0.417402,0.00919255,0.278812,0.0430578,0.672708,0.129552,0.358345,-0.634247
0.8887205123901367,0.0,0.0,0.0,0.0,0.0,0.0,0.141929,0.402918,0.481943,0.202732,0.621107,0.631569,-0.417427,0.00918169,0.278792,0.0430018,0.673025,0.130121,0.35811,-0.633926
0.8888359069824219,0.0,0.0,0.0,0.0,0.0,0.0,0.141929,0.402918,0.481943,0.202732,0.621107,0.631569,-0.417427,0.00918169,0.278792,0.0430018,0.673025,0.130121,0.35811,-0.633926
0.9084417819976807,0.0,0.0,0.0,0.0,0.0,0.0,0.14193,0.402917,0.481942,0.20274,0.621107,0.631565,-0.41743,0.0091903,0.278812,0.0430523,0.672572,0.129379,0.358464,-0.63436
0.9085509777069092,0.0,0.0,0.0,0.0,0.0,0.0,0.14193,0.402917,0.481942,0.20274,0.621107,0.631565,-0.41743,0.0091903,0.278812,0.0430523,0.672572,0.129379,0.358464,-0.63436
0.9386110305786133,0.0,0.0,0.0,0.0,0.0,0.0,0.141931,0.40292,0.481942,0.20272,0.621119,0.63155,-0.417445,0.00917828,0.278824,0.043067,0.672517,0.129574,0.358155,-0.634552
0.938725471496582,0.0,0.0,0.0,0.0,0.0,0.0,0.141931,0.40292,0.481942,0.20272,0.621119,0.63155,-0.417445,0.00917828,0.278824,0.043067,0.672517,0.129574,0.358155,-0.634552
0.9552357196807861,0.0,0.0,0.0,0.0,0.0,0.0,0.14191,0.402942,0.481917,0.203392,0.621619,0.630886,-0.417378,0.00917912,0.278793,0.0430024,0.673,0.130142,0.358104,-0.633952
0.9553506374359131,0.0,0.0,0.0,0.0,0.0,0.0,0.14191,0.402942,0.481917,0.203392,0.621619,0.630886,-0.417378,0.00917912,0.278793,0.0430024,0.673,0.130142,0.358104,-0.633952
0.9719758033752441,0.0,0.0,0.0,0.0,0.0,0.0,0.141933,0.402921,0.481943,0.202749,0.621135,0.631557,-0.417396,0.00906897,0.278725,0.043157,0.671795,0.129387,0.355286,-0.636963
0.9720995426177979,0.0,0.0,0.0,0.0,0.0,0.0,0.141933,0.402921,0.481943,0.202749,0.621135,0.631557,-0.417396,0.00906897,0.278725,0.043157,0.671795,0.129387,0.355286,-0.636963
0.9886553287506104,0.0,0.0,0.0,0.0,0.0,0.0,0.14193,0.402917,0.481942,0.202782,0.621112,0.631563,-0.417406,0.00916831,0.278803,0.0430182,0.672961,0.130351,0.357858,-0.634089
0.9887707233428955,0.0,0.0,0.0,0.0,0.0,0.0,0.14193,0.402917,0.481942,0.202782,0.621112,0.631563,-0.417406,0.00916831,0.278803,0.0430182,0.672961,0.130351,0.357858,-0.634089
1.0218908786773682,0.0,0.0,0.0,0.0,0.0,0.0,0.141931,0.402918,0.481943,0.202746,0.621107,0.631584,-0.417398,0.00919555,0.278817,0.0430679,0.672743,0.129505,0.358288,-0.634251
1.0220153331756592,0.0,0.0,0.0,0.0,0.0,0.0,0.141931,0.402918,0.481943,0.202746,0.621107,0.631584,-0.417398,0.00919555,0.278817,0.0430679,0.672743,0.129505,0.358288,-0.634251
1.0386896133422852,0.0,0.0,0.0,0.0,0.0,0.0,0.141931,0.402919,0.481944,0.202705,0.621119,0.631573,-0.417417,0.00918392,0.278801,0.04302,0.673161,0.130344,0.35798,-0.63381
1.0388062000274658,0.0,0.0,0.0,0.0,0.0,0.0,0.141931,0.402919,0.481944,0.202705,0.621119,0.631573,-0.417417,0.00918392,0.278801,0.04302,0.673161,0.130344,0.35798,-0.63381
1.0550155639648438,0.0,0.0,0.0,0.0,0.0,0.0,0.14193,0.402878,0.481971,0.207115,0.618655,0.629512,-0.422001,0.00919212,0.278813,0.0430546,0.672576,0.129367,0.358452,-0.634364
1.0551271438598633,0.0,0.0,0.0,0.0,0.0,0.0,0.14193,0.402878,0.481971,0.207115,0.618655,0.629512,-0.422001,0.00919212,0.278813,0.0430546,0.672576,0.129367,0.358452,-0.634364
1.0720293521881104,0.0,0.0,0.0,0.0,0.0,0.0,0.141931,0.402919,0.481942,0.202722,0.62113,0.631557,-0.417418,0.00919258,0.278811,0.0430567,0.672709,0.129559,0.358372,-0.634229
1.0721406936645508,0.0,0.0,0.0,0.0,0.0,0.0,0.141931,0.402919,0.481942,0.202722,0.62113,0.631557,-0.417418,0.00919258,0.278811,0.0430567,0.672709,0.129559,0.358372,-0.634229
1.0887835025787354,0.0,0.0,0.0,0.0,0.0,0.0,0.141931,0.40292,0.481944,0.202701,0.621136,0.63158,-0.417383,0.00919993,0.278809,0.0430109,0.673484,0.130652,0.358023,-0.633379
1.0889074802398682,0.0,0.0,0.0,0.0,0.0,0.0,0.141931,0.40292,0.481944,0.202701,0.621136,0.63158,-0.417383,0.00919993,0.278809,0.0430109,0.673484,0.130652,0.358023,-0.633379
1.1219770908355713,0.0,0.0,0.0,0.0,0.0,0.0,0.14193,0.402919,0.481943,0.202716,0.621126,0.631545,-0.417444,0.0091688,0.278803,0.0430167,0.672984,0.130355,0.357872,-0.634057
1.1220967769622803,0.0,0.0,0.0,0.0,0.0,0.0,0.14193,0.402919,0.481943,0.202716,0.621126,0.631545,-0.417444,0.0091688,0.278803,0.0430167,0.672984,0.130355,0.357872,-0.634057
1.138658046722412,0.0,0.0,0.0,0.0,0.0,0.0,0.141932,0.402962,0.481903,0.20345,0.621929,0.630394,-0.417631,0.00918367,0.278794,0.0430011,0.673036,0.130145,0.358107,-0.633911
1.1387724876403809,0.0,0.0,0.0,0.0,0.0,0.0,0.141932,0.402962,0.481903,0.20345,0.621929,0.630394,-0.417631,0.00918367,0.278794,0.0430011,0.673036,0.130145,0.358107,-0.633911
1.1552734375,0.0,0.0,0.0,0.0,0.0,0.0,0.141929,0.402916,0.48194,0.202782,0.621065,0.631591,-0.417432,0.00919184,0.278815,0.0430512,0.672581,0.129419,0.358452,-0.634349
1.1553902626037598,0.0,0.0,0.0,0.0,0.0,0.0,0.141929,0.402916,0.48194,0.202782,0.621065,0.631591,-0.417432,0.00919184,0.278815,0.0430512,0.672581,0.129419,0.358452,-0.634349
1.1792747974395752,0.0,0.0,0.0,0.0,0.0,0.0,0.141911,0.402945,0.481916,0.203461,0.621565,0.630911,-0.417387,0.00916833,0.278805,0.0430158,0.672979,0.130366,0.357858,-0.634067
1.1793856620788574,0.0,0.0,0.0,0.0,0.0,0.0,0.141911,0.402945,0.481916,0.203461,0.621565,0.630911,-0.417387,0.00916833,0.278805,0.0430158,0.672979,0.130366,0.357858,-0.634067
1.1926467418670654,0.0,0.0,0.0,0.0,0.0,0.0,0.14193,0.40292,0.481942,0.202739,0.621113,0.631569,-0.417416,0.00919153,0.278814,0.0430558,0.672688,0.129577,0.358356,-0.634257
1.1927549839019775,0.0,0.0,0.0,0.0,0.0,0.0,0.14193,0.40292,0.481942,0.202739,0.621113,0.631569,-0.417416,0.00919153,0.278814,0.0430558,0.672688,0.129577,0.358356,-0.634257
1.2219548225402832,0.0,0.0,0.0,0.0,0.0,0.0,0.141931,0.402919,0.481944,0.202733,0.621122,0.631551,-0.417434,0.00918178,0.278789,0.0430032,0.673051,0.130137,0.358074,-0.633916
1.2220768928527832,0.0,0.0,0.0,0.0,0.0,0.0,0.141931,0.402919,0.481944,0.202733,0.621122,0.631551,-0.417434,0.00918178,0.278789,0.0430032,0.673051,0.130137,0.358074,-0.633916
1.2386574745178223,0.0,0.0,0.0,0.0,0.0,0.0,0.141932,0.402919,0.481943,0.202756,0.621094,0.631567,-0.417438,0.00916951,0.278804,0.0430109,0.672878,0.130137,0.357915,-0.634189
1.2387702465057373,0.0,0.0,0.0,0.0,0.0,0.0,0.141932,0.402919,0.481943,0.202756,0.621094,0.631567,-0.417438,0.00916951,0.278804,0.0430109,0.672878,0.130137,0.357915,-0.634189
1.2551660537719727,0.0,0.0,0.0,0.0,0.0,0.0,0.141931,0.402917,0.481942,0.202798,0.621095,0.631569,-0.417414,0.00917908,0.27882,0.043063,0.672435,0.129357,0.358273,-0.634617
1.2552781105041504,0.0,0.0,0.0,0.0,0.0,0.0,0.141931,0.402917,0.481942,0.202798,0.621095,0.631569,-0.417414,0.00917908,0.27882,0.043063,0.672435,0.129357,0.358273,-0.634617
1.2720837593078613,0.0,0.0,0.0,0.0,0.0,0.0,0.141931,0.402919,0.481944,0.202769,0.621093,0.63157,-0.417429,0.00917989,0.278821,0.0430671,0.672556,0.129536,0.358199,-0.634494
1.272202968597412,0.0,0.0,0.0,0.0,0.0,0.0,0.141931,0.402919,0.481944,0.202769,0.621093,0.63157,-0.417429,0.00917989,0.278821,0.0430671,0.672556,0.129536,0.358199,-0.634494
1.288280963897705,0.0,0.0,0.0,0.0,0.0,0.0,0.14193,0.402919,0.481944,0.202693,0.621099,0.63159,-0.417428,0.00919486,0.278814,0.0430581,0.672713,0.129572,0.358381,-0.634217
1.2883970737457275,0.0,0.0,0.0,0.0,0.0,0.0,0.14193,0.402919,0.481944,0.202693,0.621099,0.63159,-0.417428,0.00919486,0.278814,0.0430581,0.672713,0.129572,0.358381,-0.634217
1.3220012187957764,0.0,0.0,0.0,0.0,0.0,0.0,0.14193,0.402919,0.481943,0.20276,0.621102,0.631582,-0.417403,0.00919265,0.278814,0.0430572,0.672702,0.129584,0.358351,-0.634243
1.3221254348754883,0.0,0.0,0.0,0.0,0.0,0.0,0.14193,0.402919,0.481943,0.20276,0.621102,0.631582,-0.417403,0.00919265,0.278814,0.0430572,0.672702,0.129584,0.358351,-0.634243
1.338564157485962,0.0,0.0,0.0,0.0,0.0,0.0,0.14193,0.402877,0.481971,0.20713,0.618656,0.629502,-0.422005,0.0091827,0.278795,0.0430083,0.673137,0.130395,0.358032,-0.633796
1.3386778831481934,0.0,0.0,0.0,0.0,0.0,0.0,0.14193,0.402877,0.481971,0.20713,0.618656,0.629502,-0.422005,0.0091827,0.278795,0.0430083,0.673137,0.130395,0.358032,-0.633796
1.3691089153289795,0.0,0.0,0.0,0.0,0.0,0.0,0.14191,0.402945,0.481918,0.203394,0.621595,0.630894,-0.417401,0.00918159,0.278792,0.0430025,0.673026,0.130142,0.358092,-0.633932
1.3693666458129883,0.0,0.0,0.0,0.0,0.0,0.0,0.14191,0.402945,0.481918,0.203394,0.621595,0.630894,-0.417401,0.00918159,0.278792,0.0430025,0.673026,0.130142,0.358092,-0.633932
1.3881332874298096,0.0,0.0,0.0,0.0,0.0,0.0,0.141931,0.402919,0.481941,0.202728,0.621094,0.631566,-0.417454,0.00916946,0.278803,0.0430158,0.672981,0.130376,0.357853,-0.634066
1.3882839679718018,0.0,0.0,0.0,0.0,0.0,0.0,0.141931,0.402919,0.481941,0.202728,0.621094,0.631566,-0.417454,0.00916946,0.278803,0.0430158,0.672981,0.130376,0.357853,-0.634066
1.4025859832763672,0.0,0.0,0.0,0.0,0.0,0.0,0.14193,0.402919,0.481943,0.202746,0.621099,0.631558,-0.417449,0.00918331,0.278794,0.0430086,0.673148,0.130376,0.358049,-0.633778
1.402714490890503,0.0,0.0,0.0,0.0,0.0,0.0,0.14193,0.402919,0.481943,0.202746,0.621099,0.631558,-0.417449,0.00918331,0.278794,0.0430086,0.673148,0.130376,0.358049,-0.633778
1.4160888195037842,0.0,0.0,0.0,0.0,0.0,0.0,0.141932,0.402921,0.481944,0.202729,0.621121,0.631584,-0.417387,0.00918031,0.278823,0.0430682,0.672543,0.129543,0.358182,-0.634515
1.4162027835845947,0.0,0.0,0.0,0.0,0.0,0.0,0.141932,0.402921,0.481944,0.202729,0.621121,0.631584,-0.417387,0.00918031,0.278823,0.0430682,0.672543,0.129543,0.358182,-0.634515
1.4300405979156494,0.0,0.0,0.0,0.0,0.0,0.0,0.141931,0.402919,0.481942,0.2027,0.62113,0.63155,-0.417438,0.00918393,0.278794,0.0430066,0.673145,0.130401,0.35802,-0.633793
1.4301483631134033,0.0,0.0,0.0,0.0,0.0,0.0,0.141931,0.402919,0.481942,0.2027,0.62113,0.63155,-0.417438,0.00918393,0.278794,0.0430066,0.673145,0.130401,0.35802,-0.633793
1.4571423530578613,0.0,0.0,0.0,0.0,0.0,0.0,0.141932,0.402921,0.481943,0.20276,0.621127,0.631572,-0.417382,0.00918354,0.278798,0.0430155,0.673046,0.130088,0.35806,-0.63394
1.457251787185669,0.0,0.0,0.0,0.0,0.0,0.0,0.141932,0.402921,0.481943,0.20276,0.621127,0.631572,-0.417382,0.00918354,0.278798,0.0430155,0.673046,0.130088,0.35806,-0.63394
1.471581220626831,0.0,0.0,0.0,0.0,0.0,0.0,0.141931,0.402918,0.481943,0.202754,0.621106,0.631571,-0.417416,0.00916674,0.278802,0.0430132,0.672869,0.130098,0.357955,-0.634185
1.471691370010376,0.0,0.0,0.0,0.0,0.0,0.0,0.141931,0.402918,0.481943,0.202754,0.621106,0.631571,-0.417416,0.00916674,0.278802,0.0430132,0.672869,0.130098,0.357955,-0.634185
1.4884066581726074,0.0,0.0,0.0,0.0,0.0,0.0,0.141931,0.402919,0.481943,0.202724,0.621138,0.631564,-0.417393,0.00916917,0.278804,0.0430182,0.672964,0.130355,0.35787,-0.634079
1.4885156154632568,0.0,0.0,0.0,0.0,0.0,0.0,0.141931,0.402919,0.481943,0.202724,0.621138,0.631564,-0.417393,0.00916917,0.278804,0.0430182,0.672964,0.130355,0.35787,-0.634079
1.509260892868042,0.0,0.0,0.0,0.0,0.0,0.0,0.141908,0.402902,0.481946,0.207799,0.619144,0.628833,-0.42196,0.00919191,0.278813,0.0430593,0.672702,0.129561,0.358369,-0.634238
1.5093677043914795,0.0,0.0,0.0,0.0,0.0,0.0,0.141908,0.402902,0.481946,0.207799,0.619144,0.628833,-0.42196,0.00919191,0.278813,0.0430593,0.672702,0.129561,0.358369,-0.634238
1.555999755859375,0.0,0.0,0.0,0.0,0.0,0.0,0.141932,0.402961,0.481906,0.203447,0.62194,0.630367,-0.417658,0.00918283,0.278794,0.0430109,0.673135,0.130378,0.358018,-0.633809
1.5564870834350586,0.0,0.0,0.0,0.0,0.0,0.0,0.141932,0.402961,0.481906,0.203447,0.62194,0.630367,-0.417658,0.00918283,0.278794,0.0430109,0.673135,0.130378,0.358018,-0.633809
1.5818202495574951,0.0,0.0,0.0,0.0,0.0,0.0,0.141913,0.402948,0.48192,0.203411,0.621604,0.630901,-0.417369,0.00919535,0.278815,0.0430613,0.672695,0.129564,0.358335,-0.634264
1.5819933414459229,0.0,0.0,0.0,0.0,0.0,0.0,0.141913,0.402948,0.48192,0.203411,0.621604,0.630901,-0.417369,0.00919535,0.278815,0.0430613,0.672695,0.129564,0.358335,-0.634264
1.605285406112671,0.0,0.0,0.0,0.0,0.0,0.0,0.14193,0.402917,0.481943,0.202731,0.621116,0.631573,-0.41741,0.00919365,0.278813,0.0430573,0.67271,0.129573,0.358317,-0.634256
1.6053991317749023,0.0,0.0,0.0,0.0,0.0,0.0,0.14193,0.402917,0.481943,0.202731,0.621116,0.631573,-0.41741,0.00919365,0.278813,0.0430573,0.67271,0.129573,0.358317,-0.634256
1.6226847171783447,0.0,0.0,0.0,0.0,0.0,0.0,0.141931,0.40292,0.481942,0.202708,0.621112,0.631583,-0.417412,0.00918513,0.278796,0.0430077,0.673147,0.130388,0.358021,-0.633792
1.622802495956421,0.0,0.0,0.0,0.0,0.0,0.0,0.141931,0.40292,0.481942,0.202708,0.621112,0.631583,-0.417412,0.00918513,0.278796,0.0430077,0.673147,0.130388,0.358021,-0.633792
1.6383898258209229,0.0,0.0,0.0,0.0,0.0,0.0,0.141931,0.402917,0.481944,0.202731,0.621119,0.631566,-0.417416,0.00916808,0.278802,0.0430123,0.672864,0.130141,0.357919,-0.634201
1.638498306274414,0.0,0.0,0.0,0.0,0.0,0.0,0.141931,0.402917,0.481944,0.202731,0.621119,0.631566,-0.417416,0.00916808,0.278802,0.0430123,0.672864,0.130141,0.357919,-0.634201
1.6591479778289795,0.0,0.0,0.0,0.0,0.0,0.0,0.14193,0.402962,0.481903,0.203458,0.621939,0.630355,-0.417671,0.00919441,0.278815,0.0430579,0.672706,0.12957,0.358355,-0.63424
1.6592564582824707,0.0,0.0,0.0,0.0,0.0,0.0,0.14193,0.402962,0.481903,0.203458,0.621939,0.630355,-0.417671,0.00919441,0.278815,0.0430579,0.672706,0.12957,0.358355,-0.63424
1.688577651977539,0.0,0.0,0.0,0.0,0.0,0.0,0.14193,0.402919,0.481944,0.202749,0.621122,0.631553,-0.417423,0.00918117,0.278793,0.0430033,0.673008,0.130158,0.358101,-0.633942
1.6886944770812988,0.0,0.0,0.0,0.0,0.0,0.0,0.14193,0.402919,0.481944,0.202749,0.621122,0.631553,-0.417423,0.00918117,0.278793,0.0430033,0.673008,0.130158,0.358101,-0.633942
1.7051775455474854,0.0,0.0,0.0,0.0,0.0,0.0,0.14191,0.402905,0.481946,0.207793,0.619171,0.628821,-0.42194,0.00918297,0.278797,0.0430062,0.673141,0.130372,0.358063,-0.633779
1.7052903175354004,0.0,0.0,0.0,0.0,0.0,0.0,0.14191,0.402905,0.481946,0.207793,0.619171,0.628821,-0.42194,0.00918297,0.278797,0.0430062,0.673141,0.130372,0.358063,-0.633779
1.721893548965454,0.0,0.0,0.0,0.0,0.0,0.0,0.141931,0.402919,0.481943,0.202734,0.621091,0.631582,-0.417432,0.00918251,0.278825,0.0430713,0.672469,0.129348,0.358195,-0.634626
1.7220098972320557,0.0,0.0,0.0,0.0,0.0,0.0,0.141931,0.402919,0.481943,0.202734,0.621091,0.631582,-0.417432,0.00918251,0.278825,0.0430713,0.672469,0.129348,0.358195,-0.634626
1.7387404441833496,0.0,0.0,0.0,0.0,0.0,0.0,0.141931,0.402922,0.481943,0.202759,0.621123,0.631563,-0.417401,0.00917994,0.278823,0.0430638,0.672436,0.129358,0.358282,-0.63461
1.7388544082641602,0.0,0.0,0.0,0.0,0.0,0.0,0.141931,0.402922,0.481943,0.202759,0.621123,0.631563,-0.417401,0.00917994,0.278823,0.0430638,0.672436,0.129358,0.358282,-0.63461
1.766355276107788,0.0,0.0,0.0,0.0,0.0,0.0,0.141932,0.402917,0.481942,0.202727,0.621125,0.631554,-0.417426,0.00916974,0.278804,0.0430175,0.672991,0.130344,0.357861,-0.634058
1.7666254043579102,0.0,0.0,0.0,0.0,0.0,0.0,0.141932,0.402917,0.481942,0.202727,0.621125,0.631554,-0.417426,0.00916974,0.278804,0.0430175,0.672991,0.130344,0.357861,-0.634058
1.7924549579620361,0.0,0.0,0.0,0.0,0.0,0.0,0.141931,0.402919,0.481942,0.202736,0.621103,0.631558,-0.417448,0.0091821,0.278794,0.0430024,0.67302,0.130149,0.358127,-0.633917
1.7927298545837402,0.0,0.0,0.0,0.0,0.0,0.0,0.141931,0.402919,0.481942,0.202736,0.621103,0.631558,-0.417448,0.0091821,0.278794,0.0430024,0.67302,0.130149,0.358127,-0.633917
1.812863826751709,0.0,0.0,0.0,0.0,0.0,0.0,0.141929,0.402917,0.481942,0.202727,0.621117,0.631563,-0.417425,0.00919229,0.278814,0.0430523,0.672578,0.129397,0.358462,-0.63435
1.8130221366882324,0.0,0.0,0.0,0.0,0.0,0.0,0.141929,0.402917,0.481942,0.202727,0.621117,0.631563,-0.417425,0.00919229,0.278814,0.0430523,0.672578,0.129397,0.358462,-0.63435
1.829362392425537,0.0,0.0,0.0,0.0,0.0,0.0,0.141911,0.402947,0.481919,0.203414,0.621622,0.630922,-0.417308,0.00917099,0.278804,0.0430121,0.672878,0.130139,0.357954,-0.634167
1.8294966220855713,0.0,0.0,0.0,0.0,0.0,0.0,0.141911,0.402947,0.481919,0.203414,0.621622,0.630922,-0.417308,0.00917099,0.278804,0.0430121,0.672878,0.130139,0.357954,-0.634167
1.8436083793640137,0.0,0.0,0.0,0.0,0.0,0.0,0.14191,0.402944,0.481917,0.203461,0.621627,0.63086,-0.417372,0.00917998,0.27882,0.043063,0.672442,0.129356,0.358256,-0.634619
1.8437156677246094,0.0,0.0,0.0,0.0,0.0,0.0,0.14191,0.402944,0.481917,0.203461,0.621627,0.63086,-0.417372,0.00917998,0.27882,0.043063,0.672442,0.129356,0.358256,-0.634619
1.8739755153656006,0.0,0.0,0.0,0.0,0.0,0.0,0.141929,0.402879,0.481972,0.207131,0.618649,0.629549,-0.421946,0.00919367,0.278816,0.043054,0.672581,0.129402,0.358469,-0.634342
1.874096393585205,0.0,0.0,0.0,0.0,0.0,0.0,0.141929,0.402879,0.481972,0.207131,0.618649,0.629549,-0.421946,0.00919367,0.278816,0.043054,0.672581,0.129402,0.358469,-0.634342
1.8885321617126465,0.0,0.0,0.0,0.0,0.0,0.0,0.141912,0.402945,0.481918,0.203418,0.621618,0.630875,-0.417383,0.00918116,0.278796,0.0430076,0.673127,0.130387,0.358029,-0.633809
1.8886466026306152,0.0,0.0,0.0,0.0,0.0,0.0,0.141912,0.402945,0.481918,0.203418,0.621618,0.630875,-0.417383,0.00918116,0.278796,0.0430076,0.673127,0.130387,0.358029,-0.633809
1.9053943157196045,0.0,0.0,0.0,0.0,0.0,0.0,0.141931,0.40292,0.481943,0.202743,0.621098,0.631571,-0.417434,0.00918394,0.278793,0.0430029,0.673057,0.130134,0.358096,-0.633898
1.9055097103118896,0.0,0.0,0.0,0.0,0.0,0.0,0.141931,0.40292,0.481943,0.202743,0.621098,0.631571,-0.417434,0.00918394,0.278793,0.0430029,0.673057,0.130134,0.358096,-0.633898
1.921950340270996,0.0,0.0,0.0,0.0,0.0,0.0,0.141911,0.402944,0.481916,0.203469,0.621598,0.630884,-0.417374,0.00919261,0.278811,0.0430545,0.672601,0.129374,0.358449,-0.634338
1.9220678806304932,0.0,0.0,0.0,0.0,0.0,0.0,0.141911,0.402944,0.481916,0.203469,0.621598,0.630884,-0.417374,0.00919261,0.278811,0.0430545,0.672601,0.129374,0.358449,-0.634338
1.938706636428833,0.0,0.0,0.0,0.0,0.0,0.0,0.14191,0.402946,0.481917,0.203416,0.621603,0.630889,-0.417385,0.00918213,0.278821,0.0430661,0.672568,0.129554,0.358191,-0.634481
1.9388186931610107,0.0,0.0,0.0,0.0,0.0,0.0,0.14191,0.402946,0.481917,0.203416,0.621603,0.630889,-0.417385,0.00918213,0.278821,0.0430661,0.672568,0.129554,0.358191,-0.634481
1.9590344429016113,0.0,0.0,0.0,0.0,0.0,0.0,0.141947,0.402934,0.481929,0.202754,0.621451,0.631013,-0.417746,0.00919335,0.278811,0.0430535,0.672592,0.129391,0.358436,-0.634351
1.959141492843628,0.0,0.0,0.0,0.0,0.0,0.0,0.141947,0.402934,0.481929,0.202754,0.621451,0.631013,-0.417746,0.00919335,0.278811,0.0430535,0.672592,0.129391,0.358436,-0.634351
2.0059926509857178,0.0,0.0,0.0,0.0,0.0,0.0,0.14193,0.402919,0.481943,0.202735,0.621101,0.631565,-0.417442,0.00918321,0.278795,0.043008,0.673151,0.130372,0.358044,-0.633779
2.006495237350464,0.0,0.0,0.0,0.0,0.0,0.0,0.14193,0.402919,0.481943,0.202735,0.621101,0.631565,-0.417442,0.00918321,0.278795,0.043008,0.673151,0.130372,0.358044,-0.633779
2.028651475906372,0.0,0.0,0.0,0.0,0.0,0.0,0.141929,0.402919,0.481943,0.202726,0.621118,0.631566,-0.417419,0.00918163,0.278793,0.0430087,0.673109,0.130395,0.358029,-0.633827
2.0287981033325195,0.0,0.0,0.0,0.0,0.0,0.0,0.141929,0.402919,0.481943,0.202726,0.621118,0.631566,-0.417419,0.00918163,0.278793,0.0430087,0.673109,0.130395,0.358029,-0.633827
2.0551185607910156,0.0,0.0,0.0,0.0,0.0,0.0,0.141931,0.402918,0.481942,0.202697,0.6211,0.631582,-0.417435,0.00919574,0.278813,0.0430583,0.67268,0.129583,0.358327,-0.634281
2.0552332401275635,0.0,0.0,0.0,0.0,0.0,0.0,0.141931,0.402918,0.481942,0.202697,0.6211,0.631582,-0.417435,0.00919574,0.278813,0.0430583,0.67268,0.129583,0.358327,-0.634281
2.0720794200897217,0.0,0.0,0.0,0.0,0.0,0.0,0.141911,0.402945,0.481918,0.203448,0.621584,0.630897,-0.417386,0.00918042,0.278819,0.0430705,0.672542,0.129524,0.358149,-0.634539
2.072192668914795,0.0,0.0,0.0,0.0,0.0,0.0,0.141911,0.402945,0.481918,0.203448,0.621584,0.630897,-0.417386,0.00918042,0.278819,0.0430705,0.672542,0.129524,0.358149,-0.634539
2.088655471801758,0.0,0.0,0.0,0.0,0.0,0.0,0.14193,0.402917,0.481941,0.202714,0.621115,0.631569,-0.417424,0.00918368,0.278799,0.0430174,0.673153,0.130338,0.357989,-0.633815
2.088771104812622,0.0,0.0,0.0,0.0,0.0,0.0,0.14193,0.402917,0.481941,0.202714,0.621115,0.631569,-0.417424,0.00918368,0.278799,0.0430174,0.673153,0.130338,0.357989,-0.633815
2.1219735145568848,0.0,0.0,0.0,0.0,0.0,0.0,0.141911,0.402946,0.481917,0.203431,0.621607,0.630907,-0.417345,0.00916816,0.278805,0.0430191,0.672975,0.130329,0.357865,-0.634075
2.1220967769622803,0.0,0.0,0.0,0.0,0.0,0.0,0.141911,0.402946,0.481917,0.203431,0.621607,0.630907,-0.417345,0.00916816,0.278805,0.0430191,0.672975,0.130329,0.357865,-0.634075
2.139162302017212,0.0,0.0,0.0,0.0,0.0,0.0,0.141929,0.402916,0.481942,0.202751,0.621097,0.631558,-0.417451,0.00919252,0.278815,0.0430571,0.672697,0.129572,0.35838,-0.634235
2.1392910480499268,0.0,0.0,0.0,0.0,0.0,0.0,0.141929,0.402916,0.481942,0.202751,0.621097,0.631558,-0.417451,0.00919252,0.278815,0.0430571,0.672697,0.129572,0.35838,-0.634235
2.155377149581909,0.0,0.0,0.0,0.0,0.0,0.0,0.141911,0.402945,0.481918,0.20343,0.621631,0.63087,-0.417364,0.00919808,0.278808,0.0430099,0.673489,0.130656,0.358036,-0.633365
2.1554903984069824,0.0,0.0,0.0,0.0,0.0,0.0,0.141911,0.402945,0.481918,0.20343,0.621631,0.63087,-0.417364,0.00919808,0.278808,0.0430099,0.673489,0.130656,0.358036,-0.633365
2.172051191329956,0.0,0.0,0.0,0.0,0.0,0.0,0.141931,0.402918,0.481941,0.202769,0.6211,0.6316,-0.417374,0.0091714,0.278803,0.0430117,0.672904,0.130122,0.357913,-0.634166
2.1721675395965576,0.0,0.0,0.0,0.0,0.0,0.0,0.141931,0.402918,0.481941,0.202769,0.6211,0.6316,-0.417374,0.0091714,0.278803,0.0430117,0.672904,0.130122,0.357913,-0.634166
2.1888070106506348,0.0,0.0,0.0,0.0,0.0,0.0,0.141931,0.402918,0.481943,0.202717,0.621123,0.631573,-0.417405,0.00918315,0.278796,0.0430134,0.673056,0.130096,0.358057,-0.633929
2.188922166824341,0.0,0.0,0.0,0.0,0.0,0.0,0.141931,0.402918,0.481943,0.202717,0.621123,0.631573,-0.417405,0.00918315,0.278796,0.0430134,0.673056,0.130096,0.358057,-0.633929
2.20644474029541,0.0,0.0,0.0,0.0,0.0,0.0,0.141931,0.402919,0.481941,0.202762,0.621086,0.631596,-0.417404,0.00918262,0.278795,0.0430018,0.673025,0.130143,0.358107,-0.633924
2.206554651260376,0.0,0.0,0.0,0.0,0.0,0.0,0.141931,0.402919,0.481941,0.202762,0.621086,0.631596,-0.417404,0.00918262,0.278795,0.0430018,0.673025,0.130143,0.358107,-0.633924
2.2258923053741455,0.0,0.0,0.0,0.0,0.0,0.0,0.14193,0.402918,0.481944,0.202681,0.621138,0.631583,-0.417387,0.00917547,0.278832,0.0430395,0.672369,0.130003,0.358128,-0.634637
2.2259974479675293,0.0,0.0,0.0,0.0,0.0,0.0,0.14193,0.402918,0.481944,0.202681,0.621138,0.631583,-0.417387,0.00917547,0.278832,0.0430395,0.672369,0.130003,0.358128,-0.634637
2.255096435546875,0.0,0.0,0.0,0.0,0.0,0.0,0.14193,0.402918,0.481941,0.202732,0.621129,0.631584,-0.417374,0.00918438,0.278795,0.043006,0.673152,0.130366,0.358035,-0.633784
2.2552099227905273,0.0,0.0,0.0,0.0,0.0,0.0,0.14193,0.402918,0.481941,0.202732,0.621129,0.631584,-0.417374,0.00918438,0.278795,0.043006,0.673152,0.130366,0.358035,-0.633784
2.272125005722046,0.0,0.0,0.0,0.0,0.0,0.0,0.14193,0.402918,0.481941,0.202749,0.621103,0.631574,-0.417419,0.00918345,0.278795,0.0430077,0.673163,0.130372,0.35803,-0.633774
2.2722387313842773,0.0,0.0,0.0,0.0,0.0,0.0,0.14193,0.402918,0.481941,0.202749,0.621103,0.631574,-0.417419,0.00918345,0.278795,0.0430077,0.673163,0.130372,0.35803,-0.633774
2.2882094383239746,0.0,0.0,0.0,0.0,0.0,0.0,0.141911,0.402945,0.481916,0.203433,0.621611,0.630909,-0.417335,0.00918236,0.278792,0.0430016,0.673036,0.13013,0.358097,-0.633921
2.2883217334747314,0.0,0.0,0.0,0.0,0.0,0.0,0.141911,0.402945,0.481916,0.203433,0.621611,0.630909,-0.417335,0.00918236,0.278792,0.0430016,0.673036,0.13013,0.358097,-0.633921
2.3220832347869873,0.0,0.0,0.0,0.0,0.0,0.0,0.141929,0.402918,0.48194,0.202719,0.621102,0.631588,-0.417413,0.00917916,0.278822,0.0430625,0.672423,0.129384,0.358258,-0.634633
2.3221888542175293,0.0,0.0,0.0,0.0,0.0,0.0,0.141929,0.402918,0.48194,0.202719,0.621102,0.631588,-0.417413,0.00917916,0.278822,0.0430625,0.672423,0.129384,0.358258,-0.634633
2.3383407592773438,0.0,0.0,0.0,0.0,0.0,0.0,0.141928,0.402917,0.481941,0.202721,0.621102,0.631595,-0.417402,0.00919021,0.278813,0.0430519,0.67258,0.129383,0.358472,-0.634345
2.3384456634521484,0.0,0.0,0.0,0.0,0.0,0.0,0.141928,0.402917,0.481941,0.202721,0.621102,0.631595,-0.417402,0.00919021,0.278813,0.0430519,0.67258,0.129383,0.358472,-0.634345
2.355226755142212,0.0,0.0,0.0,0.0,0.0,0.0,0.14193,0.402918,0.481942,0.202708,0.621097,0.631599,-0.41741,0.00918146,0.278793,0.043003,0.673036,0.13012,0.358112,-0.633915
2.3553333282470703,0.0,0.0,0.0,0.0,0.0,0.0,0.14193,0.402918,0.481942,0.202708,0.621097,0.631599,-0.41741,0.00918146,0.278793,0.043003,0.673036,0.13012,0.358112,-0.633915
2.3718464374542236,0.0,0.0,0.0,0.0,0.0,0.0,0.14191,0.402945,0.481915,0.20346,0.621572,0.630918,-0.417367,0.00918922,0.27881,0.0430327,0.672715,0.128962,0.358153,-0.634468
2.371950387954712,0.0,0.0,0.0,0.0,0.0,0.0,0.14191,0.402945,0.481915,0.20346,0.621572,0.630918,-0.417367,0.00918922,0.27881,0.0430327,0.672715,0.128962,0.358153,-0.634468
2.3882899284362793,0.0,0.0,0.0,0.0,0.0,0.0,0.141911,0.402944,0.481916,0.2034,0.621628,0.630879,-0.417371,0.00919276,0.278811,0.043054,0.672594,0.129364,0.358446,-0.634349
2.388397455215454,0.0,0.0,0.0,0.0,0.0,0.0,0.141911,0.402944,0.481916,0.2034,0.621628,0.630879,-0.417371,0.00919276,0.278811,0.043054,0.672594,0.129364,0.358446,-0.634349
2.4217910766601562,0.0,0.0,0.0,0.0,0.0,0.0,0.141911,0.402945,0.481915,0.203424,0.621618,0.630914,-0.417321,0.00919226,0.278815,0.0430513,0.672595,0.129404,0.358458,-0.634333
2.421903610229492,0.0,0.0,0.0,0.0,0.0,0.0,0.141911,0.402945,0.481915,0.203424,0.621618,0.630914,-0.417321,0.00919226,0.278815,0.0430513,0.672595,0.129404,0.358458,-0.634333
2.4384100437164307,0.0,0.0,0.0,0.0,0.0,0.0,0.14193,0.402918,0.48194,0.202728,0.621114,0.631579,-0.417405,0.0091934,0.278812,0.0430534,0.6726,0.129391,0.358436,-0.634343
2.438523292541504,0.0,0.0,0.0,0.0,0.0,0.0,0.14193,0.402918,0.48194,0.202728,0.621114,0.631579,-0.417405,0.0091934,0.278812,0.0430534,0.6726,0.129391,0.358436,-0.634343
2.4717772006988525,0.0,0.0,0.0,0.0,0.0,0.0,0.141929,0.402917,0.481938,0.202767,0.621094,0.631584,-0.417407,0.00917971,0.278795,0.0430021,0.672999,0.130165,0.358128,-0.633935
2.4718921184539795,0.0,0.0,0.0,0.0,0.0,0.0,0.141929,0.402917,0.481938,0.202767,0.621094,0.631584,-0.417407,0.00917971,0.278795,0.0430021,0.672999,0.130165,0.358128,-0.633935
2.5051496028900146,0.0,0.0,0.0,0.0,0.0,0.0,0.141931,0.40292,0.481938,0.202738,0.621107,0.631588,-0.417397,0.00918396,0.278794,0.0430066,0.673181,0.130345,0.35801,-0.633771
2.505262613296509,0.0,0.0,0.0,0.0,0.0,0.0,0.141931,0.40292,0.481938,0.202738,0.621107,0.631588,-0.417397,0.00918396,0.278794,0.0430066,0.673181,0.130345,0.35801,-0.633771
2.5221550464630127,0.0,0.0,0.0,0.0,0.0,0.0,0.141931,0.402918,0.481941,0.202726,0.62114,0.631557,-0.4174,0.0091938,0.278812,0.0430596,0.672696,0.129568,0.358322,-0.63427
2.5222675800323486,0.0,0.0,0.0,0.0,0.0,0.0,0.141931,0.402918,0.481941,0.202726,0.62114,0.631557,-0.4174,0.0091938,0.278812,0.0430596,0.672696,0.129568,0.358322,-0.63427
2.5573570728302,0.0,0.0,0.0,0.0,0.0,0.0,0.14193,0.402919,0.481939,0.202714,0.621089,0.631601,-0.417416,0.00918101,0.278821,0.0430617,0.672443,0.129371,0.358255,-0.634616
2.5578131675720215,0.0,0.0,0.0,0.0,0.0,0.0,0.14193,0.402919,0.481939,0.202714,0.621089,0.631601,-0.417416,0.00918101,0.278821,0.0430617,0.672443,0.129371,0.358255,-0.634616
2.5831172466278076,0.0,0.0,0.0,0.0,0.0,0.0,0.141931,0.402919,0.481939,0.202718,0.621094,0.631595,-0.417416,0.00918247,0.278795,0.0430069,0.673127,0.130353,0.358047,-0.633806
2.583275318145752,0.0,0.0,0.0,0.0,0.0,0.0,0.141931,0.402919,0.481939,0.202718,0.621094,0.631595,-0.417416,0.00918247,0.278795,0.0430069,0.673127,0.130353,0.358047,-0.633806
2.6055655479431152,0.0,0.0,0.0,0.0,0.0,0.0,0.14193,0.402918,0.48194,0.202709,0.621113,0.631582,-0.417412,0.00918399,0.278799,0.0430192,0.673157,0.130335,0.357998,-0.633806
2.6056807041168213,0.0,0.0,0.0,0.0,0.0,0.0,0.14193,0.402918,0.48194,0.202709,0.621113,0.631582,-0.417412,0.00918399,0.278799,0.0430192,0.673157,0.130335,0.357998,-0.633806
2.6223721504211426,0.0,0.0,0.0,0.0,0.0,0.0,0.141909,0.402945,0.481914,0.203414,0.621591,0.630911,-0.417373,0.00918087,0.278795,0.0430066,0.673156,0.130372,0.358063,-0.633763
2.622483491897583,0.0,0.0,0.0,0.0,0.0,0.0,0.141909,0.402945,0.481914,0.203414,0.621591,0.630911,-0.417373,0.00918087,0.278795,0.0430066,0.673156,0.130372,0.358063,-0.633763
2.656853675842285,0.0,0.0,0.0,0.0,0.0,0.0,0.14193,0.402917,0.48194,0.202738,0.621144,0.631553,-0.417394,0.00918183,0.278794,0.0430066,0.673129,0.130366,0.35803,-0.633811
2.6569607257843018,0.0,0.0,0.0,0.0,0.0,0.0,0.14193,0.402917,0.48194,0.202738,0.621144,0.631553,-0.417394,0.00918183,0.278794,0.0430066,0.673129,0.130366,0.35803,-0.633811
2.6715383529663086,0.0,0.0,0.0,0.0,0.0,0.0,0.14193,0.402918,0.481939,0.202701,0.621136,0.631559,-0.417415,0.0091815,0.278825,0.0430785,0.672586,0.129496,0.358082,-0.634536
2.6716480255126953,0.0,0.0,0.0,0.0,0.0,0.0,0.14193,0.402918,0.481939,0.202701,0.621136,0.631559,-0.417415,0.0091815,0.278825,0.0430785,0.672586,0.129496,0.358082,-0.634536
2.689319372177124,0.0,0.0,0.0,0.0,0.0,0.0,0.14193,0.40292,0.481939,0.202702,0.621124,0.631596,-0.417377,0.00916868,0.278802,0.0430132,0.672883,0.130093,0.357943,-0.634177
2.6894330978393555,0.0,0.0,0.0,0.0,0.0,0.0,0.14193,0.40292,0.481939,0.202702,0.621124,0.631596,-0.417377,0.00916868,0.278802,0.0430132,0.672883,0.130093,0.357943,-0.634177
2.705515146255493,0.0,0.0,0.0,0.0,0.0,0.0,0.141929,0.402917,0.481939,0.202745,0.621085,0.631569,-0.417455,0.00907045,0.278726,0.0431685,0.671856,0.129277,0.355218,-0.636959
2.705629348754883,0.0,0.0,0.0,0.0,0.0,0.0,0.141929,0.402917,0.481939,0.202745,0.621085,0.631569,-0.417455,0.00907045,0.278726,0.0431685,0.671856,0.129277,0.355218,-0.636959
2.7222647666931152,0.0,0.0,0.0,0.0,0.0,0.0,0.141929,0.40292,0.481941,0.202687,0.621141,0.631573,-0.417395,0.00918168,0.278794,0.0430091,0.673131,0.130354,0.358056,-0.633797
2.7223739624023438,0.0,0.0,0.0,0.0,0.0,0.0,0.141929,0.40292,0.481941,0.202687,0.621141,0.631573,-0.417395,0.00918168,0.278794,0.0430091,0.673131,0.130354,0.358056,-0.633797
2.755049467086792,0.0,0.0,0.0,0.0,0.0,0.0,0.14191,0.402943,0.481914,0.203392,0.621652,0.630863,-0.417364,0.00918151,0.278794,0.0430019,0.67303,0.13014,0.358094,-0.633927
2.755164384841919,0.0,0.0,0.0,0.0,0.0,0.0,0.14191,0.402943,0.481914,0.203392,0.621652,0.630863,-0.417364,0.00918151,0.278794,0.0430019,0.67303,0.13014,0.358094,-0.633927
2.77252459526062,0.0,0.0,0.0,0.0,0.0,0.0,0.141931,0.40292,0.481942,0.202726,0.621094,0.631563,-0.417458,0.00919355,0.278814,0.0430591,0.672697,0.129574,0.358332,-0.634262
2.7726387977600098,0.0,0.0,0.0,0.0,0.0,0.0,0.141931,0.40292,0.481942,0.202726,0.621094,0.631563,-0.417458,0.00919355,0.278814,0.0430591,0.672697,0.129574,0.358332,-0.634262
2.7892723083496094,0.0,0.0,0.0,0.0,0.0,0.0,0.141929,0.402919,0.48194,0.202747,0.621107,0.63159,-0.417389,0.00918114,0.278796,0.0430061,0.673138,0.130367,0.358059,-0.633785
2.7893877029418945,0.0,0.0,0.0,0.0,0.0,0.0,0.141929,0.402919,0.48194,0.202747,0.621107,0.63159,-0.417389,0.00918114,0.278796,0.0430061,0.673138,0.130367,0.358059,-0.633785
2.805293560028076,0.0,0.0,0.0,0.0,0.0,0.0,0.14193,0.402919,0.481941,0.202684,0.621118,0.631587,-0.417408,0.00917793,0.278823,0.043064,0.67243,0.129364,0.358279,-0.634617
2.805405616760254,0.0,0.0,0.0,0.0,0.0,0.0,0.14193,0.402919,0.481941,0.202684,0.621118,0.631587,-0.417408,0.00917793,0.278823,0.043064,0.67243,0.129364,0.358279,-0.634617
2.8217763900756836,0.0,0.0,0.0,0.0,0.0,0.0,0.141931,0.402917,0.481941,0.202767,0.621104,0.631565,-0.417423,0.00918178,0.278793,0.0430025,0.673002,0.130156,0.358108,-0.633945
2.821885108947754,0.0,0.0,0.0,0.0,0.0,0.0,0.141931,0.402917,0.481941,0.202767,0.621104,0.631565,-0.417423,0.00918178,0.278793,0.0430025,0.673002,0.130156,0.358108,-0.633945
2.8551814556121826,0.0,0.0,0.0,0.0,0.0,0.0,0.141948,0.402933,0.481927,0.202737,0.621483,0.631018,-0.4177,0.00918063,0.278794,0.0430014,0.673022,0.130161,0.35812,-0.633916
2.855295419692993,0.0,0.0,0.0,0.0,0.0,0.0,0.141948,0.402933,0.481927,0.202737,0.621483,0.631018,-0.4177,0.00918063,0.278794,0.0430014,0.673022,0.130161,0.35812,-0.633916
2.8718578815460205,0.0,0.0,0.0,0.0,0.0,0.0,0.141928,0.402917,0.48194,0.202766,0.621084,0.631561,-0.417459,0.00919468,0.278817,0.0430621,0.672615,0.129361,0.35837,-0.63437
2.871971368789673,0.0,0.0,0.0,0.0,0.0,0.0,0.141928,0.402917,0.48194,0.202766,0.621084,0.631561,-0.417459,0.00919468,0.278817,0.0430621,0.672615,0.129361,0.35837,-0.63437
2.888664960861206,0.0,0.0,0.0,0.0,0.0,0.0,0.14193,0.402918,0.481941,0.202754,0.621093,0.631596,-0.417398,0.00916951,0.278803,0.0430127,0.672863,0.130121,0.357905,-0.634214
2.8887767791748047,0.0,0.0,0.0,0.0,0.0,0.0,0.14193,0.402918,0.481941,0.202754,0.621093,0.631596,-0.417398,0.00916951,0.278803,0.0430127,0.672863,0.130121,0.357905,-0.634214
2.905294179916382,0.0,0.0,0.0,0.0,0.0,0.0,0.141912,0.402943,0.481916,0.203434,0.621613,0.630883,-0.41737,0.00919263,0.278814,0.0430523,0.672579,0.129383,0.358459,-0.634354
2.9054081439971924,0.0,0.0,0.0,0.0,0.0,0.0,0.141912,0.402943,0.481916,0.203434,0.621613,0.630883,-0.41737,0.00919263,0.278814,0.0430523,0.672579,0.129383,0.358459,-0.634354
2.9220643043518066,0.0,0.0,0.0,0.0,0.0,0.0,0.14193,0.402919,0.481941,0.202702,0.621145,0.631571,-0.417383,0.00919189,0.278812,0.0430532,0.672575,0.12938,0.358434,-0.634372
2.922177314758301,0.0,0.0,0.0,0.0,0.0,0.0,0.14193,0.402919,0.481941,0.202702,0.621145,0.631571,-0.417383,0.00919189,0.278812,0.0430532,0.672575,0.12938,0.358434,-0.634372
2.955579996109009,0.0,0.0,0.0,0.0,0.0,0.0,0.14193,0.402918,0.48194,0.202675,0.621125,0.631585,-0.417404,0.0091841,0.278798,0.0430127,0.67305,0.130125,0.358043,-0.633937
2.9557042121887207,0.0,0.0,0.0,0.0,0.0,0.0,0.14193,0.402918,0.48194,0.202675,0.621125,0.631585,-0.417404,0.0091841,0.278798,0.0430127,0.67305,0.130125,0.358043,-0.633937
2.97202730178833,0.0,0.0,0.0,0.0,0.0,0.0,0.141912,0.402945,0.481917,0.203427,0.621616,0.630882,-0.417372,0.00918343,0.278795,0.0430017,0.673046,0.130155,0.358106,-0.633899
2.9721426963806152,0.0,0.0,0.0,0.0,0.0,0.0,0.141912,0.402945,0.481917,0.203427,0.621616,0.630882,-0.417372,0.00918343,0.278795,0.0430017,0.673046,0.130155,0.358106,-0.633899
2.988213300704956,0.0,0.0,0.0,0.0,0.0,0.0,0.141929,0.402915,0.48194,0.202726,0.621087,0.631588,-0.417433,0.00918243,0.278795,0.0430053,0.673141,0.130374,0.358046,-0.633788
2.9883248805999756,0.0,0.0,0.0,0.0,0.0,0.0,0.141929,0.402915,0.48194,0.202726,0.621087,0.631588,-0.417433,0.00918243,0.278795,0.0430053,0.673141,0.130374,0.358046,-0.633788
3.005215644836426,0.0,0.0,0.0,0.0,0.0,0.0,0.141931,0.402919,0.481941,0.202719,0.621126,0.631563,-0.417415,0.00918386,0.278795,0.0430069,0.67315,0.130383,0.358025,-0.633789
3.0053272247314453,0.0,0.0,0.0,0.0,0.0,0.0,0.141931,0.402919,0.481941,0.202719,0.621126,0.631563,-0.417415,0.00918386,0.278795,0.0430069,0.67315,0.130383,0.358025,-0.633789
3.0217044353485107,0.0,0.0,0.0,0.0,0.0,0.0,0.141931,0.402918,0.481941,0.202733,0.621134,0.631587,-0.41736,0.00918285,0.278795,0.0430083,0.673117,0.130341,0.358042,-0.633822
3.021813154220581,0.0,0.0,0.0,0.0,0.0,0.0,0.141931,0.402918,0.481941,0.202733,0.621134,0.631587,-0.41736,0.00918285,0.278795,0.0430083,0.673117,0.130341,0.358042,-0.633822
3.0399582386016846,0.0,0.0,0.0,0.0,0.0,0.0,0.141929,0.402918,0.481941,0.202761,0.621056,0.631575,-0.417482,0.0091933,0.278816,0.0430565,0.672703,0.129583,0.358365,-0.634235
3.040074348449707,0.0,0.0,0.0,0.0,0.0,0.0,0.141929,0.402918,0.481941,0.202761,0.621056,0.631575,-0.417482,0.0091933,0.278816,0.0430565,0.672703,0.129583,0.358365,-0.634235
3.060068368911743,0.0,0.0,0.0,0.0,0.0,0.0,0.14193,0.402918,0.481942,0.202718,0.621131,0.631584,-0.417376,0.00917993,0.278822,0.0430636,0.67241,0.12936,0.358253,-0.634654
3.060176134109497,0.0,0.0,0.0,0.0,0.0,0.0,0.14193,0.402918,0.481942,0.202718,0.621131,0.631584,-0.417376,0.00917993,0.278822,0.0430636,0.67241,0.12936,0.358253,-0.634654
3.0885066986083984,0.0,0.0,0.0,0.0,0.0,0.0,0.141931,0.402919,0.48194,0.202691,0.621113,0.631579,-0.417424,0.00918461,0.278795,0.0430012,0.673048,0.130146,0.358096,-0.633905
3.0886282920837402,0.0,0.0,0.0,0.0,0.0,0.0,0.141931,0.402919,0.48194,0.202691,0.621113,0.631579,-0.417424,0.00918461,0.278795,0.0430012,0.673048,0.130146,0.358096,-0.633905
3.1049296855926514,0.0,0.0,0.0,0.0,0.0,0.0,0.14193,0.402918,0.481941,0.202731,0.621087,0.631577,-0.417446,0.00919579,0.278817,0.0430667,0.672752,0.129517,0.358269,-0.63425
3.1050453186035156,0.0,0.0,0.0,0.0,0.0,0.0,0.14193,0.402918,0.481941,0.202731,0.621087,0.631577,-0.417446,0.00919579,0.278817,0.0430667,0.672752,0.129517,0.358269,-0.63425
3.1217026710510254,0.0,0.0,0.0,0.0,0.0,0.0,0.141929,0.402918,0.48194,0.202718,0.621113,0.631582,-0.417406,0.00916936,0.278801,0.0430115,0.672883,0.130117,0.357935,-0.634177
3.1218149662017822,0.0,0.0,0.0,0.0,0.0,0.0,0.141929,0.402918,0.48194,0.202718,0.621113,0.631582,-0.417406,0.00916936,0.278801,0.0430115,0.672883,0.130117,0.357935,-0.634177
3.1396219730377197,0.0,0.0,0.0,0.0,0.0,0.0,0.14193,0.402918,0.481939,0.202734,0.621113,0.631587,-0.417392,0.00918158,0.278822,0.0430605,0.67243,0.129399,0.358243,-0.634631
3.1397366523742676,0.0,0.0,0.0,0.0,0.0,0.0,0.14193,0.402918,0.481939,0.202734,0.621113,0.631587,-0.417392,0.00918158,0.278822,0.0430605,0.67243,0.129399,0.358243,-0.634631
3.172004222869873,0.0,0.0,0.0,0.0,0.0,0.0,0.14193,0.40292,0.481939,0.202716,0.621112,0.631573,-0.417422,0.00918278,0.278795,0.0430002,0.673037,0.130178,0.358093,-0.633912
3.1721200942993164,0.0,0.0,0.0,0.0,0.0,0.0,0.14193,0.40292,0.481939,0.202716,0.621112,0.631573,-0.417422,0.00918278,0.278795,0.0430002,0.673037,0.130178,0.358093,-0.633912
3.1885528564453125,0.0,0.0,0.0,0.0,0.0,0.0,0.141911,0.402942,0.481915,0.203404,0.6216,0.630923,-0.417346,0.00919451,0.278813,0.0430553,0.672724,0.129564,0.358363,-0.634217
3.1886661052703857,0.0,0.0,0.0,0.0,0.0,0.0,0.141911,0.402942,0.481915,0.203404,0.6216,0.630923,-0.417346,0.00919451,0.278813,0.0430553,0.672724,0.129564,0.358363,-0.634217
3.2053563594818115,0.0,0.0,0.0,0.0,0.0,0.0,0.141911,0.402942,0.481915,0.203404,0.6216,0.630923,-0.417346,0.00919451,0.278813,0.0430553,0.672724,0.129564,0.358363,-0.634217
3.2054672241210938,0.0,0.0,0.0,0.0,0.0,0.0,0.141911,0.402942,0.481915,0.203404,0.6216,0.630923,-0.417346,0.00919451,0.278813,0.0430553,0.672724,0.129564,0.358363,-0.634217
3.2219738960266113,0.0,0.0,0.0,0.0,0.0,0.0,0.141931,0.402921,0.48194,0.202761,0.621093,0.631604,-0.417382,0.00919341,0.278815,0.0430571,0.672715,0.129563,0.358378,-0.634218
3.2220916748046875,0.0,0.0,0.0,0.0,0.0,0.0,0.141931,0.402921,0.48194,0.202761,0.621093,0.631604,-0.417382,0.00919341,0.278815,0.0430571,0.672715,0.129563,0.358378,-0.634218
3.255095958709717,0.0,0.0,0.0,0.0,0.0,0.0,0.141931,0.40292,0.481942,0.202718,0.621111,0.631594,-0.417392,0.00916924,0.278804,0.0430118,0.672859,0.130136,0.357928,-0.634202
3.2552099227905273,0.0,0.0,0.0,0.0,0.0,0.0,0.141931,0.40292,0.481942,0.202718,0.621111,0.631594,-0.417392,0.00916924,0.278804,0.0430118,0.672859,0.130136,0.357928,-0.634202
3.2720251083374023,0.0,0.0,0.0,0.0,0.0,0.0,0.14193,0.402919,0.48194,0.202729,0.62107,0.6316,-0.417438,0.00918285,0.278797,0.043005,0.673124,0.130421,0.358031,-0.633805
3.27213978767395,0.0,0.0,0.0,0.0,0.0,0.0,0.14193,0.402919,0.48194,0.202729,0.62107,0.6316,-0.417438,0.00918285,0.278797,0.043005,0.673124,0.130421,0.358031,-0.633805
3.288630723953247,0.0,0.0,0.0,0.0,0.0,0.0,0.141932,0.402918,0.481941,0.202741,0.621091,0.631596,-0.417407,0.00918261,0.278793,0.0430022,0.67303,0.130121,0.358113,-0.63392
3.2887425422668457,0.0,0.0,0.0,0.0,0.0,0.0,0.141932,0.402918,0.481941,0.202741,0.621091,0.631596,-0.417407,0.00918261,0.278793,0.0430022,0.67303,0.130121,0.358113,-0.63392
3.305314302444458,0.0,0.0,0.0,0.0,0.0,0.0,0.141931,0.402918,0.481941,0.202718,0.621105,0.631597,-0.417395,0.00919363,0.278815,0.0430564,0.67271,0.129573,0.358343,-0.634242
3.3054306507110596,0.0,0.0,0.0,0.0,0.0,0.0,0.141931,0.402918,0.481941,0.202718,0.621105,0.631597,-0.417395,0.00919363,0.278815,0.0430564,0.67271,0.129573,0.358343,-0.634242
3.322432041168213,0.0,0.0,0.0,0.0,0.0,0.0,0.141932,0.402918,0.48194,0.202699,0.621123,0.631571,-0.417418,0.00918185,0.278824,0.0430662,0.672561,0.129554,0.358156,-0.63451
3.3225595951080322,0.0,0.0,0.0,0.0,0.0,0.0,0.141932,0.402918,0.48194,0.202699,0.621123,0.631571,-0.417418,0.00918185,0.278824,0.0430662,0.672561,0.129554,0.358156,-0.63451
3.355181932449341,0.0,0.0,0.0,0.0,0.0,0.0,0.141929,0.402919,0.48194,0.202722,0.621095,0.631572,-0.417445,0.00918238,0.278795,0.0430047,0.67313,0.130377,0.358053,-0.633795
3.3552935123443604,0.0,0.0,0.0,0.0,0.0,0.0,0.141929,0.402919,0.48194,0.202722,0.621095,0.631572,-0.417445,0.00918238,0.278795,0.0430047,0.67313,0.130377,0.358053,-0.633795
3.3719141483306885,0.0,0.0,0.0,0.0,0.0,0.0,0.141929,0.402918,0.481942,0.20274,0.62109,0.631583,-0.417428,0.00918086,0.278823,0.0430678,0.672531,0.129528,0.358176,-0.634535
3.3720335960388184,0.0,0.0,0.0,0.0,0.0,0.0,0.141929,0.402918,0.481942,0.20274,0.62109,0.631583,-0.417428,0.00918086,0.278823,0.0430678,0.672531,0.129528,0.358176,-0.634535
3.3883957862854004,0.0,0.0,0.0,0.0,0.0,0.0,0.141931,0.402918,0.481942,0.20274,0.621103,0.631575,-0.417421,0.00918276,0.278792,0.0430028,0.673042,0.130127,0.358097,-0.633915
3.388504981994629,0.0,0.0,0.0,0.0,0.0,0.0,0.141931,0.402918,0.481942,0.20274,0.621103,0.631575,-0.417421,0.00918276,0.278792,0.0430028,0.673042,0.130127,0.358097,-0.633915
3.4055023193359375,0.0,0.0,0.0,0.0,0.0,0.0,0.14191,0.402946,0.481916,0.203388,0.621611,0.63091,-0.417356,0.00918007,0.278823,0.0430617,0.672414,0.129387,0.358279,-0.634629
3.4056143760681152,0.0,0.0,0.0,0.0,0.0,0.0,0.14191,0.402946,0.481916,0.203388,0.621611,0.63091,-0.417356,0.00918007,0.278823,0.0430617,0.672414,0.129387,0.358279,-0.634629
3.4221279621124268,0.0,0.0,0.0,0.0,0.0,0.0,0.141931,0.402919,0.481942,0.202686,0.621112,0.631599,-0.417397,0.0091817,0.278795,0.0430022,0.672996,0.130142,0.35811,-0.633954
3.4222400188446045,0.0,0.0,0.0,0.0,0.0,0.0,0.141931,0.402919,0.481942,0.202686,0.621112,0.631599,-0.417397,0.0091817,0.278795,0.0430022,0.672996,0.130142,0.35811,-0.633954
3.4551444053649902,0.0,0.0,0.0,0.0,0.0,0.0,0.14191,0.402943,0.481917,0.203366,0.621635,0.630903,-0.417341,0.00919277,0.278814,0.0430574,0.672706,0.12956,0.358352,-0.634243
3.455256223678589,0.0,0.0,0.0,0.0,0.0,0.0,0.14191,0.402943,0.481917,0.203366,0.621635,0.630903,-0.417341,0.00919277,0.278814,0.0430574,0.672706,0.12956,0.358352,-0.634243
3.4725611209869385,0.0,0.0,0.0,0.0,0.0,0.0,0.141911,0.402945,0.481917,0.203338,0.621644,0.630915,-0.417323,0.00921,0.278829,0.0430571,0.67293,0.129663,0.358445,-0.633933
3.4726736545562744,0.0,0.0,0.0,0.0,0.0,0.0,0.141911,0.402945,0.481917,0.203338,0.621644,0.630915,-0.417323,0.00921,0.278829,0.0430571,0.67293,0.129663,0.358445,-0.633933
3.488724946975708,0.0,0.0,0.0,0.0,0.0,0.0,0.14193,0.402919,0.481941,0.202699,0.621111,0.631607,-0.417382,0.00917116,0.278801,0.0430101,0.672888,0.130113,0.357928,-0.634177
3.4888367652893066,0.0,0.0,0.0,0.0,0.0,0.0,0.14193,0.402919,0.481941,0.202699,0.621111,0.631607,-0.417382,0.00917116,0.278801,0.0430101,0.672888,0.130113,0.357928,-0.634177
3.5058822631835938,0.0,0.0,0.0,0.0,0.0,0.0,0.14193,0.402918,0.481942,0.202742,0.621079,0.631602,-0.417414,0.00918584,0.278815,0.0429649,0.673169,0.130449,0.35731,-0.634157
3.5059974193573,0.0,0.0,0.0,0.0,0.0,0.0,0.14193,0.402918,0.481942,0.202742,0.621079,0.631602,-0.417414,0.00918584,0.278815,0.0429649,0.673169,0.130449,0.35731,-0.634157
3.5226640701293945,0.0,0.0,0.0,0.0,0.0,0.0,0.141932,0.402919,0.481942,0.202755,0.621087,0.631591,-0.417414,0.009183,0.278794,0.0430023,0.673016,0.13014,0.35811,-0.633932
3.5227766036987305,0.0,0.0,0.0,0.0,0.0,0.0,0.141932,0.402919,0.481942,0.202755,0.621087,0.631591,-0.417414,0.009183,0.278794,0.0430023,0.673016,0.13014,0.35811,-0.633932
3.5551822185516357,0.0,0.0,0.0,0.0,0.0,0.0,0.14193,0.402921,0.481942,0.202696,0.621117,0.631582,-0.417411,0.00919357,0.278814,0.0430527,0.672592,0.129379,0.358443,-0.63435
3.555297374725342,0.0,0.0,0.0,0.0,0.0,0.0,0.14193,0.402921,0.481942,0.202696,0.621117,0.631582,-0.417411,0.00919357,0.278814,0.0430527,0.672592,0.129379,0.358443,-0.63435
3.5726335048675537,0.0,0.0,0.0,0.0,0.0,0.0,0.14193,0.402919,0.481943,0.202712,0.621084,0.631632,-0.417377,0.00918147,0.278794,0.043007,0.673125,0.130348,0.358041,-0.633813
3.572749137878418,0.0,0.0,0.0,0.0,0.0,0.0,0.14193,0.402919,0.481943,0.202712,0.621084,0.631632,-0.417377,0.00918147,0.278794,0.043007,0.673125,0.130348,0.358041,-0.633813
3.5891342163085938,0.0,0.0,0.0,0.0,0.0,0.0,0.14193,0.402919,0.48194,0.202756,0.621101,0.631581,-0.417408,0.00918265,0.278798,0.0430062,0.673117,0.130366,0.358052,-0.633812
3.5892465114593506,0.0,0.0,0.0,0.0,0.0,0.0,0.14193,0.402919,0.48194,0.202756,0.621101,0.631581,-0.417408,0.00918265,0.278798,0.0430062,0.673117,0.130366,0.358052,-0.633812
3.605154514312744,0.0,0.0,0.0,0.0,0.0,0.0,0.141911,0.402944,0.481915,0.203441,0.621583,0.630918,-0.41736,0.00918209,0.278794,0.0430006,0.673035,0.130123,0.358143,-0.633897
3.605266571044922,0.0,0.0,0.0,0.0,0.0,0.0,0.141911,0.402944,0.481915,0.203441,0.621583,0.630918,-0.41736,0.00918209,0.278794,0.0430006,0.673035,0.130123,0.358143,-0.633897
3.6226680278778076,0.0,0.0,0.0,0.0,0.0,0.0,0.14193,0.402918,0.48194,0.20269,0.621114,0.631575,-0.417428,0.00917544,0.278834,0.0430415,0.67236,0.129982,0.358142,-0.634642
3.6227824687957764,0.0,0.0,0.0,0.0,0.0,0.0,0.14193,0.402918,0.48194,0.20269,0.621114,0.631575,-0.417428,0.00917544,0.278834,0.0430415,0.67236,0.129982,0.358142,-0.634642
3.6554651260375977,0.0,0.0,0.0,0.0,0.0,0.0,0.141931,0.402919,0.481942,0.202761,0.621082,0.631582,-0.417433,0.00917924,0.278841,0.0430559,0.672519,0.130214,0.358013,-0.6345
3.6555793285369873,0.0,0.0,0.0,0.0,0.0,0.0,0.141931,0.402919,0.481942,0.202761,0.621082,0.631582,-0.417433,0.00917924,0.278841,0.0430559,0.672519,0.130214,0.358013,-0.6345
3.6725194454193115,0.0,0.0,0.0,0.0,0.0,0.0,0.141929,0.402919,0.48194,0.202771,0.621104,0.631565,-0.417421,0.00918189,0.278794,0.0430024,0.673036,0.130137,0.358077,-0.633931
3.6726303100585938,0.0,0.0,0.0,0.0,0.0,0.0,0.141929,0.402919,0.48194,0.202771,0.621104,0.631565,-0.417421,0.00918189,0.278794,0.0430024,0.673036,0.130137,0.358077,-0.633931
3.689230442047119,0.0,0.0,0.0,0.0,0.0,0.0,0.141929,0.402918,0.48194,0.202719,0.621097,0.631584,-0.417428,0.00919485,0.278816,0.0430564,0.672717,0.129566,0.358361,-0.634225
3.689344882965088,0.0,0.0,0.0,0.0,0.0,0.0,0.141929,0.402918,0.48194,0.202719,0.621097,0.631584,-0.417428,0.00919485,0.278816,0.0430564,0.672717,0.129566,0.358361,-0.634225
3.705141305923462,0.0,0.0,0.0,0.0,0.0,0.0,0.14193,0.40292,0.481939,0.202737,0.621091,0.631586,-0.417425,0.00918012,0.278824,0.0430673,0.672545,0.129557,0.358148,-0.63453
3.705254316329956,0.0,0.0,0.0,0.0,0.0,0.0,0.14193,0.40292,0.481939,0.202737,0.621091,0.631586,-0.417425,0.00918012,0.278824,0.0430673,0.672545,0.129557,0.358148,-0.63453
3.722609043121338,0.0,0.0,0.0,0.0,0.0,0.0,0.141929,0.40292,0.481939,0.202732,0.621105,0.631585,-0.417406,0.0091838,0.278796,0.0430054,0.673136,0.130383,0.358023,-0.633804
3.722722291946411,0.0,0.0,0.0,0.0,0.0,0.0,0.141929,0.40292,0.481939,0.202732,0.621105,0.631585,-0.417406,0.0091838,0.278796,0.0430054,0.673136,0.130383,0.358023,-0.633804
3.7557194232940674,0.0,0.0,0.0,0.0,0.0,0.0,0.14193,0.402919,0.481941,0.202737,0.621118,0.631571,-0.417406,0.00919302,0.278815,0.0430583,0.67271,0.12957,0.358351,-0.634237
3.7558460235595703,0.0,0.0,0.0,0.0,0.0,0.0,0.14193,0.402919,0.481941,0.202737,0.621118,0.631571,-0.417406,0.00919302,0.278815,0.0430583,0.67271,0.12957,0.358351,-0.634237
3.772423028945923,0.0,0.0,0.0,0.0,0.0,0.0,0.141929,0.402919,0.481942,0.202756,0.621076,0.631568,-0.417464,0.009194,0.278815,0.0430592,0.672685,0.129554,0.358327,-0.634282
3.7725348472595215,0.0,0.0,0.0,0.0,0.0,0.0,0.141929,0.402919,0.481942,0.202756,0.621076,0.631568,-0.417464,0.009194,0.278815,0.0430592,0.672685,0.129554,0.358327,-0.634282
3.7889673709869385,0.0,0.0,0.0,0.0,0.0,0.0,0.141929,0.402919,0.48194,0.202767,0.621072,0.631592,-0.417429,0.00918047,0.278796,0.0430012,0.673001,0.13019,0.358136,-0.633923
3.7890820503234863,0.0,0.0,0.0,0.0,0.0,0.0,0.141929,0.402919,0.48194,0.202767,0.621072,0.631592,-0.417429,0.00918047,0.278796,0.0430012,0.673001,0.13019,0.358136,-0.633923
3.8057591915130615,0.0,0.0,0.0,0.0,0.0,0.0,0.14193,0.40292,0.48194,0.202779,0.621051,0.631584,-0.417466,0.00919418,0.278816,0.0430568,0.672715,0.129568,0.358344,-0.634237
3.8058714866638184,0.0,0.0,0.0,0.0,0.0,0.0,0.14193,0.40292,0.48194,0.202779,0.621051,0.631584,-0.417466,0.00919418,0.278816,0.0430568,0.672715,0.129568,0.358344,-0.634237
3.8223466873168945,0.0,0.0,0.0,0.0,0.0,0.0,0.141928,0.402877,0.481969,0.207152,0.618616,0.629565,-0.42196,0.00918262,0.278794,0.043006,0.673147,0.130352,0.358037,-0.633791
3.8224596977233887,0.0,0.0,0.0,0.0,0.0,0.0,0.141928,0.402877,0.481969,0.207152,0.618616,0.629565,-0.42196,0.00918262,0.278794,0.043006,0.673147,0.130352,0.358037,-0.633791
3.8553953170776367,0.0,0.0,0.0,0.0,0.0,0.0,0.141929,0.402919,0.481942,0.202754,0.621101,0.631575,-0.417418,0.00918285,0.278796,0.0430068,0.673144,0.130379,0.358015,-0.633801
3.8555071353912354,0.0,0.0,0.0,0.0,0.0,0.0,0.141929,0.402919,0.481942,0.202754,0.621101,0.631575,-0.417418,0.00918285,0.278796,0.0430068,0.673144,0.130379,0.358015,-0.633801
3.8724710941314697,0.0,0.0,0.0,0.0,0.0,0.0,0.141908,0.402944,0.481916,0.203411,0.621619,0.630903,-0.417343,0.00918164,0.278795,0.0430022,0.673019,0.130148,0.358131,-0.633916
3.8725855350494385,0.0,0.0,0.0,0.0,0.0,0.0,0.141908,0.402944,0.481916,0.203411,0.621619,0.630903,-0.417343,0.00918164,0.278795,0.0430022,0.673019,0.130148,0.358131,-0.633916
3.889359951019287,0.0,0.0,0.0,0.0,0.0,0.0,0.14193,0.402921,0.481942,0.20273,0.62113,0.631561,-0.417408,0.00919338,0.278815,0.0430535,0.672617,0.129374,0.358439,-0.634327
3.889478921890259,0.0,0.0,0.0,0.0,0.0,0.0,0.14193,0.402921,0.481942,0.20273,0.62113,0.631561,-0.417408,0.00919338,0.278815,0.0430535,0.672617,0.129374,0.358439,-0.634327
3.905827283859253,0.0,0.0,0.0,0.0,0.0,0.0,0.141929,0.402918,0.481941,0.202728,0.621087,0.63159,-0.417429,0.00907026,0.278723,0.0431586,0.671812,0.129335,0.355322,-0.636936
3.905940055847168,0.0,0.0,0.0,0.0,0.0,0.0,0.141929,0.402918,0.481941,0.202728,0.621087,0.63159,-0.417429,0.00907026,0.278723,0.0431586,0.671812,0.129335,0.355322,-0.636936
3.9227042198181152,0.0,0.0,0.0,0.0,0.0,0.0,0.141931,0.402919,0.48194,0.20276,0.621098,0.631569,-0.417428,0.00917942,0.278825,0.0430677,0.672524,0.12955,0.358179,-0.634536
3.9228179454803467,0.0,0.0,0.0,0.0,0.0,0.0,0.141931,0.402919,0.48194,0.20276,0.621098,0.631569,-0.417428,0.00917942,0.278825,0.0430677,0.672524,0.12955,0.358179,-0.634536
3.9552536010742188,0.0,0.0,0.0,0.0,0.0,0.0,0.141911,0.402945,0.481917,0.203404,0.621622,0.630892,-0.41736,0.00916935,0.278803,0.0430109,0.672864,0.130144,0.357919,-0.6342
3.9553682804107666,0.0,0.0,0.0,0.0,0.0,0.0,0.141911,0.402945,0.481917,0.203404,0.621622,0.630892,-0.41736,0.00916935,0.278803,0.0430109,0.672864,0.130144,0.357919,-0.6342
3.971932888031006,0.0,0.0,0.0,0.0,0.0,0.0,0.141929,0.40292,0.48194,0.20277,0.621071,0.631598,-0.417421,0.00918443,0.278797,0.0430059,0.673135,0.1304,0.358052,-0.633786
3.9720473289489746,0.0,0.0,0.0,0.0,0.0,0.0,0.141929,0.40292,0.48194,0.20277,0.621071,0.631598,-0.417421,0.00918443,0.278797,0.0430059,0.673135,0.1304,0.358052,-0.633786
3.9885802268981934,0.0,0.0,0.0,0.0,0.0,0.0,0.14193,0.40292,0.481941,0.20272,0.621135,0.631556,-0.417412,0.00919327,0.278813,0.0430519,0.672578,0.129391,0.358418,-0.634376
3.988694906234741,0.0,0.0,0.0,0.0,0.0,0.0,0.14193,0.40292,0.481941,0.20272,0.621135,0.631556,-0.417412,0.00919327,0.278813,0.0430519,0.672578,0.129391,0.358418,-0.634376
4.005181074142456,0.0,0.0,0.0,0.0,0.0,0.0,0.141929,0.402919,0.481939,0.202713,0.6211,0.631606,-0.417392,0.00918335,0.278796,0.0430004,0.673015,0.130194,0.358098,-0.633929
4.005292892456055,0.0,0.0,0.0,0.0,0.0,0.0,0.141929,0.402919,0.481939,0.202713,0.6211,0.631606,-0.417392,0.00918335,0.278796,0.0430004,0.673015,0.130194,0.358098,-0.633929
4.021823406219482,0.0,0.0,0.0,0.0,0.0,0.0,0.141932,0.402921,0.481941,0.202747,0.621109,0.631598,-0.417373,0.00918164,0.278795,0.0430021,0.673014,0.130143,0.358122,-0.633927
4.02193808555603,0.0,0.0,0.0,0.0,0.0,0.0,0.141932,0.402921,0.481941,0.202747,0.621109,0.631598,-0.417373,0.00918164,0.278795,0.0430021,0.673014,0.130143,0.358122,-0.633927
4.039825439453125,0.0,0.0,0.0,0.0,0.0,0.0,0.14193,0.40292,0.481941,0.202723,0.62111,0.631575,-0.417419,0.00918051,0.278819,0.0430621,0.672455,0.129361,0.358273,-0.634594
4.039933204650879,0.0,0.0,0.0,0.0,0.0,0.0,0.14193,0.40292,0.481941,0.202723,0.62111,0.631575,-0.417419,0.00918051,0.278819,0.0430621,0.672455,0.129361,0.358273,-0.634594
4.07184910774231,0.0,0.0,0.0,0.0,0.0,0.0,0.14193,0.40292,0.481942,0.20272,0.621103,0.631579,-0.417424,0.00919503,0.278812,0.0430536,0.672589,0.129377,0.358433,-0.634359
4.071964979171753,0.0,0.0,0.0,0.0,0.0,0.0,0.14193,0.40292,0.481942,0.20272,0.621103,0.631579,-0.417424,0.00919503,0.278812,0.0430536,0.672589,0.129377,0.358433,-0.634359
4.089000463485718,0.0,0.0,0.0,0.0,0.0,0.0,0.141913,0.402945,0.481915,0.203407,0.621603,0.630886,-0.417394,0.00918265,0.278796,0.0430061,0.673122,0.130403,0.358024,-0.633815
4.0891265869140625,0.0,0.0,0.0,0.0,0.0,0.0,0.141913,0.402945,0.481915,0.203407,0.621603,0.630886,-0.417394,0.00918265,0.278796,0.0430061,0.673122,0.130403,0.358024,-0.633815
4.105208873748779,0.0,0.0,0.0,0.0,0.0,0.0,0.141932,0.40292,0.48194,0.202728,0.621083,0.631616,-0.417395,0.00917024,0.278803,0.0430101,0.672878,0.130143,0.357928,-0.634181
4.105327129364014,0.0,0.0,0.0,0.0,0.0,0.0,0.141932,0.40292,0.48194,0.202728,0.621083,0.631616,-0.417395,0.00917024,0.278803,0.0430101,0.672878,0.130143,0.357928,-0.634181
4.121933698654175,0.0,0.0,0.0,0.0,0.0,0.0,0.141911,0.402945,0.481916,0.203438,0.621614,0.630888,-0.417359,0.00917191,0.278801,0.0430115,0.672884,0.13016,0.35791,-0.634181
4.122053623199463,0.0,0.0,0.0,0.0,0.0,0.0,0.141911,0.402945,0.481916,0.203438,0.621614,0.630888,-0.417359,0.00917191,0.278801,0.0430115,0.672884,0.13016,0.35791,-0.634181
4.154983997344971,0.0,0.0,0.0,0.0,0.0,0.0,0.141911,0.402946,0.481916,0.203412,0.621599,0.630896,-0.417382,0.00918309,0.278795,0.0430069,0.67313,0.130375,0.358047,-0.633799
4.155099868774414,0.0,0.0,0.0,0.0,0.0,0.0,0.141911,0.402946,0.481916,0.203412,0.621599,0.630896,-0.417382,0.00918309,0.278795,0.0430069,0.67313,0.130375,0.358047,-0.633799
4.188400506973267,0.0,0.0,0.0,0.0,0.0,0.0,0.141931,0.40292,0.481941,0.202717,0.621095,0.631611,-0.417389,0.00919345,0.278811,0.0430524,0.672581,0.129401,0.358421,-0.63437
4.188514947891235,0.0,0.0,0.0,0.0,0.0,0.0,0.141931,0.40292,0.481941,0.202717,0.621095,0.631611,-0.417389,0.00919345,0.278811,0.0430524,0.672581,0.129401,0.358421,-0.63437
4.221898078918457,0.0,0.0,0.0,0.0,0.0,0.0,0.14193,0.402919,0.481942,0.202739,0.621095,0.631583,-0.417423,0.00918246,0.278794,0.0430007,0.673019,0.130179,0.358097,-0.633928
4.222013473510742,0.0,0.0,0.0,0.0,0.0,0.0,0.14193,0.402919,0.481942,0.202739,0.621095,0.631583,-0.417423,0.00918246,0.278794,0.0430007,0.673019,0.130179,0.358097,-0.633928
4.238945960998535,0.0,0.0,0.0,0.0,0.0,0.0,0.141933,0.402919,0.481941,0.202721,0.621139,0.631573,-0.417381,0.00918265,0.278826,0.043077,0.672594,0.129505,0.358073,-0.634531
4.23907470703125,0.0,0.0,0.0,0.0,0.0,0.0,0.141933,0.402919,0.481941,0.202721,0.621139,0.631573,-0.417381,0.00918265,0.278826,0.043077,0.672594,0.129505,0.358073,-0.634531
4.255517244338989,0.0,0.0,0.0,0.0,0.0,0.0,0.141931,0.40292,0.481942,0.20271,0.621116,0.631613,-0.417359,0.00918127,0.278795,0.0430069,0.673095,0.130374,0.358043,-0.633838
4.255640268325806,0.0,0.0,0.0,0.0,0.0,0.0,0.141931,0.40292,0.481942,0.20271,0.621116,0.631613,-0.417359,0.00918127,0.278795,0.0430069,0.673095,0.130374,0.358043,-0.633838
4.272027015686035,0.0,0.0,0.0,0.0,0.0,0.0,0.141911,0.402946,0.481916,0.203422,0.621617,0.630888,-0.417364,0.00919724,0.278838,0.043067,0.672869,0.129863,0.358183,-0.634104
4.272135496139526,0.0,0.0,0.0,0.0,0.0,0.0,0.141911,0.402946,0.481916,0.203422,0.621617,0.630888,-0.417364,0.00919724,0.278838,0.043067,0.672869,0.129863,0.358183,-0.634104
4.288581132888794,0.0,0.0,0.0,0.0,0.0,0.0,0.141932,0.402919,0.481941,0.202743,0.621109,0.631579,-0.417404,0.0091717,0.278803,0.0430164,0.672971,0.130348,0.357869,-0.634074
4.288690805435181,0.0,0.0,0.0,0.0,0.0,0.0,0.141932,0.402919,0.481941,0.202743,0.621109,0.631579,-0.417404,0.0091717,0.278803,0.0430164,0.672971,0.130348,0.357869,-0.634074
4.3221399784088135,0.0,0.0,0.0,0.0,0.0,0.0,0.141947,0.402936,0.481925,0.202755,0.621457,0.63106,-0.417666,0.00918111,0.278794,0.0430005,0.673012,0.130151,0.358116,-0.633931
4.322246074676514,0.0,0.0,0.0,0.0,0.0,0.0,0.141947,0.402936,0.481925,0.202755,0.621457,0.63106,-0.417666,0.00918111,0.278794,0.0430005,0.673012,0.130151,0.358116,-0.633931
4.338302373886108,0.0,0.0,0.0,0.0,0.0,0.0,0.141912,0.402946,0.481916,0.203409,0.621615,0.630892,-0.417366,0.0091856,0.278797,0.0430133,0.67306,0.13013,0.358043,-0.633926
4.338407278060913,0.0,0.0,0.0,0.0,0.0,0.0,0.141912,0.402946,0.481916,0.203409,0.621615,0.630892,-0.417366,0.0091856,0.278797,0.0430133,0.67306,0.13013,0.358043,-0.633926
4.355266094207764,0.0,0.0,0.0,0.0,0.0,0.0,0.141911,0.402946,0.481916,0.20339,0.621625,0.63088,-0.41738,0.00919317,0.278816,0.0430514,0.672593,0.129398,0.358451,-0.634341
4.355374336242676,0.0,0.0,0.0,0.0,0.0,0.0,0.141911,0.402946,0.481916,0.20339,0.621625,0.63088,-0.41738,0.00919317,0.278816,0.0430514,0.672593,0.129398,0.358451,-0.634341
4.372138023376465,0.0,0.0,0.0,0.0,0.0,0.0,0.141929,0.402919,0.481941,0.202722,0.621121,0.631573,-0.417405,0.00918498,0.278802,0.043017,0.673171,0.130326,0.357987,-0.633799
4.37224555015564,0.0,0.0,0.0,0.0,0.0,0.0,0.141929,0.402919,0.481941,0.202722,0.621121,0.631573,-0.417405,0.00918498,0.278802,0.043017,0.673171,0.130326,0.357987,-0.633799
4.388315916061401,0.0,0.0,0.0,0.0,0.0,0.0,0.14193,0.402918,0.481941,0.202756,0.621081,0.631587,-0.417428,0.00918331,0.278796,0.0430063,0.673142,0.130377,0.35803,-0.633795
4.38842511177063,0.0,0.0,0.0,0.0,0.0,0.0,0.14193,0.402918,0.481941,0.202756,0.621081,0.631587,-0.417428,0.00918331,0.278796,0.0430063,0.673142,0.130377,0.35803,-0.633795
4.409100294113159,0.0,0.0,0.0,0.0,0.0,0.0,0.14193,0.402917,0.481939,0.202775,0.621078,0.631591,-0.417418,0.00919266,0.278814,0.0430533,0.672563,0.129378,0.358429,-0.634388
4.409203290939331,0.0,0.0,0.0,0.0,0.0,0.0,0.14193,0.402917,0.481939,0.202775,0.621078,0.631591,-0.417418,0.00919266,0.278814,0.0430533,0.672563,0.129378,0.358429,-0.634388
4.438424348831177,0.0,0.0,0.0,0.0,0.0,0.0,0.141929,0.402918,0.481939,0.202757,0.621059,0.631571,-0.417484,0.00918155,0.278796,0.0430013,0.673,0.130171,0.3581,-0.633949
4.438536882400513,0.0,0.0,0.0,0.0,0.0,0.0,0.141929,0.402918,0.481939,0.202757,0.621059,0.631571,-0.417484,0.00918155,0.278796,0.0430013,0.673,0.130171,0.3581,-0.633949
4.455248117446899,0.0,0.0,0.0,0.0,0.0,0.0,0.14193,0.402918,0.48194,0.202783,0.621083,0.631584,-0.417416,0.00918267,0.278795,0.0429993,0.673009,0.13018,0.358087,-0.633944
4.455359697341919,0.0,0.0,0.0,0.0,0.0,0.0,0.14193,0.402918,0.48194,0.202783,0.621083,0.631584,-0.417416,0.00918267,0.278795,0.0429993,0.673009,0.13018,0.358087,-0.633944
4.471983194351196,0.0,0.0,0.0,0.0,0.0,0.0,0.141932,0.402919,0.481939,0.202733,0.621131,0.631551,-0.41742,0.0091837,0.278795,0.043002,0.673022,0.130141,0.358113,-0.633924
4.47210168838501,0.0,0.0,0.0,0.0,0.0,0.0,0.141932,0.402919,0.481939,0.202733,0.621131,0.631551,-0.41742,0.0091837,0.278795,0.043002,0.673022,0.130141,0.358113,-0.633924
4.488593816757202,0.0,0.0,0.0,0.0,0.0,0.0,0.141909,0.402904,0.481945,0.207783,0.619149,0.628851,-0.421933,0.00918236,0.278796,0.0430061,0.673125,0.13038,0.358064,-0.633793
4.488701105117798,0.0,0.0,0.0,0.0,0.0,0.0,0.141909,0.402904,0.481945,0.207783,0.619149,0.628851,-0.421933,0.00918236,0.278796,0.0430061,0.673125,0.13038,0.358064,-0.633793
4.522116661071777,0.0,0.0,0.0,0.0,0.0,0.0,0.141932,0.402921,0.481941,0.202705,0.621111,0.631605,-0.417381,0.00918518,0.278796,0.0430048,0.67317,0.130379,0.358047,-0.633755
4.522221088409424,0.0,0.0,0.0,0.0,0.0,0.0,0.141932,0.402921,0.481941,0.202705,0.621111,0.631605,-0.417381,0.00918518,0.278796,0.0430048,0.67317,0.130379,0.358047,-0.633755
4.538114070892334,0.0,0.0,0.0,0.0,0.0,0.0,0.141913,0.402944,0.481915,0.203439,0.62162,0.630858,-0.417395,0.00919331,0.278816,0.0430568,0.672676,0.129583,0.358363,-0.634264
4.538216590881348,0.0,0.0,0.0,0.0,0.0,0.0,0.141913,0.402944,0.481915,0.203439,0.62162,0.630858,-0.417395,0.00919331,0.278816,0.0430568,0.672676,0.129583,0.358363,-0.634264
4.555805206298828,0.0,0.0,0.0,0.0,0.0,0.0,0.141932,0.402919,0.481942,0.20274,0.62108,0.631601,-0.417415,0.00918322,0.278794,0.0430022,0.673025,0.130152,0.358094,-0.63393
4.555914878845215,0.0,0.0,0.0,0.0,0.0,0.0,0.141932,0.402919,0.481942,0.20274,0.62108,0.631601,-0.417415,0.00918322,0.278794,0.0430022,0.673025,0.130152,0.358094,-0.63393
4.572683572769165,0.0,0.0,0.0,0.0,0.0,0.0,0.141931,0.402918,0.481939,0.202737,0.621119,0.631568,-0.41741,0.0091951,0.278815,0.0430563,0.672716,0.129559,0.358355,-0.634232
4.5727925300598145,0.0,0.0,0.0,0.0,0.0,0.0,0.141931,0.402918,0.481939,0.202737,0.621119,0.631568,-0.41741,0.0091951,0.278815,0.0430563,0.672716,0.129559,0.358355,-0.634232
4.589156150817871,0.0,0.0,0.0,0.0,0.0,0.0,0.141928,0.402876,0.481968,0.207137,0.618646,0.629523,-0.421986,0.00918194,0.278793,0.0430012,0.67304,0.130163,0.358082,-0.633918
4.589272737503052,0.0,0.0,0.0,0.0,0.0,0.0,0.141928,0.402876,0.481968,0.207137,0.618646,0.629523,-0.421986,0.00918194,0.278793,0.0430012,0.67304,0.130163,0.358082,-0.633918
4.62172532081604,0.0,0.0,0.0,0.0,0.0,0.0,0.141931,0.402918,0.481939,0.202745,0.621089,0.631584,-0.417427,0.00916991,0.278804,0.0430089,0.67286,0.130136,0.357945,-0.634192
4.621840715408325,0.0,0.0,0.0,0.0,0.0,0.0,0.141931,0.402918,0.481939,0.202745,0.621089,0.631584,-0.417427,0.00916991,0.278804,0.0430089,0.67286,0.130136,0.357945,-0.634192
4.6386191844940186,0.0,0.0,0.0,0.0,0.0,0.0,0.141929,0.40292,0.48194,0.202732,0.621079,0.63159,-0.417439,0.00918271,0.278793,0.0430008,0.673035,0.13014,0.358109,-0.633912
4.638733148574829,0.0,0.0,0.0,0.0,0.0,0.0,0.141929,0.40292,0.48194,0.202732,0.621079,0.63159,-0.417439,0.00918271,0.278793,0.0430008,0.673035,0.13014,0.358109,-0.633912
4.655282020568848,0.0,0.0,0.0,0.0,0.0,0.0,0.141931,0.40292,0.48194,0.20274,0.621086,0.631577,-0.417444,0.00918376,0.278795,0.0430044,0.673153,0.130406,0.358007,-0.63379
4.655393838882446,0.0,0.0,0.0,0.0,0.0,0.0,0.141931,0.40292,0.48194,0.20274,0.621086,0.631577,-0.417444,0.00918376,0.278795,0.0430044,0.673153,0.130406,0.358007,-0.63379
4.672209739685059,0.0,0.0,0.0,0.0,0.0,0.0,0.141912,0.402945,0.481916,0.203407,0.621619,0.630905,-0.417342,0.00919391,0.278818,0.0430606,0.672613,0.12937,0.358391,-0.634359
4.672317028045654,0.0,0.0,0.0,0.0,0.0,0.0,0.141912,0.402945,0.481916,0.203407,0.621619,0.630905,-0.417342,0.00919391,0.278818,0.0430606,0.672613,0.12937,0.358391,-0.634359
4.688619375228882,0.0,0.0,0.0,0.0,0.0,0.0,0.141931,0.402919,0.48194,0.202747,0.621092,0.63158,-0.417428,0.00918196,0.278795,0.0430005,0.67301,0.130156,0.358081,-0.633952
4.688734292984009,0.0,0.0,0.0,0.0,0.0,0.0,0.141931,0.402919,0.48194,0.202747,0.621092,0.63158,-0.417428,0.00918196,0.278795,0.0430005,0.67301,0.130156,0.358081,-0.633952
4.721982479095459,0.0,0.0,0.0,0.0,0.0,0.0,0.141929,0.402918,0.481941,0.202711,0.621097,0.631604,-0.4174,0.00919417,0.27882,0.0430683,0.672716,0.129516,0.35829,-0.634276
4.722100734710693,0.0,0.0,0.0,0.0,0.0,0.0,0.141929,0.402918,0.481941,0.202711,0.621097,0.631604,-0.4174,0.00919417,0.27882,0.0430683,0.672716,0.129516,0.35829,-0.634276
4.738444089889526,0.0,0.0,0.0,0.0,0.0,0.0,0.141932,0.402919,0.481942,0.20273,0.621097,0.631605,-0.41739,0.00916997,0.278802,0.0430106,0.672856,0.130109,0.357904,-0.634224
4.738560676574707,0.0,0.0,0.0,0.0,0.0,0.0,0.141932,0.402919,0.481942,0.20273,0.621097,0.631605,-0.41739,0.00916997,0.278802,0.0430106,0.672856,0.130109,0.357904,-0.634224
4.755191326141357,0.0,0.0,0.0,0.0,0.0,0.0,0.141948,0.402935,0.481926,0.20274,0.621459,0.63104,-0.417699,0.00917034,0.278803,0.0430108,0.672871,0.130131,0.357906,-0.634203
4.755307197570801,0.0,0.0,0.0,0.0,0.0,0.0,0.141948,0.402935,0.481926,0.20274,0.621459,0.63104,-0.417699,0.00917034,0.278803,0.0430108,0.672871,0.130131,0.357906,-0.634203
4.771945238113403,0.0,0.0,0.0,0.0,0.0,0.0,0.141911,0.402944,0.481917,0.203405,0.621599,0.630924,-0.417343,0.00919479,0.278814,0.0430511,0.672576,0.129411,0.35843,-0.634367
4.772068738937378,0.0,0.0,0.0,0.0,0.0,0.0,0.141911,0.402944,0.481917,0.203405,0.621599,0.630924,-0.417343,0.00919479,0.278814,0.0430511,0.672576,0.129411,0.35843,-0.634367
4.788318395614624,0.0,0.0,0.0,0.0,0.0,0.0,0.141931,0.402919,0.481941,0.20273,0.621095,0.631576,-0.417436,0.00918236,0.278796,0.0430004,0.673026,0.130165,0.358103,-0.633921
4.788424730300903,0.0,0.0,0.0,0.0,0.0,0.0,0.141931,0.402919,0.481941,0.20273,0.621095,0.631576,-0.417436,0.00918236,0.278796,0.0430004,0.673026,0.130165,0.358103,-0.633921
4.822687149047852,0.0,0.0,0.0,0.0,0.0,0.0,0.141931,0.40292,0.481941,0.202741,0.621101,0.631604,-0.41738,0.00918306,0.278793,0.0430011,0.67302,0.130157,0.358098,-0.633931
4.822830438613892,0.0,0.0,0.0,0.0,0.0,0.0,0.141931,0.40292,0.481941,0.202741,0.621101,0.631604,-0.41738,0.00918306,0.278793,0.0430011,0.67302,0.130157,0.358098,-0.633931
4.840178489685059,0.0,0.0,0.0,0.0,0.0,0.0,0.141931,0.40292,0.481941,0.202721,0.621072,0.631603,-0.417434,0.00918229,0.278795,0.0430014,0.673036,0.130136,0.358074,-0.633932
4.84031867980957,0.0,0.0,0.0,0.0,0.0,0.0,0.141931,0.40292,0.481941,0.202721,0.621072,0.631603,-0.417434,0.00918229,0.278795,0.0430014,0.673036,0.130136,0.358074,-0.633932
4.856647968292236,0.0,0.0,0.0,0.0,0.0,0.0,0.141931,0.402918,0.481942,0.202744,0.621113,0.631563,-0.417423,0.00916986,0.278803,0.0430099,0.672884,0.130123,0.357919,-0.634183
4.856788635253906,0.0,0.0,0.0,0.0,0.0,0.0,0.141931,0.402918,0.481942,0.202744,0.621113,0.631563,-0.417423,0.00916986,0.278803,0.0430099,0.672884,0.130123,0.357919,-0.634183
4.872814416885376,0.0,0.0,0.0,0.0,0.0,0.0,0.14191,0.402944,0.481916,0.203407,0.621601,0.630907,-0.417366,0.00918185,0.278823,0.0430666,0.672546,0.129534,0.358167,-0.634522
4.872952938079834,0.0,0.0,0.0,0.0,0.0,0.0,0.14191,0.402944,0.481916,0.203407,0.621601,0.630907,-0.417366,0.00918185,0.278823,0.0430666,0.672546,0.129534,0.358167,-0.634522
4.888442516326904,0.0,0.0,0.0,0.0,0.0,0.0,0.141931,0.402919,0.481941,0.202705,0.621107,0.631589,-0.417411,0.00919444,0.278814,0.0430576,0.672706,0.129557,0.358327,-0.634258
4.888547897338867,0.0,0.0,0.0,0.0,0.0,0.0,0.141931,0.402919,0.481941,0.202705,0.621107,0.631589,-0.417411,0.00919444,0.278814,0.0430576,0.672706,0.129557,0.358327,-0.634258
4.92230749130249,0.0,0.0,0.0,0.0,0.0,0.0,0.141931,0.402919,0.481941,0.202744,0.621077,0.631592,-0.417432,0.00918384,0.278793,0.0430072,0.673155,0.130361,0.35803,-0.633784
4.922413110733032,0.0,0.0,0.0,0.0,0.0,0.0,0.141931,0.402919,0.481941,0.202744,0.621077,0.631592,-0.417432,0.00918384,0.278793,0.0430072,0.673155,0.130361,0.35803,-0.633784
4.938805103302002,0.0,0.0,0.0,0.0,0.0,0.0,0.141932,0.402919,0.481941,0.202786,0.621068,0.631568,-0.41746,0.00919406,0.278817,0.0430576,0.672692,0.129567,0.358362,-0.634251
4.938911199569702,0.0,0.0,0.0,0.0,0.0,0.0,0.141932,0.402919,0.481941,0.202786,0.621068,0.631568,-0.41746,0.00919406,0.278817,0.0430576,0.672692,0.129567,0.358362,-0.634251
4.954932689666748,0.0,0.0,0.0,0.0,0.0,0.0,0.14193,0.402917,0.48194,0.202753,0.6211,0.631575,-0.417419,0.00918319,0.278795,0.0430077,0.673129,0.13038,0.358019,-0.633814
4.955063343048096,0.0,0.0,0.0,0.0,0.0,0.0,0.14193,0.402917,0.48194,0.202753,0.6211,0.631575,-0.417419,0.00918319,0.278795,0.0430077,0.673129,0.13038,0.358019,-0.633814
4.972118139266968,0.0,0.0,0.0,0.0,0.0,0.0,0.141931,0.402917,0.481942,0.202731,0.621086,0.631609,-0.417399,0.00917053,0.278801,0.0430187,0.672983,0.130336,0.357844,-0.634077
4.97222638130188,0.0,0.0,0.0,0.0,0.0,0.0,0.141931,0.402917,0.481942,0.202731,0.621086,0.631609,-0.417399,0.00917053,0.278801,0.0430187,0.672983,0.130336,0.357844,-0.634077
4.989315032958984,0.0,0.0,0.0,0.0,0.0,0.0,0.14193,0.40292,0.48194,0.20278,0.621058,0.631594,-0.41744,0.00918411,0.278796,0.0430068,0.673134,0.130389,0.358013,-0.633811
4.989421844482422,0.0,0.0,0.0,0.0,0.0,0.0,0.14193,0.40292,0.48194,0.20278,0.621058,0.631594,-0.41744,0.00918411,0.278796,0.0430068,0.673134,0.130389,0.358013,-0.633811
5.009132623672485,0.0,0.0,0.0,0.0,0.0,0.0,0.141931,0.402917,0.481942,0.202729,0.621106,0.631574,-0.417423,0.00918267,0.278793,0.0430028,0.673016,0.130154,0.358132,-0.633917
5.009246110916138,0.0,0.0,0.0,0.0,0.0,0.0,0.141931,0.402917,0.481942,0.202729,0.621106,0.631574,-0.417423,0.00918267,0.278793,0.0430028,0.673016,0.130154,0.358132,-0.633917
5.02910041809082,0.0,0.0,0.0,0.0,0.0,0.0,0.14193,0.402879,0.481969,0.207077,0.618656,0.629544,-0.42197,0.00920051,0.278848,0.0430847,0.672201,0.129474,0.358564,-0.634676
5.029211044311523,0.0,0.0,0.0,0.0,0.0,0.0,0.14193,0.402879,0.481969,0.207077,0.618656,0.629544,-0.42197,0.00920051,0.278848,0.0430847,0.672201,0.129474,0.358564,-0.634676
5.055160284042358,0.0,0.0,0.0,0.0,0.0,0.0,0.141914,0.402945,0.481916,0.20343,0.621633,0.630908,-0.417306,0.0091832,0.278823,0.0430729,0.672473,0.129322,0.358179,-0.634636
5.055272102355957,0.0,0.0,0.0,0.0,0.0,0.0,0.141914,0.402945,0.481916,0.20343,0.621633,0.630908,-0.417306,0.0091832,0.278823,0.0430729,0.672473,0.129322,0.358179,-0.634636
5.072012186050415,0.0,0.0,0.0,0.0,0.0,0.0,0.141932,0.40292,0.48194,0.202748,0.6211,0.631576,-0.417421,0.00917183,0.278805,0.0430165,0.672987,0.130389,0.357867,-0.634049
5.0721259117126465,0.0,0.0,0.0,0.0,0.0,0.0,0.141932,0.40292,0.48194,0.202748,0.6211,0.631576,-0.417421,0.00917183,0.278805,0.0430165,0.672987,0.130389,0.357867,-0.634049
5.088343381881714,0.0,0.0,0.0,0.0,0.0,0.0,0.141931,0.402919,0.481941,0.202726,0.621111,0.631588,-0.417397,0.00919446,0.278814,0.0430567,0.672698,0.129587,0.358361,-0.634241
5.088453531265259,0.0,0.0,0.0,0.0,0.0,0.0,0.141931,0.402919,0.481941,0.202726,0.621111,0.631588,-0.417397,0.00919446,0.278814,0.0430567,0.672698,0.129587,0.358361,-0.634241
5.109233856201172,0.0,0.0,0.0,0.0,0.0,0.0,0.141931,0.402917,0.481942,0.202745,0.62107,0.631609,-0.417416,0.0091843,0.278799,0.0430181,0.673152,0.130331,0.357997,-0.633812
5.109338045120239,0.0,0.0,0.0,0.0,0.0,0.0,0.141931,0.402917,0.481942,0.202745,0.62107,0.631609,-0.417416,0.0091843,0.278799,0.0430181,0.673152,0.130331,0.357997,-0.633812
5.129024028778076,0.0,0.0,0.0,0.0,0.0,0.0,0.141932,0.40292,0.481942,0.202693,0.621124,0.631591,-0.417389,0.00918816,0.278827,0.0430355,0.672625,0.130266,0.358247,-0.634244
5.129135608673096,0.0,0.0,0.0,0.0,0.0,0.0,0.141932,0.40292,0.481942,0.202693,0.621124,0.631591,-0.417389,0.00918816,0.278827,0.0430355,0.672625,0.130266,0.358247,-0.634244
