# Timestamp, Fx, Fy, Fz, Tx, Ty, Tz, FemurPosX, FemurPosY, FemurPosZ, FemurQuatW, FemurQuatX, FemurQuatY, FemurQuatZ, TibiaPosX, TibiaPosY, TibiaPosZ, TibiaQuatW, TibiaQuatX, TibiaQuatY, TibiaQuatZ
0.021820783615112305,0.0,0.0,0.0,0.0,0.0,0.0,0.14191,0.402945,0.481918,0.203446,0.62159,0.63088,-0.417404,0.0091783,0.278819,0.0430693,0.672557,0.129487,0.358184,-0.634511
0.02194499969482422,0.0,0.0,0.0,0.0,0.0,0.0,0.14191,0.402945,0.481918,0.203446,0.62159,0.63088,-0.417404,0.0091783,0.278819,0.0430693,0.672557,0.129487,0.358184,-0.634511
0.03852128982543945,0.0,0.0,0.0,0.0,0.0,0.0,0.14193,0.402918,0.481942,0.202789,0.621084,0.631564,-0.417442,0.00919173,0.27881,0.0430578,0.672713,0.129568,0.358334,-0.634244
0.03863787651062012,0.0,0.0,0.0,0.0,0.0,0.0,0.14193,0.402918,0.481942,0.202789,0.621084,0.631564,-0.417442,0.00919173,0.27881,0.0430578,0.672713,0.129568,0.358334,-0.634244
0.05534100532531738,0.0,0.0,0.0,0.0,0.0,0.0,0.141911,0.402947,0.481918,0.203421,0.621616,0.630874,-0.417386,0.009169,0.278802,0.043018,0.67299,0.130373,0.357897,-0.634032
0.05545759201049805,0.0,0.0,0.0,0.0,0.0,0.0,0.141911,0.402947,0.481918,0.203421,0.621616,0.630874,-0.417386,0.009169,0.278802,0.043018,0.67299,0.130373,0.357897,-0.634032
0.0720212459564209,0.0,0.0,0.0,0.0,0.0,0.0,0.141911,0.402945,0.481918,0.203423,0.62164,0.630872,-0.417352,0.00917904,0.278791,0.0430071,0.67315,0.130386,0.358057,-0.633769
0.07213473320007324,0.0,0.0,0.0,0.0,0.0,0.0,0.141911,0.402945,0.481918,0.203423,0.62164,0.630872,-0.417352,0.00917904,0.278791,0.0430071,0.67315,0.130386,0.358057,-0.633769
0.08884572982788086,0.0,0.0,0.0,0.0,0.0,0.0,0.14193,0.402919,0.481944,0.202766,0.621099,0.631562,-0.417435,0.00916706,0.278799,0.0430213,0.672978,0.130331,0.357853,-0.634079
0.08896040916442871,0.0,0.0,0.0,0.0,0.0,0.0,0.14193,0.402919,0.481944,0.202766,0.621099,0.631562,-0.417435,0.00916706,0.278799,0.0430213,0.672978,0.130331,0.357853,-0.634079
0.10532450675964355,0.0,0.0,0.0,0.0,0.0,0.0,0.14191,0.402944,0.481917,0.203481,0.621615,0.630881,-0.417348,0.00916536,0.278798,0.0430125,0.672874,0.130111,0.35793,-0.634191
0.1054391860961914,0.0,0.0,0.0,0.0,0.0,0.0,0.14191,0.402944,0.481917,0.203481,0.621615,0.630881,-0.417348,0.00916536,0.278798,0.0430125,0.672874,0.130111,0.35793,-0.634191
0.13865184783935547,0.0,0.0,0.0,0.0,0.0,0.0,0.141931,0.402921,0.481945,0.202723,0.621091,0.631616,-0.417386,0.00918055,0.278817,0.0430641,0.672442,0.129378,0.358264,-0.63461
0.13877296447753906,0.0,0.0,0.0,0.0,0.0,0.0,0.141931,0.402921,0.481945,0.202723,0.621091,0.631616,-0.417386,0.00918055,0.278817,0.0430641,0.672442,0.129378,0.358264,-0.63461
0.1552903652191162,0.0,0.0,0.0,0.0,0.0,0.0,0.141929,0.402918,0.481941,0.202762,0.621101,0.631562,-0.417432,0.00917969,0.278824,0.0430737,0.672466,0.129289,0.358211,-0.634632
0.15540385246276855,0.0,0.0,0.0,0.0,0.0,0.0,0.141929,0.402918,0.481941,0.202762,0.621101,0.631562,-0.417432,0.00917969,0.278824,0.0430737,0.672466,0.129289,0.358211,-0.634632
0.1715869903564453,0.0,0.0,0.0,0.0,0.0,0.0,0.141932,0.402921,0.481944,0.202788,0.621097,0.631567,-0.417419,0.00917849,0.27882,0.0430698,0.67256,0.129535,0.358161,-0.634511
0.17170310020446777,0.0,0.0,0.0,0.0,0.0,0.0,0.141932,0.402921,0.481944,0.202788,0.621097,0.631567,-0.417419,0.00917849,0.27882,0.0430698,0.67256,0.129535,0.358161,-0.634511
0.1891319751739502,0.0,0.0,0.0,0.0,0.0,0.0,0.141912,0.402944,0.481918,0.20344,0.621619,0.630872,-0.417376,0.00919058,0.27881,0.0430597,0.672677,0.129554,0.358356,-0.634273
0.18924617767333984,0.0,0.0,0.0,0.0,0.0,0.0,0.141912,0.402944,0.481918,0.20344,0.621619,0.630872,-0.417376,0.00919058,0.27881,0.0430597,0.672677,0.129554,0.358356,-0.634273
0.20644402503967285,0.0,0.0,0.0,0.0,0.0,0.0,0.141911,0.402947,0.481918,0.203456,0.621602,0.630893,-0.417361,0.0091777,0.27882,0.0430692,0.672539,0.129534,0.358166,-0.634531
0.2065727710723877,0.0,0.0,0.0,0.0,0.0,0.0,0.141911,0.402947,0.481918,0.203456,0.621602,0.630893,-0.417361,0.0091777,0.27882,0.0430692,0.672539,0.129534,0.358166,-0.634531
0.22576642036437988,0.0,0.0,0.0,0.0,0.0,0.0,0.141931,0.402919,0.481943,0.202713,0.621131,0.631583,-0.417381,0.00916805,0.278798,0.0430142,0.672859,0.130154,0.35791,-0.634209
0.2258756160736084,0.0,0.0,0.0,0.0,0.0,0.0,0.141931,0.402919,0.481943,0.202713,0.621131,0.631583,-0.417381,0.00916805,0.278798,0.0430142,0.672859,0.130154,0.35791,-0.634209
0.25517964363098145,0.0,0.0,0.0,0.0,0.0,0.0,0.14191,0.402945,0.481917,0.203459,0.621596,0.630894,-0.417367,0.00916821,0.278801,0.0430188,0.672985,0.130379,0.357855,-0.63406
0.2552938461303711,0.0,0.0,0.0,0.0,0.0,0.0,0.14191,0.402945,0.481917,0.203459,0.621596,0.630894,-0.417367,0.00916821,0.278801,0.0430188,0.672985,0.130379,0.357855,-0.63406
0.2720174789428711,0.0,0.0,0.0,0.0,0.0,0.0,0.141931,0.402919,0.481943,0.202729,0.621132,0.63157,-0.417391,0.00916922,0.278796,0.0430137,0.672891,0.130135,0.357931,-0.634167
0.27213120460510254,0.0,0.0,0.0,0.0,0.0,0.0,0.141931,0.402919,0.481943,0.202729,0.621132,0.63157,-0.417391,0.00916922,0.278796,0.0430137,0.672891,0.130135,0.357931,-0.634167
0.28826379776000977,0.0,0.0,0.0,0.0,0.0,0.0,0.14193,0.40292,0.481945,0.202684,0.621133,0.631582,-0.417395,0.00918065,0.278791,0.0430104,0.673157,0.130379,0.358036,-0.633776
0.2883749008178711,0.0,0.0,0.0,0.0,0.0,0.0,0.14193,0.40292,0.481945,0.202684,0.621133,0.631582,-0.417395,0.00918065,0.278791,0.0430104,0.673157,0.130379,0.358036,-0.633776
0.3052957057952881,0.0,0.0,0.0,0.0,0.0,0.0,0.141911,0.402947,0.481917,0.203416,0.621629,0.630884,-0.417354,0.00906729,0.27872,0.0431586,0.671804,0.129328,0.355301,-0.636957
0.30540990829467773,0.0,0.0,0.0,0.0,0.0,0.0,0.141911,0.402947,0.481917,0.203416,0.621629,0.630884,-0.417354,0.00906729,0.27872,0.0431586,0.671804,0.129328,0.355301,-0.636957
0.33858585357666016,0.0,0.0,0.0,0.0,0.0,0.0,0.14193,0.40292,0.481943,0.202713,0.621144,0.631559,-0.417398,0.00916734,0.278799,0.043019,0.672986,0.130363,0.357849,-0.634066
0.33870792388916016,0.0,0.0,0.0,0.0,0.0,0.0,0.14193,0.40292,0.481943,0.202713,0.621144,0.631559,-0.417398,0.00916734,0.278799,0.043019,0.672986,0.130363,0.357849,-0.634066
0.35518932342529297,0.0,0.0,0.0,0.0,0.0,0.0,0.14193,0.40292,0.481943,0.202763,0.621118,0.631561,-0.41741,0.0091775,0.278821,0.0430686,0.672544,0.12957,0.358166,-0.634518
0.3553025722503662,0.0,0.0,0.0,0.0,0.0,0.0,0.14193,0.40292,0.481943,0.202763,0.621118,0.631561,-0.41741,0.0091775,0.278821,0.0430686,0.672544,0.12957,0.358166,-0.634518
0.37154698371887207,0.0,0.0,0.0,0.0,0.0,0.0,0.141931,0.402918,0.481945,0.202729,0.621133,0.631536,-0.417441,0.00919391,0.278812,0.0430728,0.672754,0.129507,0.358226,-0.634274
0.3716585636138916,0.0,0.0,0.0,0.0,0.0,0.0,0.141931,0.402918,0.481945,0.202729,0.621133,0.631536,-0.417441,0.00919391,0.278812,0.0430728,0.672754,0.129507,0.358226,-0.634274
0.3886983394622803,0.0,0.0,0.0,0.0,0.0,0.0,0.141929,0.402919,0.481941,0.20277,0.621111,0.631558,-0.41742,0.0091825,0.278795,0.0430199,0.673178,0.130302,0.357998,-0.63379
0.3888111114501953,0.0,0.0,0.0,0.0,0.0,0.0,0.141929,0.402919,0.481941,0.20277,0.621111,0.631558,-0.41742,0.0091825,0.278795,0.0430199,0.673178,0.130302,0.357998,-0.63379
0.40506649017333984,0.0,0.0,0.0,0.0,0.0,0.0,0.141929,0.402919,0.481944,0.202734,0.621122,0.631557,-0.417425,0.00918173,0.278791,0.0430093,0.673148,0.130393,0.358028,-0.633786
0.40517425537109375,0.0,0.0,0.0,0.0,0.0,0.0,0.141929,0.402919,0.481944,0.202734,0.621122,0.631557,-0.417425,0.00918173,0.278791,0.0430093,0.673148,0.130393,0.358028,-0.633786
0.4564507007598877,0.0,0.0,0.0,0.0,0.0,0.0,0.141928,0.402918,0.481942,0.202748,0.621132,0.631563,-0.417393,0.00917971,0.278824,0.0430789,0.672589,0.129482,0.358109,-0.634521
0.4568049907684326,0.0,0.0,0.0,0.0,0.0,0.0,0.141928,0.402918,0.481942,0.202748,0.621132,0.631563,-0.417393,0.00917971,0.278824,0.0430789,0.672589,0.129482,0.358109,-0.634521
0.4820213317871094,0.0,0.0,0.0,0.0,0.0,0.0,0.14193,0.402918,0.481945,0.20273,0.6211,0.631576,-0.417429,0.00908124,0.278741,0.0432201,0.671441,0.128469,0.355501,-0.637402
0.4822261333465576,0.0,0.0,0.0,0.0,0.0,0.0,0.14193,0.402918,0.481945,0.20273,0.6211,0.631576,-0.417429,0.00908124,0.278741,0.0432201,0.671441,0.128469,0.355501,-0.637402
0.4993925094604492,0.0,0.0,0.0,0.0,0.0,0.0,0.141931,0.40292,0.481945,0.202707,0.621157,0.63157,-0.417365,0.00919139,0.278811,0.0430605,0.672692,0.129581,0.358368,-0.634245
0.499525785446167,0.0,0.0,0.0,0.0,0.0,0.0,0.141931,0.40292,0.481945,0.202707,0.621157,0.63157,-0.417365,0.00919139,0.278811,0.0430605,0.672692,0.129581,0.358368,-0.634245
0.5215606689453125,0.0,0.0,0.0,0.0,0.0,0.0,0.141911,0.402943,0.481922,0.20334,0.621583,0.630997,-0.417289,0.00916886,0.278799,0.0430181,0.672983,0.130408,0.35784,-0.634065
0.5216758251190186,0.0,0.0,0.0,0.0,0.0,0.0,0.141911,0.402943,0.481922,0.20334,0.621583,0.630997,-0.417289,0.00916886,0.278799,0.0430181,0.672983,0.130408,0.35784,-0.634065
0.5387661457061768,0.0,0.0,0.0,0.0,0.0,0.0,0.141931,0.402921,0.481942,0.202732,0.621121,0.631563,-0.417416,0.00917945,0.278821,0.0430708,0.672554,0.129534,0.358172,-0.634512
0.5388798713684082,0.0,0.0,0.0,0.0,0.0,0.0,0.141931,0.402921,0.481942,0.202732,0.621121,0.631563,-0.417416,0.00917945,0.278821,0.0430708,0.672554,0.129534,0.358172,-0.634512
0.5717673301696777,0.0,0.0,0.0,0.0,0.0,0.0,0.141932,0.40292,0.481942,0.202741,0.621131,0.631541,-0.417431,0.00919155,0.27881,0.0430618,0.672706,0.129556,0.358346,-0.634248
0.5718944072723389,0.0,0.0,0.0,0.0,0.0,0.0,0.141932,0.40292,0.481942,0.202741,0.621131,0.631541,-0.417431,0.00919155,0.27881,0.0430618,0.672706,0.129556,0.358346,-0.634248
0.5881640911102295,0.0,0.0,0.0,0.0,0.0,0.0,0.141911,0.402946,0.481918,0.203431,0.62162,0.630882,-0.417363,0.00918975,0.278806,0.0430563,0.672596,0.12935,0.358449,-0.634348
0.5882768630981445,0.0,0.0,0.0,0.0,0.0,0.0,0.141911,0.402946,0.481918,0.203431,0.62162,0.630882,-0.417363,0.00918975,0.278806,0.0430563,0.672596,0.12935,0.358449,-0.634348
0.6057479381561279,0.0,0.0,0.0,0.0,0.0,0.0,0.14191,0.402944,0.481917,0.203466,0.621623,0.630857,-0.417379,0.009179,0.27879,0.0430098,0.673141,0.13034,0.358053,-0.633791
0.6058633327484131,0.0,0.0,0.0,0.0,0.0,0.0,0.14191,0.402944,0.481917,0.203466,0.621623,0.630857,-0.417379,0.009179,0.27879,0.0430098,0.673141,0.13034,0.358053,-0.633791
0.622173547744751,0.0,0.0,0.0,0.0,0.0,0.0,0.141931,0.40292,0.481943,0.202758,0.621109,0.631585,-0.417387,0.00917797,0.278817,0.0430704,0.672571,0.129493,0.35818,-0.634497
0.622286319732666,0.0,0.0,0.0,0.0,0.0,0.0,0.141931,0.40292,0.481943,0.202758,0.621109,0.631585,-0.417387,0.00917797,0.278817,0.0430704,0.672571,0.129493,0.35818,-0.634497
0.6389732360839844,0.0,0.0,0.0,0.0,0.0,0.0,0.141931,0.40292,0.481943,0.202723,0.621118,0.631579,-0.417401,0.0091689,0.278799,0.043019,0.672993,0.130338,0.357868,-0.634053
0.6390841007232666,0.0,0.0,0.0,0.0,0.0,0.0,0.141931,0.40292,0.481943,0.202723,0.621118,0.631579,-0.417401,0.0091689,0.278799,0.043019,0.672993,0.130338,0.357868,-0.634053
0.6718964576721191,0.0,0.0,0.0,0.0,0.0,0.0,0.14193,0.402918,0.481942,0.202769,0.621117,0.631547,-0.41743,0.00916611,0.278799,0.0430198,0.672994,0.130327,0.35789,-0.634042
0.6720106601715088,0.0,0.0,0.0,0.0,0.0,0.0,0.14193,0.402918,0.481942,0.202769,0.621117,0.631547,-0.41743,0.00916611,0.278799,0.0430198,0.672994,0.130327,0.35789,-0.634042
0.6886100769042969,0.0,0.0,0.0,0.0,0.0,0.0,0.141931,0.402921,0.481944,0.20274,0.621138,0.631569,-0.417379,0.00919184,0.27881,0.0430604,0.672715,0.129558,0.358378,-0.63422
0.6887331008911133,0.0,0.0,0.0,0.0,0.0,0.0,0.141931,0.402921,0.481944,0.20274,0.621138,0.631569,-0.417379,0.00919184,0.27881,0.0430604,0.672715,0.129558,0.358378,-0.63422
0.7051565647125244,0.0,0.0,0.0,0.0,0.0,0.0,0.141931,0.40292,0.481943,0.202708,0.621138,0.63155,-0.417422,0.00918003,0.278789,0.0430113,0.673143,0.130357,0.358037,-0.633794
0.7052717208862305,0.0,0.0,0.0,0.0,0.0,0.0,0.141931,0.40292,0.481943,0.202708,0.621138,0.63155,-0.417422,0.00918003,0.278789,0.0430113,0.673143,0.130357,0.358037,-0.633794
0.7220144271850586,0.0,0.0,0.0,0.0,0.0,0.0,0.141931,0.40292,0.481942,0.202751,0.621096,0.631608,-0.417376,0.00906885,0.278717,0.043158,0.671846,0.12936,0.355288,-0.636914
0.7221276760101318,0.0,0.0,0.0,0.0,0.0,0.0,0.141931,0.40292,0.481942,0.202751,0.621096,0.631608,-0.417376,0.00906885,0.278717,0.043158,0.671846,0.12936,0.355288,-0.636914
0.7387087345123291,0.0,0.0,0.0,0.0,0.0,0.0,0.141912,0.402947,0.481919,0.203428,0.621627,0.630913,-0.417308,0.0091803,0.27879,0.0430111,0.673147,0.13034,0.358013,-0.633807
0.7388215065002441,0.0,0.0,0.0,0.0,0.0,0.0,0.141912,0.402947,0.481919,0.203428,0.621627,0.630913,-0.417308,0.0091803,0.27879,0.0430111,0.673147,0.13034,0.358013,-0.633807
0.7718973159790039,0.0,0.0,0.0,0.0,0.0,0.0,0.14193,0.40292,0.481944,0.202735,0.621115,0.631565,-0.41742,0.0091806,0.278791,0.0430099,0.673157,0.130369,0.358062,-0.633763
0.7720096111297607,0.0,0.0,0.0,0.0,0.0,0.0,0.14193,0.40292,0.481944,0.202735,0.621115,0.631565,-0.41742,0.0091806,0.278791,0.0430099,0.673157,0.130369,0.358062,-0.633763
0.7883093357086182,0.0,0.0,0.0,0.0,0.0,0.0,0.141911,0.402945,0.481918,0.203429,0.621616,0.630892,-0.417355,0.00916735,0.278801,0.0430188,0.672987,0.130338,0.35786,-0.634063
0.7884180545806885,0.0,0.0,0.0,0.0,0.0,0.0,0.141911,0.402945,0.481918,0.203429,0.621616,0.630892,-0.417355,0.00916735,0.278801,0.0430188,0.672987,0.130338,0.35786,-0.634063
0.8052921295166016,0.0,0.0,0.0,0.0,0.0,0.0,0.141931,0.402919,0.481943,0.202734,0.621109,0.631574,-0.417417,0.0091934,0.278812,0.043071,0.672739,0.129483,0.358284,-0.634262
0.8054075241088867,0.0,0.0,0.0,0.0,0.0,0.0,0.141931,0.402919,0.481943,0.202734,0.621109,0.631574,-0.417417,0.0091934,0.278812,0.043071,0.672739,0.129483,0.358284,-0.634262
0.8220112323760986,0.0,0.0,0.0,0.0,0.0,0.0,0.141912,0.402947,0.481919,0.203441,0.621612,0.630902,-0.417341,0.00918064,0.278794,0.0430097,0.673124,0.130366,0.358078,-0.633789
0.8221251964569092,0.0,0.0,0.0,0.0,0.0,0.0,0.141912,0.402947,0.481919,0.203441,0.621612,0.630902,-0.417341,0.00918064,0.278794,0.0430097,0.673124,0.130366,0.358078,-0.633789
0.8386585712432861,0.0,0.0,0.0,0.0,0.0,0.0,0.141929,0.402917,0.481942,0.202772,0.621113,0.63158,-0.417384,0.00917806,0.278817,0.0430691,0.672575,0.129504,0.358197,-0.634481
0.8387775421142578,0.0,0.0,0.0,0.0,0.0,0.0,0.141929,0.402917,0.481942,0.202772,0.621113,0.63158,-0.417384,0.00917806,0.278817,0.0430691,0.672575,0.129504,0.358197,-0.634481
0.8716204166412354,0.0,0.0,0.0,0.0,0.0,0.0,0.141931,0.40292,0.481944,0.202762,0.621124,0.631545,-0.417424,0.00917105,0.278804,0.0430312,0.673037,0.130268,0.357828,-0.634043
0.8717405796051025,0.0,0.0,0.0,0.0,0.0,0.0,0.141931,0.40292,0.481944,0.202762,0.621124,0.631545,-0.417424,0.00917105,0.278804,0.0430312,0.673037,0.130268,0.357828,-0.634043
0.8885228633880615,0.0,0.0,0.0,0.0,0.0,0.0,0.141947,0.402935,0.481929,0.20274,0.621476,0.631022,-0.417704,0.00918371,0.278794,0.0430213,0.673159,0.130319,0.357986,-0.633814
0.8886353969573975,0.0,0.0,0.0,0.0,0.0,0.0,0.141947,0.402935,0.481929,0.20274,0.621476,0.631022,-0.417704,0.00918371,0.278794,0.0430213,0.673159,0.130319,0.357986,-0.633814
0.9050681591033936,0.0,0.0,0.0,0.0,0.0,0.0,0.141912,0.402946,0.481918,0.203445,0.621654,0.630863,-0.417333,0.00918134,0.278822,0.0430811,0.672607,0.129472,0.358094,-0.634513
0.9051826000213623,0.0,0.0,0.0,0.0,0.0,0.0,0.141912,0.402946,0.481918,0.203445,0.621654,0.630863,-0.417333,0.00918134,0.278822,0.0430811,0.672607,0.129472,0.358094,-0.634513
0.9219040870666504,0.0,0.0,0.0,0.0,0.0,0.0,0.141911,0.402945,0.481918,0.203466,0.621612,0.63091,-0.417316,0.00913635,0.278779,0.0430142,0.672371,0.130359,0.357795,-0.63475
0.9220154285430908,0.0,0.0,0.0,0.0,0.0,0.0,0.141911,0.402945,0.481918,0.203466,0.621612,0.63091,-0.417316,0.00913635,0.278779,0.0430142,0.672371,0.130359,0.357795,-0.63475
0.9387266635894775,0.0,0.0,0.0,0.0,0.0,0.0,0.14193,0.40292,0.481943,0.202706,0.621129,0.631589,-0.417378,0.00916894,0.278799,0.0430209,0.672997,0.130319,0.357831,-0.634074
0.9388391971588135,0.0,0.0,0.0,0.0,0.0,0.0,0.14193,0.40292,0.481943,0.202706,0.621129,0.631589,-0.417378,0.00916894,0.278799,0.0430209,0.672997,0.130319,0.357831,-0.634074
0.9719069004058838,0.0,0.0,0.0,0.0,0.0,0.0,0.14193,0.40292,0.481945,0.20267,0.621152,0.631574,-0.417383,0.00918142,0.278791,0.0430096,0.67315,0.130384,0.358023,-0.633789
0.9720196723937988,0.0,0.0,0.0,0.0,0.0,0.0,0.14193,0.40292,0.481945,0.20267,0.621152,0.631574,-0.417383,0.00918142,0.278791,0.0430096,0.67315,0.130384,0.358023,-0.633789
0.9886207580566406,0.0,0.0,0.0,0.0,0.0,0.0,0.141932,0.40292,0.481943,0.202754,0.621126,0.631563,-0.417399,0.00919246,0.278812,0.0430598,0.672701,0.129563,0.358372,-0.634236
0.9887418746948242,0.0,0.0,0.0,0.0,0.0,0.0,0.141932,0.40292,0.481943,0.202754,0.621126,0.631563,-0.417399,0.00919246,0.278812,0.0430598,0.672701,0.129563,0.358372,-0.634236
1.005403757095337,0.0,0.0,0.0,0.0,0.0,0.0,0.141931,0.40292,0.481944,0.202727,0.621127,0.631542,-0.417442,0.00919147,0.27881,0.0430584,0.6727,0.129561,0.35835,-0.634251
1.0055248737335205,0.0,0.0,0.0,0.0,0.0,0.0,0.141931,0.40292,0.481944,0.202727,0.621127,0.631542,-0.417442,0.00919147,0.27881,0.0430584,0.6727,0.129561,0.35835,-0.634251
1.0214362144470215,0.0,0.0,0.0,0.0,0.0,0.0,0.141931,0.40292,0.481944,0.202723,0.621148,0.631549,-0.417403,0.00918095,0.27879,0.0430051,0.673045,0.13013,0.35811,-0.633904
1.0215516090393066,0.0,0.0,0.0,0.0,0.0,0.0,0.141931,0.40292,0.481944,0.202723,0.621148,0.631549,-0.417403,0.00918095,0.27879,0.0430051,0.673045,0.13013,0.35811,-0.633904
1.0383634567260742,0.0,0.0,0.0,0.0,0.0,0.0,0.141931,0.402918,0.481943,0.202756,0.621093,0.631589,-0.417407,0.00906758,0.278719,0.0431589,0.67182,0.12933,0.355287,-0.636948
1.0384726524353027,0.0,0.0,0.0,0.0,0.0,0.0,0.141931,0.402918,0.481943,0.202756,0.621093,0.631589,-0.417407,0.00906758,0.278719,0.0431589,0.67182,0.12933,0.355287,-0.636948
1.0718772411346436,0.0,0.0,0.0,0.0,0.0,0.0,0.14193,0.40292,0.481943,0.202724,0.621104,0.631577,-0.417424,0.00906805,0.278719,0.0431587,0.671834,0.129321,0.355307,-0.636923
1.0719892978668213,0.0,0.0,0.0,0.0,0.0,0.0,0.14193,0.40292,0.481943,0.202724,0.621104,0.631577,-0.417424,0.00906805,0.278719,0.0431587,0.671834,0.129321,0.355307,-0.636923
1.0892055034637451,0.0,0.0,0.0,0.0,0.0,0.0,0.141951,0.402936,0.481929,0.202739,0.621508,0.631011,-0.417673,0.00918207,0.278792,0.0430094,0.67313,0.130351,0.358046,-0.633804
1.0893182754516602,0.0,0.0,0.0,0.0,0.0,0.0,0.141951,0.402936,0.481929,0.202739,0.621508,0.631011,-0.417673,0.00918207,0.278792,0.0430094,0.67313,0.130351,0.358046,-0.633804
1.1057007312774658,0.0,0.0,0.0,0.0,0.0,0.0,0.141932,0.402919,0.481945,0.202695,0.621136,0.631573,-0.417397,0.00918182,0.278789,0.0430099,0.673151,0.130352,0.358045,-0.633782
1.1058166027069092,0.0,0.0,0.0,0.0,0.0,0.0,0.141932,0.402919,0.481945,0.202695,0.621136,0.631573,-0.417397,0.00918182,0.278789,0.0430099,0.673151,0.130352,0.358045,-0.633782
1.1221675872802734,0.0,0.0,0.0,0.0,0.0,0.0,0.14193,0.402919,0.481942,0.202767,0.621111,0.631557,-0.417423,0.00906853,0.278725,0.0431681,0.671846,0.129306,0.355268,-0.636936
1.122279405593872,0.0,0.0,0.0,0.0,0.0,0.0,0.14193,0.402919,0.481942,0.202767,0.621111,0.631557,-0.417423,0.00906853,0.278725,0.0431681,0.671846,0.129306,0.355268,-0.636936
1.1393303871154785,0.0,0.0,0.0,0.0,0.0,0.0,0.141931,0.402919,0.481944,0.202739,0.621127,0.631565,-0.417401,0.00919323,0.27881,0.0430601,0.6727,0.129567,0.358341,-0.634254
1.1394424438476562,0.0,0.0,0.0,0.0,0.0,0.0,0.141931,0.402919,0.481944,0.202739,0.621127,0.631565,-0.417401,0.00919323,0.27881,0.0430601,0.6727,0.129567,0.358341,-0.634254
1.1720452308654785,0.0,0.0,0.0,0.0,0.0,0.0,0.14193,0.402918,0.481942,0.202759,0.621122,0.631557,-0.41741,0.00919148,0.278809,0.043053,0.672596,0.129381,0.358433,-0.634351
1.1721510887145996,0.0,0.0,0.0,0.0,0.0,0.0,0.14193,0.402918,0.481942,0.202759,0.621122,0.631557,-0.41741,0.00919148,0.278809,0.043053,0.672596,0.129381,0.358433,-0.634351
1.188340425491333,0.0,0.0,0.0,0.0,0.0,0.0,0.141931,0.402921,0.481944,0.202714,0.621134,0.63156,-0.41741,0.00919425,0.27881,0.0430597,0.672684,0.129611,0.358321,-0.634274
1.1884486675262451,0.0,0.0,0.0,0.0,0.0,0.0,0.141931,0.402921,0.481944,0.202714,0.621134,0.63156,-0.41741,0.00919425,0.27881,0.0430597,0.672684,0.129611,0.358321,-0.634274
1.2051641941070557,0.0,0.0,0.0,0.0,0.0,0.0,0.14191,0.402945,0.481916,0.203438,0.621622,0.630885,-0.417352,0.00916748,0.2788,0.0430182,0.672975,0.130337,0.357863,-0.634075
1.205270528793335,0.0,0.0,0.0,0.0,0.0,0.0,0.14191,0.402945,0.481916,0.203438,0.621622,0.630885,-0.417352,0.00916748,0.2788,0.0430182,0.672975,0.130337,0.357863,-0.634075
1.222109317779541,0.0,0.0,0.0,0.0,0.0,0.0,0.14193,0.402918,0.481943,0.202745,0.621101,0.631563,-0.41744,0.00916705,0.278797,0.0430133,0.672876,0.130089,0.357915,-0.634201
1.2222163677215576,0.0,0.0,0.0,0.0,0.0,0.0,0.14193,0.402918,0.481943,0.202745,0.621101,0.631563,-0.41744,0.00916705,0.278797,0.0430133,0.672876,0.130089,0.357915,-0.634201
1.2385003566741943,0.0,0.0,0.0,0.0,0.0,0.0,0.141931,0.402918,0.481943,0.202728,0.621145,0.631556,-0.417394,0.00913587,0.278784,0.0430178,0.672461,0.130638,0.357738,-0.634629
1.2386043071746826,0.0,0.0,0.0,0.0,0.0,0.0,0.141931,0.402918,0.481943,0.202728,0.621145,0.631556,-0.417394,0.00913587,0.278784,0.0430178,0.672461,0.130638,0.357738,-0.634629
1.2563481330871582,0.0,0.0,0.0,0.0,0.0,0.0,0.14191,0.402946,0.481917,0.203424,0.621637,0.630866,-0.417365,0.00919015,0.278812,0.043058,0.672702,0.129551,0.358375,-0.634237
1.256458044052124,0.0,0.0,0.0,0.0,0.0,0.0,0.14191,0.402946,0.481917,0.203424,0.621637,0.630866,-0.417365,0.00919015,0.278812,0.043058,0.672702,0.129551,0.358375,-0.634237
1.288461685180664,0.0,0.0,0.0,0.0,0.0,0.0,0.141931,0.402919,0.481942,0.202762,0.621117,0.63157,-0.417397,0.00918191,0.278822,0.043078,0.672594,0.129482,0.358096,-0.634523
1.288569450378418,0.0,0.0,0.0,0.0,0.0,0.0,0.141931,0.402919,0.481942,0.202762,0.621117,0.63157,-0.417397,0.00918191,0.278822,0.043078,0.672594,0.129482,0.358096,-0.634523
1.3052773475646973,0.0,0.0,0.0,0.0,0.0,0.0,0.14193,0.40292,0.481942,0.202757,0.621109,0.631555,-0.417433,0.00906987,0.278724,0.0431691,0.671862,0.129267,0.355214,-0.636958
1.3053836822509766,0.0,0.0,0.0,0.0,0.0,0.0,0.14193,0.40292,0.481942,0.202757,0.621109,0.631555,-0.417433,0.00906987,0.278724,0.0431691,0.671862,0.129267,0.355214,-0.636958
1.3218772411346436,0.0,0.0,0.0,0.0,0.0,0.0,0.141931,0.402921,0.481942,0.202717,0.621119,0.631562,-0.417427,0.00918058,0.27879,0.0430038,0.673023,0.130135,0.358128,-0.633915
1.321995735168457,0.0,0.0,0.0,0.0,0.0,0.0,0.141931,0.402921,0.481942,0.202717,0.621119,0.631562,-0.417427,0.00918058,0.27879,0.0430038,0.673023,0.130135,0.358128,-0.633915
1.338470697402954,0.0,0.0,0.0,0.0,0.0,0.0,0.14193,0.40292,0.481942,0.202765,0.621097,0.631572,-0.417423,0.00918069,0.278791,0.0430075,0.673134,0.130345,0.358058,-0.633795
1.3385813236236572,0.0,0.0,0.0,0.0,0.0,0.0,0.14193,0.40292,0.481942,0.202765,0.621097,0.631572,-0.417423,0.00918069,0.278791,0.0430075,0.673134,0.130345,0.358058,-0.633795
1.356367588043213,0.0,0.0,0.0,0.0,0.0,0.0,0.141912,0.402946,0.481917,0.203464,0.621634,0.630875,-0.417336,0.00918153,0.278794,0.0430084,0.673145,0.130366,0.358053,-0.633781
1.3564708232879639,0.0,0.0,0.0,0.0,0.0,0.0,0.141912,0.402946,0.481917,0.203464,0.621634,0.630875,-0.417336,0.00918153,0.278794,0.0430084,0.673145,0.130366,0.358053,-0.633781
1.3882219791412354,0.0,0.0,0.0,0.0,0.0,0.0,0.14193,0.402921,0.481942,0.202752,0.621111,0.631583,-0.417392,0.00917871,0.278819,0.0430694,0.672534,0.129543,0.358167,-0.634534
1.388334035873413,0.0,0.0,0.0,0.0,0.0,0.0,0.14193,0.402921,0.481942,0.202752,0.621111,0.631583,-0.417392,0.00917871,0.278819,0.0430694,0.672534,0.129543,0.358167,-0.634534
1.4051902294158936,0.0,0.0,0.0,0.0,0.0,0.0,0.141931,0.40292,0.481943,0.20273,0.621138,0.631559,-0.417399,0.00919165,0.278811,0.0430583,0.672702,0.129568,0.358363,-0.634239
1.4052972793579102,0.0,0.0,0.0,0.0,0.0,0.0,0.141931,0.40292,0.481943,0.20273,0.621138,0.631559,-0.417399,0.00919165,0.278811,0.0430583,0.672702,0.129568,0.358363,-0.634239
1.422015905380249,0.0,0.0,0.0,0.0,0.0,0.0,0.14193,0.402921,0.481943,0.202725,0.621106,0.631575,-0.417425,0.00919246,0.27881,0.0430574,0.672725,0.129565,0.358354,-0.634221
1.4221246242523193,0.0,0.0,0.0,0.0,0.0,0.0,0.14193,0.402921,0.481943,0.202725,0.621106,0.631575,-0.417425,0.00919246,0.27881,0.0430574,0.672725,0.129565,0.358354,-0.634221
1.4386425018310547,0.0,0.0,0.0,0.0,0.0,0.0,0.141931,0.40292,0.481943,0.202726,0.621125,0.631572,-0.417399,0.00916783,0.278799,0.0430125,0.672873,0.130142,0.357954,-0.634172
1.438788652420044,0.0,0.0,0.0,0.0,0.0,0.0,0.141931,0.40292,0.481943,0.202726,0.621125,0.631572,-0.417399,0.00916783,0.278799,0.0430125,0.672873,0.130142,0.357954,-0.634172
1.456195592880249,0.0,0.0,0.0,0.0,0.0,0.0,0.141923,0.402922,0.481936,0.203008,0.620992,0.631609,-0.417405,0.00919088,0.278811,0.0430529,0.672599,0.129361,0.358466,-0.634333
1.4562976360321045,0.0,0.0,0.0,0.0,0.0,0.0,0.141923,0.402922,0.481936,0.203008,0.620992,0.631609,-0.417405,0.00919088,0.278811,0.0430529,0.672599,0.129361,0.358466,-0.634333
1.488497018814087,0.0,0.0,0.0,0.0,0.0,0.0,0.14191,0.402947,0.481918,0.203414,0.621608,0.630879,-0.417394,0.00919355,0.278814,0.0430699,0.672736,0.1295,0.358295,-0.634256
1.4886105060577393,0.0,0.0,0.0,0.0,0.0,0.0,0.14191,0.402947,0.481918,0.203414,0.621608,0.630879,-0.417394,0.00919355,0.278814,0.0430699,0.672736,0.1295,0.358295,-0.634256
1.505140781402588,0.0,0.0,0.0,0.0,0.0,0.0,0.14193,0.40292,0.481943,0.202752,0.621102,0.631575,-0.417417,0.00919372,0.278815,0.0430668,0.672744,0.129513,0.358267,-0.634261
1.5052547454833984,0.0,0.0,0.0,0.0,0.0,0.0,0.14193,0.40292,0.481943,0.202752,0.621102,0.631575,-0.417417,0.00919372,0.278815,0.0430668,0.672744,0.129513,0.358267,-0.634261
1.521925449371338,0.0,0.0,0.0,0.0,0.0,0.0,0.141932,0.402921,0.481943,0.202742,0.621122,0.631558,-0.417418,0.00907518,0.278734,0.0431842,0.671377,0.127953,0.35537,-0.637647
1.5220391750335693,0.0,0.0,0.0,0.0,0.0,0.0,0.141932,0.402921,0.481943,0.202742,0.621122,0.631558,-0.417418,0.00907518,0.278734,0.0431842,0.671377,0.127953,0.35537,-0.637647
1.5389204025268555,0.0,0.0,0.0,0.0,0.0,0.0,0.141929,0.402918,0.481942,0.202712,0.621115,0.631561,-0.417438,0.00919035,0.278809,0.0430521,0.672577,0.129374,0.358461,-0.634356
1.5390305519104004,0.0,0.0,0.0,0.0,0.0,0.0,0.141929,0.402918,0.481942,0.202712,0.621115,0.631561,-0.417438,0.00919035,0.278809,0.0430521,0.672577,0.129374,0.358461,-0.634356
1.587108850479126,0.0,0.0,0.0,0.0,0.0,0.0,0.141912,0.402945,0.481918,0.203388,0.621639,0.630886,-0.417351,0.00919254,0.278811,0.0430583,0.672708,0.129552,0.358371,-0.634232
1.5873775482177734,0.0,0.0,0.0,0.0,0.0,0.0,0.141912,0.402945,0.481918,0.203388,0.621639,0.630886,-0.417351,0.00919254,0.278811,0.0430583,0.672708,0.129552,0.358371,-0.634232
1.6052663326263428,0.0,0.0,0.0,0.0,0.0,0.0,0.141912,0.402945,0.481919,0.203383,0.621665,0.630876,-0.417329,0.00919307,0.278811,0.0430585,0.6727,0.129567,0.358351,-0.634249
1.6054015159606934,0.0,0.0,0.0,0.0,0.0,0.0,0.141912,0.402945,0.481919,0.203383,0.621665,0.630876,-0.417329,0.00919307,0.278811,0.0430585,0.6727,0.129567,0.358351,-0.634249
1.624298095703125,0.0,0.0,0.0,0.0,0.0,0.0,0.141929,0.402921,0.481942,0.202731,0.621132,0.631552,-0.417416,0.00918205,0.278791,0.0430019,0.673031,0.130132,0.358111,-0.633917
1.6244118213653564,0.0,0.0,0.0,0.0,0.0,0.0,0.141929,0.402921,0.481942,0.202731,0.621132,0.631552,-0.417416,0.00918205,0.278791,0.0430019,0.673031,0.130132,0.358111,-0.633917
1.6555750370025635,0.0,0.0,0.0,0.0,0.0,0.0,0.14193,0.402918,0.481944,0.202772,0.621098,0.631587,-0.417395,0.00918103,0.27879,0.043001,0.673044,0.130119,0.358134,-0.633894
1.655705213546753,0.0,0.0,0.0,0.0,0.0,0.0,0.14193,0.402918,0.481944,0.202772,0.621098,0.631587,-0.417395,0.00918103,0.27879,0.043001,0.673044,0.130119,0.358134,-0.633894
1.672391414642334,0.0,0.0,0.0,0.0,0.0,0.0,0.14193,0.402919,0.481942,0.202766,0.621091,0.631566,-0.41744,0.00916862,0.2788,0.043013,0.672894,0.13008,0.357927,-0.634178
1.6725187301635742,0.0,0.0,0.0,0.0,0.0,0.0,0.14193,0.402919,0.481942,0.202766,0.621091,0.631566,-0.41744,0.00916862,0.2788,0.043013,0.672894,0.13008,0.357927,-0.634178
1.6890504360198975,0.0,0.0,0.0,0.0,0.0,0.0,0.141931,0.402921,0.481943,0.202755,0.621127,0.631566,-0.417392,0.00916896,0.278799,0.0430132,0.672887,0.130117,0.357898,-0.634193
1.6891748905181885,0.0,0.0,0.0,0.0,0.0,0.0,0.141931,0.402921,0.481943,0.202755,0.621127,0.631566,-0.417392,0.00916896,0.278799,0.0430132,0.672887,0.130117,0.357898,-0.634193
1.7053558826446533,0.0,0.0,0.0,0.0,0.0,0.0,0.141929,0.402919,0.481941,0.202762,0.621083,0.631544,-0.417488,0.00918053,0.278793,0.0430073,0.673129,0.13035,0.358058,-0.633798
1.705465316772461,0.0,0.0,0.0,0.0,0.0,0.0,0.141929,0.402919,0.481941,0.202762,0.621083,0.631544,-0.417488,0.00918053,0.278793,0.0430073,0.673129,0.13035,0.358058,-0.633798
1.723731279373169,0.0,0.0,0.0,0.0,0.0,0.0,0.14193,0.40288,0.481971,0.20715,0.618673,0.629498,-0.421977,0.00906915,0.27872,0.043159,0.671843,0.129326,0.355297,-0.636919
1.7238328456878662,0.0,0.0,0.0,0.0,0.0,0.0,0.14193,0.40288,0.481971,0.20715,0.618673,0.629498,-0.421977,0.00906915,0.27872,0.043159,0.671843,0.129326,0.355297,-0.636919
1.7550365924835205,0.0,0.0,0.0,0.0,0.0,0.0,0.141929,0.402921,0.481944,0.202757,0.621103,0.631574,-0.417414,0.00907904,0.27874,0.0432054,0.671281,0.128342,0.355678,-0.637497
1.7551467418670654,0.0,0.0,0.0,0.0,0.0,0.0,0.141929,0.402921,0.481944,0.202757,0.621103,0.631574,-0.417414,0.00907904,0.27874,0.0432054,0.671281,0.128342,0.355678,-0.637497
1.7718405723571777,0.0,0.0,0.0,0.0,0.0,0.0,0.141933,0.402925,0.481945,0.202852,0.621087,0.631659,-0.417263,0.00919229,0.278812,0.0430594,0.672711,0.129546,0.358342,-0.634247
1.7719483375549316,0.0,0.0,0.0,0.0,0.0,0.0,0.141933,0.402925,0.481945,0.202852,0.621087,0.631659,-0.417263,0.00919229,0.278812,0.0430594,0.672711,0.129546,0.358342,-0.634247
1.7883038520812988,0.0,0.0,0.0,0.0,0.0,0.0,0.14193,0.40292,0.481943,0.202772,0.6211,0.631569,-0.417419,0.00918124,0.278792,0.0430088,0.673137,0.130357,0.358003,-0.63382
1.7884085178375244,0.0,0.0,0.0,0.0,0.0,0.0,0.14193,0.40292,0.481943,0.202772,0.6211,0.631569,-0.417419,0.00918124,0.278792,0.0430088,0.673137,0.130357,0.358003,-0.63382
1.8049840927124023,0.0,0.0,0.0,0.0,0.0,0.0,0.14193,0.402922,0.481943,0.202736,0.621087,0.631563,-0.417465,0.00917787,0.278836,0.043052,0.672418,0.129966,0.358063,-0.634629
1.8050892353057861,0.0,0.0,0.0,0.0,0.0,0.0,0.14193,0.402922,0.481943,0.202736,0.621087,0.631563,-0.417465,0.00917787,0.278836,0.043052,0.672418,0.129966,0.358063,-0.634629
1.8386132717132568,0.0,0.0,0.0,0.0,0.0,0.0,0.14193,0.402921,0.481945,0.202733,0.621115,0.631579,-0.417401,0.00917961,0.278793,0.0430079,0.673132,0.130363,0.358045,-0.6338
1.8387248516082764,0.0,0.0,0.0,0.0,0.0,0.0,0.14193,0.402921,0.481945,0.202733,0.621115,0.631579,-0.417401,0.00917961,0.278793,0.0430079,0.673132,0.130363,0.358045,-0.6338
1.8554048538208008,0.0,0.0,0.0,0.0,0.0,0.0,0.141931,0.402919,0.481944,0.202752,0.621119,0.631547,-0.417434,0.00918062,0.278792,0.0430081,0.673158,0.13037,0.358037,-0.633776
1.8555138111114502,0.0,0.0,0.0,0.0,0.0,0.0,0.141931,0.402919,0.481944,0.202752,0.621119,0.631547,-0.417434,0.00918062,0.278792,0.0430081,0.673158,0.13037,0.358037,-0.633776
1.872222661972046,0.0,0.0,0.0,0.0,0.0,0.0,0.141931,0.402919,0.481944,0.202755,0.621126,0.631558,-0.417406,0.00906807,0.278718,0.0431539,0.671712,0.129104,0.355368,-0.637062
1.872330904006958,0.0,0.0,0.0,0.0,0.0,0.0,0.141931,0.402919,0.481944,0.202755,0.621126,0.631558,-0.417406,0.00906807,0.278718,0.0431539,0.671712,0.129104,0.355368,-0.637062
1.8883295059204102,0.0,0.0,0.0,0.0,0.0,0.0,0.141932,0.402922,0.481944,0.202734,0.621128,0.631568,-0.417398,0.00916852,0.278802,0.0430173,0.673001,0.130352,0.357854,-0.634049
1.8884327411651611,0.0,0.0,0.0,0.0,0.0,0.0,0.141932,0.402922,0.481944,0.202734,0.621128,0.631568,-0.417398,0.00916852,0.278802,0.0430173,0.673001,0.130352,0.357854,-0.634049
1.9053456783294678,0.0,0.0,0.0,0.0,0.0,0.0,0.141931,0.402919,0.481942,0.202782,0.621106,0.631554,-0.417428,0.00919359,0.278815,0.04307,0.672735,0.129507,0.358263,-0.634274
1.9054546356201172,0.0,0.0,0.0,0.0,0.0,0.0,0.141931,0.402919,0.481942,0.202782,0.621106,0.631554,-0.417428,0.00919359,0.278815,0.04307,0.672735,0.129507,0.358263,-0.634274
1.924135684967041,0.0,0.0,0.0,0.0,0.0,0.0,0.141931,0.402962,0.481904,0.203448,0.621959,0.630348,-0.417657,0.00918168,0.278793,0.043009,0.673133,0.130385,0.358079,-0.633775
1.9242398738861084,0.0,0.0,0.0,0.0,0.0,0.0,0.141931,0.402962,0.481904,0.203448,0.621959,0.630348,-0.417657,0.00918168,0.278793,0.043009,0.673133,0.130385,0.358079,-0.633775
1.9553120136260986,0.0,0.0,0.0,0.0,0.0,0.0,0.14191,0.402945,0.481917,0.203426,0.621603,0.630895,-0.417373,0.0091796,0.278819,0.0430679,0.672553,0.129532,0.358191,-0.634503
1.9554197788238525,0.0,0.0,0.0,0.0,0.0,0.0,0.14191,0.402945,0.481917,0.203426,0.621603,0.630895,-0.417373,0.0091796,0.278819,0.0430679,0.672553,0.129532,0.358191,-0.634503
1.9716236591339111,0.0,0.0,0.0,0.0,0.0,0.0,0.141912,0.402946,0.481919,0.203409,0.621616,0.630902,-0.41735,0.00918145,0.278793,0.0430069,0.673145,0.130385,0.358008,-0.633802
1.9717707633972168,0.0,0.0,0.0,0.0,0.0,0.0,0.141912,0.402946,0.481919,0.203409,0.621616,0.630902,-0.41735,0.00918145,0.278793,0.0430069,0.673145,0.130385,0.358008,-0.633802
1.9887480735778809,0.0,0.0,0.0,0.0,0.0,0.0,0.14193,0.402919,0.481942,0.202765,0.621098,0.631598,-0.417381,0.00918107,0.278793,0.0430081,0.673116,0.130379,0.358054,-0.633808
1.9888570308685303,0.0,0.0,0.0,0.0,0.0,0.0,0.14193,0.402919,0.481942,0.202765,0.621098,0.631598,-0.417381,0.00918107,0.278793,0.0430081,0.673116,0.130379,0.358054,-0.633808
2.0052571296691895,0.0,0.0,0.0,0.0,0.0,0.0,0.141933,0.402921,0.481943,0.20276,0.621119,0.631563,-0.417407,0.00918144,0.278791,0.0430096,0.673148,0.130374,0.35804,-0.633784
2.0053653717041016,0.0,0.0,0.0,0.0,0.0,0.0,0.141933,0.402921,0.481943,0.20276,0.621119,0.631563,-0.417407,0.00918144,0.278791,0.0430096,0.673148,0.130374,0.35804,-0.633784
2.0236964225769043,0.0,0.0,0.0,0.0,0.0,0.0,0.141931,0.402921,0.481944,0.202727,0.621114,0.631581,-0.417403,0.00919156,0.278811,0.0430539,0.672584,0.129391,0.358452,-0.634351
2.0238113403320312,0.0,0.0,0.0,0.0,0.0,0.0,0.141931,0.402921,0.481944,0.202727,0.621114,0.631581,-0.417403,0.00919156,0.278811,0.0430539,0.672584,0.129391,0.358452,-0.634351
2.05490779876709,0.0,0.0,0.0,0.0,0.0,0.0,0.14191,0.402945,0.481918,0.203441,0.621608,0.630889,-0.417366,0.00916805,0.278801,0.0430195,0.672972,0.130359,0.35788,-0.634064
2.055018186569214,0.0,0.0,0.0,0.0,0.0,0.0,0.14191,0.402945,0.481918,0.203441,0.621608,0.630889,-0.417366,0.00916805,0.278801,0.0430195,0.672972,0.130359,0.35788,-0.634064
2.0719187259674072,0.0,0.0,0.0,0.0,0.0,0.0,0.14191,0.402944,0.481917,0.203424,0.621622,0.630896,-0.417343,0.00918049,0.278792,0.0430095,0.673159,0.130349,0.358019,-0.633789
2.072033643722534,0.0,0.0,0.0,0.0,0.0,0.0,0.14191,0.402944,0.481917,0.203424,0.621622,0.630896,-0.417343,0.00918049,0.278792,0.0430095,0.673159,0.130349,0.358019,-0.633789
2.0883424282073975,0.0,0.0,0.0,0.0,0.0,0.0,0.141911,0.402944,0.481917,0.203438,0.621609,0.630874,-0.417389,0.00919136,0.278811,0.0430597,0.672687,0.12955,0.358355,-0.634264
2.088454484939575,0.0,0.0,0.0,0.0,0.0,0.0,0.141911,0.402944,0.481917,0.203438,0.621609,0.630874,-0.417389,0.00919136,0.278811,0.0430597,0.672687,0.12955,0.358355,-0.634264
2.1052565574645996,0.0,0.0,0.0,0.0,0.0,0.0,0.14193,0.402919,0.481943,0.202755,0.621095,0.631577,-0.417422,0.00918125,0.27879,0.0430035,0.673033,0.130141,0.3581,-0.63392
2.1053695678710938,0.0,0.0,0.0,0.0,0.0,0.0,0.14193,0.402919,0.481943,0.202755,0.621095,0.631577,-0.417422,0.00918125,0.27879,0.0430035,0.673033,0.130141,0.3581,-0.63392
2.1385064125061035,0.0,0.0,0.0,0.0,0.0,0.0,0.14193,0.40292,0.481942,0.202729,0.621105,0.631581,-0.417414,0.0091813,0.278792,0.0430092,0.673115,0.130364,0.358022,-0.633831
2.138620376586914,0.0,0.0,0.0,0.0,0.0,0.0,0.14193,0.40292,0.481942,0.202729,0.621105,0.631581,-0.417414,0.0091813,0.278792,0.0430092,0.673115,0.130364,0.358022,-0.633831
2.1546378135681152,0.0,0.0,0.0,0.0,0.0,0.0,0.141932,0.402923,0.481945,0.202839,0.6211,0.631631,-0.417293,0.00919102,0.27881,0.0430542,0.672582,0.129371,0.358468,-0.634348
2.1547558307647705,0.0,0.0,0.0,0.0,0.0,0.0,0.141932,0.402923,0.481945,0.202839,0.6211,0.631631,-0.417293,0.00919102,0.27881,0.0430542,0.672582,0.129371,0.358468,-0.634348
2.171823740005493,0.0,0.0,0.0,0.0,0.0,0.0,0.14193,0.40292,0.481942,0.202732,0.621127,0.63155,-0.417427,0.0091909,0.278809,0.0430603,0.672706,0.129529,0.358337,-0.634258
2.1719377040863037,0.0,0.0,0.0,0.0,0.0,0.0,0.14193,0.40292,0.481942,0.202732,0.621127,0.63155,-0.417427,0.0091909,0.278809,0.0430603,0.672706,0.129529,0.358337,-0.634258
2.1885645389556885,0.0,0.0,0.0,0.0,0.0,0.0,0.141929,0.40292,0.481943,0.202753,0.621088,0.631575,-0.417437,0.00917834,0.278817,0.0430641,0.672449,0.12937,0.358256,-0.634609
2.188680648803711,0.0,0.0,0.0,0.0,0.0,0.0,0.141929,0.40292,0.481943,0.202753,0.621088,0.631575,-0.417437,0.00917834,0.278817,0.0430641,0.672449,0.12937,0.358256,-0.634609
2.2053353786468506,0.0,0.0,0.0,0.0,0.0,0.0,0.14193,0.402918,0.481943,0.202785,0.621087,0.631562,-0.417443,0.00916796,0.278799,0.0430189,0.673001,0.130343,0.35788,-0.634037
2.20544695854187,0.0,0.0,0.0,0.0,0.0,0.0,0.14193,0.402918,0.481943,0.202785,0.621087,0.631562,-0.417443,0.00916796,0.278799,0.0430189,0.673001,0.130343,0.35788,-0.634037
2.2386248111724854,0.0,0.0,0.0,0.0,0.0,0.0,0.141931,0.40292,0.481942,0.202736,0.621114,0.631544,-0.417453,0.00919039,0.278809,0.0430549,0.672603,0.129376,0.358456,-0.634331
2.238741397857666,0.0,0.0,0.0,0.0,0.0,0.0,0.141931,0.40292,0.481942,0.202736,0.621114,0.631544,-0.417453,0.00919039,0.278809,0.0430549,0.672603,0.129376,0.358456,-0.634331
2.2556779384613037,0.0,0.0,0.0,0.0,0.0,0.0,0.14193,0.402922,0.481942,0.202751,0.621105,0.631568,-0.417423,0.0091775,0.278822,0.0430688,0.672548,0.129559,0.358197,-0.634499
2.2558062076568604,0.0,0.0,0.0,0.0,0.0,0.0,0.14193,0.402922,0.481942,0.202751,0.621105,0.631568,-0.417423,0.0091775,0.278822,0.0430688,0.672548,0.129559,0.358197,-0.634499
2.2718443870544434,0.0,0.0,0.0,0.0,0.0,0.0,0.141929,0.402919,0.48194,0.202709,0.621121,0.63156,-0.417431,0.00917944,0.27879,0.043004,0.673016,0.130153,0.358111,-0.633929
2.2719554901123047,0.0,0.0,0.0,0.0,0.0,0.0,0.141929,0.402919,0.48194,0.202709,0.621121,0.63156,-0.417431,0.00917944,0.27879,0.043004,0.673016,0.130153,0.358111,-0.633929
2.288208246231079,0.0,0.0,0.0,0.0,0.0,0.0,0.141912,0.402946,0.481918,0.203422,0.621616,0.630892,-0.417359,0.00917788,0.278817,0.0430661,0.672444,0.129328,0.358257,-0.634622
2.2883172035217285,0.0,0.0,0.0,0.0,0.0,0.0,0.141912,0.402946,0.481918,0.203422,0.621616,0.630892,-0.417359,0.00917788,0.278817,0.0430661,0.672444,0.129328,0.358257,-0.634622
2.3053908348083496,0.0,0.0,0.0,0.0,0.0,0.0,0.14193,0.402919,0.481941,0.20274,0.621101,0.631563,-0.417441,0.00916675,0.278799,0.0430133,0.672864,0.130124,0.357934,-0.634196
2.305501699447632,0.0,0.0,0.0,0.0,0.0,0.0,0.14193,0.402919,0.481941,0.20274,0.621101,0.631563,-0.417441,0.00916675,0.278799,0.0430133,0.672864,0.130124,0.357934,-0.634196
2.3384358882904053,0.0,0.0,0.0,0.0,0.0,0.0,0.141931,0.40292,0.481943,0.202739,0.621118,0.631561,-0.417422,0.00916891,0.278799,0.043018,0.672991,0.130365,0.35784,-0.634065
2.338547468185425,0.0,0.0,0.0,0.0,0.0,0.0,0.141931,0.40292,0.481943,0.202739,0.621118,0.631561,-0.417422,0.00916891,0.278799,0.043018,0.672991,0.130365,0.35784,-0.634065
2.3552258014678955,0.0,0.0,0.0,0.0,0.0,0.0,0.141931,0.402919,0.481942,0.202755,0.621111,0.631584,-0.417389,0.00917913,0.278818,0.0430634,0.672426,0.129365,0.358255,-0.634635
2.3553380966186523,0.0,0.0,0.0,0.0,0.0,0.0,0.141931,0.402919,0.481942,0.202755,0.621111,0.631584,-0.417389,0.00917913,0.278818,0.0430634,0.672426,0.129365,0.358255,-0.634635
2.371905565261841,0.0,0.0,0.0,0.0,0.0,0.0,0.141933,0.402921,0.481942,0.202764,0.621111,0.631579,-0.417391,0.00918242,0.278792,0.0430089,0.67315,0.130372,0.35804,-0.633782
2.372020959854126,0.0,0.0,0.0,0.0,0.0,0.0,0.141933,0.402921,0.481942,0.202764,0.621111,0.631579,-0.417391,0.00918242,0.278792,0.0430089,0.67315,0.130372,0.35804,-0.633782
2.3884270191192627,0.0,0.0,0.0,0.0,0.0,0.0,0.141929,0.402877,0.48197,0.207116,0.618674,0.629513,-0.421971,0.00918138,0.278792,0.0430083,0.673161,0.130349,0.358039,-0.633775
2.388535499572754,0.0,0.0,0.0,0.0,0.0,0.0,0.141929,0.402877,0.48197,0.207116,0.618674,0.629513,-0.421971,0.00918138,0.278792,0.0430083,0.673161,0.130349,0.358039,-0.633775
2.4053773880004883,0.0,0.0,0.0,0.0,0.0,0.0,0.141913,0.402946,0.481918,0.203447,0.621599,0.630899,-0.417361,0.0091803,0.27882,0.0430695,0.672555,0.129539,0.35817,-0.634511
2.4054923057556152,0.0,0.0,0.0,0.0,0.0,0.0,0.141913,0.402946,0.481918,0.203447,0.621599,0.630899,-0.417361,0.0091803,0.27882,0.0430695,0.672555,0.129539,0.35817,-0.634511
2.438681125640869,0.0,0.0,0.0,0.0,0.0,0.0,0.141912,0.402947,0.481919,0.203417,0.621613,0.630893,-0.417364,0.00919349,0.278813,0.0430586,0.672716,0.129559,0.358357,-0.63423
2.438796043395996,0.0,0.0,0.0,0.0,0.0,0.0,0.141912,0.402947,0.481919,0.203417,0.621613,0.630893,-0.417364,0.00919349,0.278813,0.0430586,0.672716,0.129559,0.358357,-0.63423
2.4554665088653564,0.0,0.0,0.0,0.0,0.0,0.0,0.141932,0.402918,0.481944,0.202751,0.621118,0.631548,-0.417435,0.00919197,0.27881,0.0430596,0.672689,0.129547,0.358363,-0.634258
2.4555859565734863,0.0,0.0,0.0,0.0,0.0,0.0,0.141932,0.402918,0.481944,0.202751,0.621118,0.631548,-0.417435,0.00919197,0.27881,0.0430596,0.672689,0.129547,0.358363,-0.634258
2.4713923931121826,0.0,0.0,0.0,0.0,0.0,0.0,0.141931,0.402919,0.481941,0.202764,0.621109,0.631572,-0.417405,0.00916972,0.278801,0.0430167,0.673001,0.130369,0.357839,-0.634055
2.4715075492858887,0.0,0.0,0.0,0.0,0.0,0.0,0.141931,0.402919,0.481941,0.202764,0.621109,0.631572,-0.417405,0.00916972,0.278801,0.0430167,0.673001,0.130369,0.357839,-0.634055
2.4883084297180176,0.0,0.0,0.0,0.0,0.0,0.0,0.141913,0.402947,0.481917,0.203397,0.621624,0.630888,-0.417366,0.00917994,0.27882,0.0430676,0.67255,0.129547,0.358178,-0.63451
2.488416910171509,0.0,0.0,0.0,0.0,0.0,0.0,0.141913,0.402947,0.481917,0.203397,0.621624,0.630888,-0.417366,0.00917994,0.27882,0.0430676,0.67255,0.129547,0.358178,-0.63451
2.504974603652954,0.0,0.0,0.0,0.0,0.0,0.0,0.141931,0.402919,0.481941,0.202737,0.621106,0.631572,-0.417424,0.00918066,0.278792,0.0430077,0.673141,0.130372,0.358048,-0.633788
2.505082368850708,0.0,0.0,0.0,0.0,0.0,0.0,0.141931,0.402919,0.481941,0.202737,0.621106,0.631572,-0.417424,0.00918066,0.278792,0.0430077,0.673141,0.130372,0.358048,-0.633788
2.555724620819092,0.0,0.0,0.0,0.0,0.0,0.0,0.141911,0.402945,0.481916,0.203442,0.62164,0.630864,-0.417355,0.0091784,0.278819,0.0430641,0.672409,0.129379,0.358279,-0.634636
2.5561861991882324,0.0,0.0,0.0,0.0,0.0,0.0,0.141911,0.402945,0.481916,0.203442,0.62164,0.630864,-0.417355,0.0091784,0.278819,0.0430641,0.672409,0.129379,0.358279,-0.634636
2.580507278442383,0.0,0.0,0.0,0.0,0.0,0.0,0.14193,0.402919,0.481943,0.202779,0.621065,0.631572,-0.417463,0.00919273,0.278811,0.0430564,0.672713,0.129591,0.358335,-0.634239
2.580717086791992,0.0,0.0,0.0,0.0,0.0,0.0,0.14193,0.402919,0.481943,0.202779,0.621065,0.631572,-0.417463,0.00919273,0.278811,0.0430564,0.672713,0.129591,0.358335,-0.634239
2.6005866527557373,0.0,0.0,0.0,0.0,0.0,0.0,0.14193,0.402921,0.481943,0.202741,0.621083,0.631584,-0.417438,0.00918067,0.278793,0.0430091,0.673137,0.130362,0.358032,-0.633803
2.6007635593414307,0.0,0.0,0.0,0.0,0.0,0.0,0.14193,0.402921,0.481943,0.202741,0.621083,0.631584,-0.417438,0.00918067,0.278793,0.0430091,0.673137,0.130362,0.358032,-0.633803
2.6191041469573975,0.0,0.0,0.0,0.0,0.0,0.0,0.141932,0.402962,0.481903,0.203425,0.621959,0.630381,-0.417618,0.00917913,0.278821,0.0430685,0.672551,0.129546,0.358152,-0.634524
2.619253158569336,0.0,0.0,0.0,0.0,0.0,0.0,0.141932,0.402962,0.481903,0.203425,0.621959,0.630381,-0.417618,0.00917913,0.278821,0.0430685,0.672551,0.129546,0.358152,-0.634524
2.6397738456726074,0.0,0.0,0.0,0.0,0.0,0.0,0.141913,0.402946,0.481918,0.203425,0.621634,0.630885,-0.417342,0.00918175,0.278791,0.0430075,0.67316,0.130369,0.358046,-0.633769
2.639923095703125,0.0,0.0,0.0,0.0,0.0,0.0,0.141913,0.402946,0.481918,0.203425,0.621634,0.630885,-0.417342,0.00918175,0.278791,0.0430075,0.67316,0.130369,0.358046,-0.633769
2.6737282276153564,0.0,0.0,0.0,0.0,0.0,0.0,0.141931,0.40292,0.481942,0.202739,0.621127,0.631535,-0.417446,0.0091673,0.278803,0.0430189,0.672996,0.130322,0.357884,-0.634044
2.673877000808716,0.0,0.0,0.0,0.0,0.0,0.0,0.141931,0.40292,0.481942,0.202739,0.621127,0.631535,-0.417446,0.0091673,0.278803,0.0430189,0.672996,0.130322,0.357884,-0.634044
2.6899490356445312,0.0,0.0,0.0,0.0,0.0,0.0,0.14193,0.402919,0.481941,0.20275,0.621117,0.631566,-0.417409,0.00917775,0.278819,0.0430643,0.672444,0.12933,0.358284,-0.634606
2.690075159072876,0.0,0.0,0.0,0.0,0.0,0.0,0.14193,0.402919,0.481941,0.20275,0.621117,0.631566,-0.417409,0.00917775,0.278819,0.0430643,0.672444,0.12933,0.358284,-0.634606
2.7052836418151855,0.0,0.0,0.0,0.0,0.0,0.0,0.141931,0.402921,0.481943,0.202729,0.621108,0.631547,-0.417462,0.00919898,0.278843,0.0430877,0.672212,0.129426,0.358537,-0.63469
2.7053892612457275,0.0,0.0,0.0,0.0,0.0,0.0,0.141931,0.402921,0.481943,0.202729,0.621108,0.631547,-0.417462,0.00919898,0.278843,0.0430877,0.672212,0.129426,0.358537,-0.63469
2.721851110458374,0.0,0.0,0.0,0.0,0.0,0.0,0.141931,0.402963,0.481904,0.203433,0.621945,0.630371,-0.41765,0.00918357,0.278815,0.0430145,0.673222,0.130428,0.357932,-0.633755
2.721957206726074,0.0,0.0,0.0,0.0,0.0,0.0,0.141931,0.402963,0.481904,0.203433,0.621945,0.630371,-0.41765,0.00918357,0.278815,0.0430145,0.673222,0.130428,0.357932,-0.633755
2.738637924194336,0.0,0.0,0.0,0.0,0.0,0.0,0.141931,0.402921,0.481944,0.202776,0.621073,0.631587,-0.417431,0.00917921,0.27882,0.0430697,0.672561,0.129502,0.358188,-0.634501
2.7387471199035645,0.0,0.0,0.0,0.0,0.0,0.0,0.141931,0.402921,0.481944,0.202776,0.621073,0.631587,-0.417431,0.00917921,0.27882,0.0430697,0.672561,0.129502,0.358188,-0.634501
2.7718358039855957,0.0,0.0,0.0,0.0,0.0,0.0,0.141912,0.402946,0.481917,0.203435,0.621632,0.630889,-0.417334,0.00916834,0.278799,0.0430196,0.672999,0.130347,0.35784,-0.63406
2.7719428539276123,0.0,0.0,0.0,0.0,0.0,0.0,0.141912,0.402946,0.481917,0.203435,0.621632,0.630889,-0.417334,0.00916834,0.278799,0.0430196,0.672999,0.130347,0.35784,-0.63406
2.7886300086975098,0.0,0.0,0.0,0.0,0.0,0.0,0.141932,0.40292,0.481941,0.202773,0.621119,0.631563,-0.4174,0.00917491,0.278831,0.0430452,0.672489,0.130248,0.35807,-0.634492
2.7887771129608154,0.0,0.0,0.0,0.0,0.0,0.0,0.141932,0.40292,0.481941,0.202773,0.621119,0.631563,-0.4174,0.00917491,0.278831,0.0430452,0.672489,0.130248,0.35807,-0.634492
2.805152416229248,0.0,0.0,0.0,0.0,0.0,0.0,0.14193,0.40292,0.481943,0.202743,0.621108,0.631556,-0.417441,0.00916976,0.2788,0.0430185,0.673001,0.130318,0.357859,-0.634053
2.80526065826416,0.0,0.0,0.0,0.0,0.0,0.0,0.14193,0.40292,0.481943,0.202743,0.621108,0.631556,-0.417441,0.00916976,0.2788,0.0430185,0.673001,0.130318,0.357859,-0.634053
2.821928024291992,0.0,0.0,0.0,0.0,0.0,0.0,0.14193,0.40292,0.481942,0.202751,0.621102,0.631564,-0.417434,0.00919175,0.278812,0.0430592,0.672704,0.129545,0.358342,-0.634255
2.8220341205596924,0.0,0.0,0.0,0.0,0.0,0.0,0.14193,0.40292,0.481942,0.202751,0.621102,0.631564,-0.417434,0.00919175,0.278812,0.0430592,0.672704,0.129545,0.358342,-0.634255
2.8387458324432373,0.0,0.0,0.0,0.0,0.0,0.0,0.14193,0.402919,0.481942,0.202762,0.621079,0.631584,-0.417433,0.0091795,0.278818,0.0430638,0.672438,0.129364,0.358261,-0.634619
2.838855266571045,0.0,0.0,0.0,0.0,0.0,0.0,0.14193,0.402919,0.481942,0.202762,0.621079,0.631584,-0.417433,0.0091795,0.278818,0.0430638,0.672438,0.129364,0.358261,-0.634619
2.871918201446533,0.0,0.0,0.0,0.0,0.0,0.0,0.14193,0.40292,0.481943,0.202696,0.62113,0.631593,-0.417375,0.00916823,0.278797,0.0430125,0.672882,0.130118,0.357935,-0.634178
2.8720240592956543,0.0,0.0,0.0,0.0,0.0,0.0,0.14193,0.40292,0.481943,0.202696,0.62113,0.631593,-0.417375,0.00916823,0.278797,0.0430125,0.672882,0.130118,0.357935,-0.634178
2.888096809387207,0.0,0.0,0.0,0.0,0.0,0.0,0.141932,0.402922,0.481944,0.202716,0.621141,0.631549,-0.417416,0.00918213,0.278794,0.0430088,0.673121,0.130364,0.358014,-0.633829
2.888200044631958,0.0,0.0,0.0,0.0,0.0,0.0,0.141932,0.402922,0.481944,0.202716,0.621141,0.631549,-0.417416,0.00918213,0.278794,0.0430088,0.673121,0.130364,0.358014,-0.633829
2.9050021171569824,0.0,0.0,0.0,0.0,0.0,0.0,0.141932,0.402921,0.481943,0.202765,0.621105,0.63156,-0.417429,0.00916922,0.278802,0.0430176,0.672988,0.130363,0.357852,-0.634062
2.905107259750366,0.0,0.0,0.0,0.0,0.0,0.0,0.141932,0.402921,0.481943,0.202765,0.621105,0.63156,-0.417429,0.00916922,0.278802,0.0430176,0.672988,0.130363,0.357852,-0.634062
2.92191743850708,0.0,0.0,0.0,0.0,0.0,0.0,0.141924,0.402922,0.481937,0.202987,0.620994,0.631612,-0.417408,0.00917091,0.278797,0.0430145,0.672894,0.130117,0.35789,-0.634191
2.922025442123413,0.0,0.0,0.0,0.0,0.0,0.0,0.141924,0.402922,0.481937,0.202987,0.620994,0.631612,-0.417408,0.00917091,0.278797,0.0430145,0.672894,0.130117,0.35789,-0.634191
2.938430070877075,0.0,0.0,0.0,0.0,0.0,0.0,0.141912,0.402946,0.481919,0.203447,0.621598,0.630903,-0.417358,0.00919438,0.278814,0.0430701,0.672746,0.129498,0.358275,-0.634257
2.9385311603546143,0.0,0.0,0.0,0.0,0.0,0.0,0.141912,0.402946,0.481919,0.203447,0.621598,0.630903,-0.417358,0.00919438,0.278814,0.0430701,0.672746,0.129498,0.358275,-0.634257
2.9717092514038086,0.0,0.0,0.0,0.0,0.0,0.0,0.141932,0.40292,0.481942,0.202767,0.621084,0.631579,-0.417432,0.00919376,0.27881,0.0430545,0.672597,0.129379,0.358464,-0.634332
2.971825361251831,0.0,0.0,0.0,0.0,0.0,0.0,0.141932,0.40292,0.481942,0.202767,0.621084,0.631579,-0.417432,0.00919376,0.27881,0.0430545,0.672597,0.129379,0.358464,-0.634332
2.9881529808044434,0.0,0.0,0.0,0.0,0.0,0.0,0.141929,0.402919,0.481942,0.202736,0.621066,0.631587,-0.417461,0.00917926,0.278818,0.0430673,0.672563,0.129539,0.358164,-0.634506
2.9882571697235107,0.0,0.0,0.0,0.0,0.0,0.0,0.141929,0.402919,0.481942,0.202736,0.621066,0.631587,-0.417461,0.00917926,0.278818,0.0430673,0.672563,0.129539,0.358164,-0.634506
3.005509853363037,0.0,0.0,0.0,0.0,0.0,0.0,0.141932,0.402921,0.481943,0.20275,0.621114,0.631571,-0.417406,0.00919304,0.278811,0.0430605,0.6727,0.129552,0.358365,-0.634245
3.0056183338165283,0.0,0.0,0.0,0.0,0.0,0.0,0.141932,0.402921,0.481943,0.20275,0.621114,0.631571,-0.417406,0.00919304,0.278811,0.0430605,0.6727,0.129552,0.358365,-0.634245
3.0218849182128906,0.0,0.0,0.0,0.0,0.0,0.0,0.141931,0.402919,0.481941,0.202745,0.62111,0.631545,-0.417454,0.00916924,0.278798,0.0430182,0.67299,0.130352,0.357844,-0.634066
3.021989583969116,0.0,0.0,0.0,0.0,0.0,0.0,0.141931,0.402919,0.481941,0.202745,0.62111,0.631545,-0.417454,0.00916924,0.278798,0.0430182,0.67299,0.130352,0.357844,-0.634066
3.038296699523926,0.0,0.0,0.0,0.0,0.0,0.0,0.14195,0.402939,0.481928,0.202782,0.621479,0.631018,-0.417684,0.00913666,0.278784,0.0430179,0.67248,0.130611,0.357772,-0.634595
3.0384058952331543,0.0,0.0,0.0,0.0,0.0,0.0,0.14195,0.402939,0.481928,0.202782,0.621479,0.631018,-0.417684,0.00913666,0.278784,0.0430179,0.67248,0.130611,0.357772,-0.634595
3.071946859359741,0.0,0.0,0.0,0.0,0.0,0.0,0.141912,0.402947,0.481917,0.203406,0.621627,0.630905,-0.41733,0.00919457,0.27881,0.0430575,0.672724,0.129577,0.358326,-0.634236
3.0720584392547607,0.0,0.0,0.0,0.0,0.0,0.0,0.141912,0.402947,0.481917,0.203406,0.621627,0.630905,-0.41733,0.00919457,0.27881,0.0430575,0.672724,0.129577,0.358326,-0.634236
3.0882763862609863,0.0,0.0,0.0,0.0,0.0,0.0,0.141932,0.40292,0.481942,0.202757,0.62111,0.631577,-0.417398,0.00919285,0.278812,0.0430585,0.672703,0.129561,0.358387,-0.634227
3.0883841514587402,0.0,0.0,0.0,0.0,0.0,0.0,0.141932,0.40292,0.481942,0.202757,0.62111,0.631577,-0.417398,0.00919285,0.278812,0.0430585,0.672703,0.129561,0.358387,-0.634227
3.1051783561706543,0.0,0.0,0.0,0.0,0.0,0.0,0.141932,0.402921,0.481942,0.202769,0.621108,0.631577,-0.417398,0.00918018,0.27882,0.0430678,0.672564,0.129555,0.358174,-0.634496
3.105290651321411,0.0,0.0,0.0,0.0,0.0,0.0,0.141932,0.402921,0.481942,0.202769,0.621108,0.631577,-0.417398,0.00918018,0.27882,0.0430678,0.672564,0.129555,0.358174,-0.634496
3.122012138366699,0.0,0.0,0.0,0.0,0.0,0.0,0.141931,0.402921,0.481941,0.20275,0.621093,0.6316,-0.417395,0.00919285,0.278812,0.0430585,0.672716,0.129567,0.358363,-0.634225
3.122124671936035,0.0,0.0,0.0,0.0,0.0,0.0,0.141931,0.402921,0.481941,0.20275,0.621093,0.6316,-0.417395,0.00919285,0.278812,0.0430585,0.672716,0.129567,0.358363,-0.634225
3.138580799102783,0.0,0.0,0.0,0.0,0.0,0.0,0.141948,0.402936,0.481928,0.202748,0.621451,0.631047,-0.417697,0.00919157,0.27881,0.0430606,0.672693,0.129557,0.358348,-0.63426
3.138686418533325,0.0,0.0,0.0,0.0,0.0,0.0,0.141948,0.402936,0.481928,0.202748,0.621451,0.631047,-0.417697,0.00919157,0.27881,0.0430606,0.672693,0.129557,0.358348,-0.63426
3.1565535068511963,0.0,0.0,0.0,0.0,0.0,0.0,0.141912,0.402946,0.481917,0.203422,0.621623,0.630888,-0.417355,0.00918193,0.278791,0.043008,0.673169,0.130356,0.358045,-0.633763
3.15665602684021,0.0,0.0,0.0,0.0,0.0,0.0,0.141912,0.402946,0.481917,0.203422,0.621623,0.630888,-0.417355,0.00918193,0.278791,0.043008,0.673169,0.130356,0.358045,-0.633763
3.188408851623535,0.0,0.0,0.0,0.0,0.0,0.0,0.141912,0.402947,0.481917,0.203413,0.621619,0.630905,-0.417339,0.00916825,0.278797,0.0430137,0.67287,0.130111,0.357928,-0.634196
3.1885178089141846,0.0,0.0,0.0,0.0,0.0,0.0,0.141912,0.402947,0.481917,0.203413,0.621619,0.630905,-0.417339,0.00916825,0.278797,0.0430137,0.67287,0.130111,0.357928,-0.634196
3.205310583114624,0.0,0.0,0.0,0.0,0.0,0.0,0.141947,0.402894,0.481957,0.207169,0.619016,0.628964,-0.422261,0.00919297,0.278809,0.0430544,0.672595,0.129407,0.358429,-0.634349
3.205427408218384,0.0,0.0,0.0,0.0,0.0,0.0,0.141947,0.402894,0.481957,0.207169,0.619016,0.628964,-0.422261,0.00919297,0.278809,0.0430544,0.672595,0.129407,0.358429,-0.634349
3.2219955921173096,0.0,0.0,0.0,0.0,0.0,0.0,0.141911,0.402946,0.481919,0.203423,0.621595,0.630896,-0.417384,0.00918026,0.278792,0.0430088,0.67313,0.13039,0.358061,-0.633787
3.222100257873535,0.0,0.0,0.0,0.0,0.0,0.0,0.141911,0.402946,0.481919,0.203423,0.621595,0.630896,-0.417384,0.00918026,0.278792,0.0430088,0.67313,0.13039,0.358061,-0.633787
3.2387969493865967,0.0,0.0,0.0,0.0,0.0,0.0,0.141931,0.40292,0.481941,0.202762,0.621108,0.631559,-0.417427,0.00917958,0.27879,0.0430039,0.673022,0.130126,0.358096,-0.633937
3.2389063835144043,0.0,0.0,0.0,0.0,0.0,0.0,0.141931,0.40292,0.481941,0.202762,0.621108,0.631559,-0.417427,0.00917958,0.27879,0.0430039,0.673022,0.130126,0.358096,-0.633937
3.291142225265503,0.0,0.0,0.0,0.0,0.0,0.0,0.141931,0.402919,0.481942,0.202727,0.62111,0.631585,-0.417401,0.00918105,0.278791,0.0430092,0.673147,0.13036,0.358046,-0.633784
3.291640281677246,0.0,0.0,0.0,0.0,0.0,0.0,0.141931,0.402919,0.481942,0.202727,0.62111,0.631585,-0.417401,0.00918105,0.278791,0.0430092,0.673147,0.13036,0.358046,-0.633784
3.3138110637664795,0.0,0.0,0.0,0.0,0.0,0.0,0.141931,0.40292,0.481943,0.202739,0.621112,0.631584,-0.417395,0.00916869,0.278798,0.0430129,0.672894,0.130138,0.357909,-0.634176
3.3139796257019043,0.0,0.0,0.0,0.0,0.0,0.0,0.141931,0.40292,0.481943,0.202739,0.621112,0.631584,-0.417395,0.00916869,0.278798,0.0430129,0.672894,0.130138,0.357909,-0.634176
3.3306949138641357,0.0,0.0,0.0,0.0,0.0,0.0,0.141931,0.402923,0.481943,0.202751,0.621086,0.631605,-0.417396,0.00918054,0.278819,0.0430699,0.672568,0.129528,0.358175,-0.634496
3.3307952880859375,0.0,0.0,0.0,0.0,0.0,0.0,0.141931,0.402923,0.481943,0.202751,0.621086,0.631605,-0.417396,0.00918054,0.278819,0.0430699,0.672568,0.129528,0.358175,-0.634496
3.3553431034088135,0.0,0.0,0.0,0.0,0.0,0.0,0.141911,0.402944,0.481918,0.203423,0.621595,0.630909,-0.417364,0.00919266,0.27881,0.0430646,0.67263,0.129326,0.358381,-0.634356
3.3554527759552,0.0,0.0,0.0,0.0,0.0,0.0,0.141911,0.402944,0.481918,0.203423,0.621595,0.630909,-0.417364,0.00919266,0.27881,0.0430646,0.67263,0.129326,0.358381,-0.634356
3.3724374771118164,0.0,0.0,0.0,0.0,0.0,0.0,0.141932,0.402927,0.481944,0.202822,0.621042,0.631676,-0.41732,0.00906678,0.278721,0.0431594,0.671806,0.129354,0.355302,-0.63695
3.3725459575653076,0.0,0.0,0.0,0.0,0.0,0.0,0.141932,0.402927,0.481944,0.202822,0.621042,0.631676,-0.41732,0.00906678,0.278721,0.0431594,0.671806,0.129354,0.355302,-0.63695
3.4055519104003906,0.0,0.0,0.0,0.0,0.0,0.0,0.141931,0.40292,0.481942,0.202757,0.621109,0.631565,-0.417419,0.00919328,0.27881,0.0430586,0.672696,0.129577,0.358328,-0.634264
3.4056594371795654,0.0,0.0,0.0,0.0,0.0,0.0,0.141931,0.40292,0.481942,0.202757,0.621109,0.631565,-0.417419,0.00919328,0.27881,0.0430586,0.672696,0.129577,0.358328,-0.634264
3.4217073917388916,0.0,0.0,0.0,0.0,0.0,0.0,0.141932,0.402921,0.481943,0.202719,0.621115,0.631586,-0.417396,0.00919194,0.278809,0.0430611,0.672714,0.129546,0.358336,-0.634247
3.421823024749756,0.0,0.0,0.0,0.0,0.0,0.0,0.141932,0.402921,0.481943,0.202719,0.621115,0.631586,-0.417396,0.00919194,0.278809,0.0430611,0.672714,0.129546,0.358336,-0.634247
3.4386863708496094,0.0,0.0,0.0,0.0,0.0,0.0,0.14193,0.40292,0.481941,0.202732,0.621116,0.631547,-0.417449,0.0091803,0.278792,0.0430088,0.673144,0.130357,0.358018,-0.633805
3.4388010501861572,0.0,0.0,0.0,0.0,0.0,0.0,0.14193,0.40292,0.481941,0.202732,0.621116,0.631547,-0.417449,0.0091803,0.278792,0.0430088,0.673144,0.130357,0.358018,-0.633805
3.455369472503662,0.0,0.0,0.0,0.0,0.0,0.0,0.141931,0.402921,0.481942,0.202757,0.621079,0.631602,-0.417407,0.00916971,0.278802,0.0430188,0.672983,0.130388,0.357865,-0.634055
3.4554803371429443,0.0,0.0,0.0,0.0,0.0,0.0,0.141931,0.402921,0.481942,0.202757,0.621079,0.631602,-0.417407,0.00916971,0.278802,0.0430188,0.672983,0.130388,0.357865,-0.634055
3.4715144634246826,0.0,0.0,0.0,0.0,0.0,0.0,0.141931,0.40292,0.481943,0.202757,0.621107,0.631551,-0.417443,0.0091905,0.27881,0.0430592,0.672706,0.129555,0.358344,-0.634249
3.4716227054595947,0.0,0.0,0.0,0.0,0.0,0.0,0.141931,0.40292,0.481943,0.202757,0.621107,0.631551,-0.417443,0.0091905,0.27881,0.0430592,0.672706,0.129555,0.358344,-0.634249
3.4907689094543457,0.0,0.0,0.0,0.0,0.0,0.0,0.14193,0.402877,0.481969,0.207133,0.618652,0.629534,-0.421963,0.00918214,0.278791,0.0430079,0.673152,0.130379,0.358041,-0.633778
3.490874767303467,0.0,0.0,0.0,0.0,0.0,0.0,0.14193,0.402877,0.481969,0.207133,0.618652,0.629534,-0.421963,0.00918214,0.278791,0.0430079,0.673152,0.130379,0.358041,-0.633778
3.5217666625976562,0.0,0.0,0.0,0.0,0.0,0.0,0.141931,0.402922,0.481943,0.202751,0.621091,0.631579,-0.417429,0.00916661,0.278802,0.0430176,0.672974,0.130371,0.357855,-0.634074
3.5218818187713623,0.0,0.0,0.0,0.0,0.0,0.0,0.141931,0.402922,0.481943,0.202751,0.621091,0.631579,-0.417429,0.00916661,0.278802,0.0430176,0.672974,0.130371,0.357855,-0.634074
3.538607597351074,0.0,0.0,0.0,0.0,0.0,0.0,0.141932,0.40292,0.481944,0.202753,0.621112,0.631578,-0.417397,0.00916892,0.278799,0.0430197,0.672998,0.130348,0.357856,-0.634052
3.538729190826416,0.0,0.0,0.0,0.0,0.0,0.0,0.141932,0.40292,0.481944,0.202753,0.621112,0.631578,-0.417397,0.00916892,0.278799,0.0430197,0.672998,0.130348,0.357856,-0.634052
3.5550525188446045,0.0,0.0,0.0,0.0,0.0,0.0,0.14193,0.402919,0.481941,0.202719,0.621126,0.631559,-0.417421,0.00918159,0.278789,0.0430037,0.673038,0.130145,0.358108,-0.633909
3.555156946182251,0.0,0.0,0.0,0.0,0.0,0.0,0.14193,0.402919,0.481941,0.202719,0.621126,0.631559,-0.417421,0.00918159,0.278789,0.0430037,0.673038,0.130145,0.358108,-0.633909
3.5718252658843994,0.0,0.0,0.0,0.0,0.0,0.0,0.14193,0.402922,0.481943,0.202761,0.621093,0.631559,-0.41745,0.00917825,0.278819,0.0430659,0.672426,0.129365,0.358257,-0.634633
3.5719361305236816,0.0,0.0,0.0,0.0,0.0,0.0,0.14193,0.402922,0.481943,0.202761,0.621093,0.631559,-0.41745,0.00917825,0.278819,0.0430659,0.672426,0.129365,0.358257,-0.634633
3.605194568634033,0.0,0.0,0.0,0.0,0.0,0.0,0.14193,0.40292,0.481941,0.202721,0.621113,0.631557,-0.417442,0.00916907,0.278799,0.0430172,0.672984,0.130366,0.357872,-0.634054
3.605306386947632,0.0,0.0,0.0,0.0,0.0,0.0,0.14193,0.40292,0.481941,0.202721,0.621113,0.631557,-0.417442,0.00916907,0.278799,0.0430172,0.672984,0.130366,0.357872,-0.634054
3.621546506881714,0.0,0.0,0.0,0.0,0.0,0.0,0.141911,0.402947,0.481917,0.203437,0.62162,0.630902,-0.417331,0.00916681,0.2788,0.0430143,0.672867,0.130122,0.35794,-0.63419
3.6216533184051514,0.0,0.0,0.0,0.0,0.0,0.0,0.141911,0.402947,0.481917,0.203437,0.62162,0.630902,-0.417331,0.00916681,0.2788,0.0430143,0.672867,0.130122,0.35794,-0.63419
3.6386029720306396,0.0,0.0,0.0,0.0,0.0,0.0,0.141911,0.402945,0.481916,0.203459,0.621605,0.630916,-0.417322,0.00916681,0.2788,0.0430124,0.672851,0.130118,0.357939,-0.634208
3.638723134994507,0.0,0.0,0.0,0.0,0.0,0.0,0.141911,0.402945,0.481916,0.203459,0.621605,0.630916,-0.417322,0.00916681,0.2788,0.0430124,0.672851,0.130118,0.357939,-0.634208
3.6550955772399902,0.0,0.0,0.0,0.0,0.0,0.0,0.141931,0.402919,0.481945,0.20273,0.621104,0.631595,-0.417395,0.00917674,0.278819,0.0430718,0.672544,0.12954,0.358152,-0.634532
3.6552085876464844,0.0,0.0,0.0,0.0,0.0,0.0,0.141931,0.402919,0.481945,0.20273,0.621104,0.631595,-0.417395,0.00917674,0.278819,0.0430718,0.672544,0.12954,0.358152,-0.634532
3.672058343887329,0.0,0.0,0.0,0.0,0.0,0.0,0.141911,0.402946,0.481916,0.203444,0.621579,0.630907,-0.417379,0.00917893,0.27882,0.0430689,0.672535,0.129552,0.358149,-0.63454
3.672165870666504,0.0,0.0,0.0,0.0,0.0,0.0,0.141911,0.402946,0.481916,0.203444,0.621579,0.630907,-0.417379,0.00917893,0.27882,0.0430689,0.672535,0.129552,0.358149,-0.63454
3.7049741744995117,0.0,0.0,0.0,0.0,0.0,0.0,0.14191,0.402947,0.481917,0.203419,0.621612,0.630881,-0.417383,0.00917826,0.27882,0.0430644,0.672428,0.129344,0.358272,-0.634627
3.7050795555114746,0.0,0.0,0.0,0.0,0.0,0.0,0.14191,0.402947,0.481917,0.203419,0.621612,0.630881,-0.417383,0.00917826,0.27882,0.0430644,0.672428,0.129344,0.358272,-0.634627
3.7220020294189453,0.0,0.0,0.0,0.0,0.0,0.0,0.14193,0.40292,0.481942,0.202764,0.621088,0.631581,-0.417423,0.0091691,0.2788,0.0430187,0.672993,0.13037,0.35784,-0.634062
3.7221105098724365,0.0,0.0,0.0,0.0,0.0,0.0,0.14193,0.40292,0.481942,0.202764,0.621088,0.631581,-0.417423,0.0091691,0.2788,0.0430187,0.672993,0.13037,0.35784,-0.634062
3.7387332916259766,0.0,0.0,0.0,0.0,0.0,0.0,0.141913,0.402948,0.481922,0.203552,0.621555,0.630983,-0.417249,0.00916736,0.278798,0.0430194,0.672988,0.130355,0.357865,-0.634057
3.7388367652893066,0.0,0.0,0.0,0.0,0.0,0.0,0.141913,0.402948,0.481922,0.203552,0.621555,0.630983,-0.417249,0.00916736,0.278798,0.0430194,0.672988,0.130355,0.357865,-0.634057
3.755256414413452,0.0,0.0,0.0,0.0,0.0,0.0,0.141931,0.402921,0.481943,0.202736,0.621154,0.631527,-0.41742,0.00916703,0.2788,0.0430205,0.672992,0.130347,0.357869,-0.634051
3.7553634643554688,0.0,0.0,0.0,0.0,0.0,0.0,0.141931,0.402921,0.481943,0.202736,0.621154,0.631527,-0.41742,0.00916703,0.2788,0.0430205,0.672992,0.130347,0.357869,-0.634051
3.771684169769287,0.0,0.0,0.0,0.0,0.0,0.0,0.14191,0.402946,0.481918,0.203423,0.621613,0.63089,-0.417365,0.0091675,0.278799,0.0430179,0.672967,0.130376,0.357851,-0.634082
3.7717931270599365,0.0,0.0,0.0,0.0,0.0,0.0,0.14191,0.402946,0.481918,0.203423,0.621613,0.63089,-0.417365,0.0091675,0.278799,0.0430179,0.672967,0.130376,0.357851,-0.634082
3.805647850036621,0.0,0.0,0.0,0.0,0.0,0.0,0.141927,0.402917,0.481941,0.202752,0.621086,0.631562,-0.41746,0.00917659,0.27882,0.0430673,0.672552,0.129545,0.358196,-0.634498
3.8057663440704346,0.0,0.0,0.0,0.0,0.0,0.0,0.141927,0.402917,0.481941,0.202752,0.621086,0.631562,-0.41746,0.00917659,0.27882,0.0430673,0.672552,0.129545,0.358196,-0.634498
3.822533130645752,0.0,0.0,0.0,0.0,0.0,0.0,0.14193,0.402921,0.481945,0.202719,0.621136,0.631556,-0.417412,0.0091796,0.278818,0.0430713,0.672576,0.129533,0.358169,-0.634489
3.822646379470825,0.0,0.0,0.0,0.0,0.0,0.0,0.14193,0.402921,0.481945,0.202719,0.621136,0.631556,-0.417412,0.0091796,0.278818,0.0430713,0.672576,0.129533,0.358169,-0.634489
3.838826894760132,0.0,0.0,0.0,0.0,0.0,0.0,0.141929,0.402919,0.481942,0.202757,0.621114,0.631556,-0.417426,0.00916761,0.278801,0.0430173,0.672974,0.130373,0.357883,-0.634057
3.838937997817993,0.0,0.0,0.0,0.0,0.0,0.0,0.141929,0.402919,0.481942,0.202757,0.621114,0.631556,-0.417426,0.00916761,0.278801,0.0430173,0.672974,0.130373,0.357883,-0.634057
3.855851650238037,0.0,0.0,0.0,0.0,0.0,0.0,0.141931,0.402923,0.481943,0.202734,0.621129,0.631574,-0.417387,0.00917793,0.278819,0.043066,0.672444,0.129366,0.358256,-0.634615
3.8559606075286865,0.0,0.0,0.0,0.0,0.0,0.0,0.141931,0.402923,0.481943,0.202734,0.621129,0.631574,-0.417387,0.00917793,0.278819,0.043066,0.672444,0.129366,0.358256,-0.634615
3.8722612857818604,0.0,0.0,0.0,0.0,0.0,0.0,0.141913,0.402947,0.481918,0.203433,0.621612,0.630923,-0.417314,0.00918084,0.278791,0.0430095,0.673141,0.130377,0.358026,-0.633799
3.8723666667938232,0.0,0.0,0.0,0.0,0.0,0.0,0.141913,0.402947,0.481918,0.203433,0.621612,0.630923,-0.417314,0.00918084,0.278791,0.0430095,0.673141,0.130377,0.358026,-0.633799
3.9049432277679443,0.0,0.0,0.0,0.0,0.0,0.0,0.141931,0.402919,0.481942,0.202764,0.621129,0.631549,-0.41741,0.00919195,0.278812,0.043058,0.672727,0.129593,0.358334,-0.634224
3.9050495624542236,0.0,0.0,0.0,0.0,0.0,0.0,0.141931,0.402919,0.481942,0.202764,0.621129,0.631549,-0.41741,0.00919195,0.278812,0.043058,0.672727,0.129593,0.358334,-0.634224
3.9221932888031006,0.0,0.0,0.0,0.0,0.0,0.0,0.141911,0.402945,0.481917,0.203441,0.62161,0.630893,-0.417357,0.00919175,0.278808,0.0430598,0.672729,0.12954,0.35833,-0.634236
3.92229962348938,0.0,0.0,0.0,0.0,0.0,0.0,0.141911,0.402945,0.481917,0.203441,0.62161,0.630893,-0.417357,0.00919175,0.278808,0.0430598,0.672729,0.12954,0.35833,-0.634236
3.938354730606079,0.0,0.0,0.0,0.0,0.0,0.0,0.14193,0.402924,0.481941,0.202774,0.621086,0.631572,-0.417435,0.00918837,0.278831,0.0430474,0.672661,0.130234,0.358155,-0.634264
3.938462018966675,0.0,0.0,0.0,0.0,0.0,0.0,0.14193,0.402924,0.481941,0.202774,0.621086,0.631572,-0.417435,0.00918837,0.278831,0.0430474,0.672661,0.130234,0.358155,-0.634264
3.9550304412841797,0.0,0.0,0.0,0.0,0.0,0.0,0.14193,0.402919,0.481942,0.202724,0.621103,0.631577,-0.417426,0.00919101,0.278808,0.0430598,0.672718,0.129563,0.358329,-0.634243
3.9551429748535156,0.0,0.0,0.0,0.0,0.0,0.0,0.14193,0.402919,0.481942,0.202724,0.621103,0.631577,-0.417426,0.00919101,0.278808,0.0430598,0.672718,0.129563,0.358329,-0.634243
3.9722299575805664,0.0,0.0,0.0,0.0,0.0,0.0,0.14193,0.40292,0.481942,0.202703,0.621116,0.631577,-0.417416,0.00919195,0.278812,0.0430588,0.67271,0.129558,0.358353,-0.63424
3.972339630126953,0.0,0.0,0.0,0.0,0.0,0.0,0.14193,0.40292,0.481942,0.202703,0.621116,0.631577,-0.417416,0.00919195,0.278812,0.0430588,0.67271,0.129558,0.358353,-0.63424
3.9908511638641357,0.0,0.0,0.0,0.0,0.0,0.0,0.14193,0.402921,0.481942,0.202737,0.621143,0.631537,-0.417421,0.00918137,0.278796,0.043017,0.673042,0.130087,0.358031,-0.63396
3.9909579753875732,0.0,0.0,0.0,0.0,0.0,0.0,0.14193,0.402921,0.481942,0.202737,0.621143,0.631537,-0.417421,0.00918137,0.278796,0.043017,0.673042,0.130087,0.358031,-0.63396
4.010317087173462,0.0,0.0,0.0,0.0,0.0,0.0,0.141931,0.402921,0.48194,0.202747,0.621127,0.631541,-0.417434,0.00916948,0.278801,0.0430177,0.673004,0.130354,0.357844,-0.634052
4.010422468185425,0.0,0.0,0.0,0.0,0.0,0.0,0.141931,0.402921,0.48194,0.202747,0.621127,0.631541,-0.417434,0.00916948,0.278801,0.0430177,0.673004,0.130354,0.357844,-0.634052
4.030786037445068,0.0,0.0,0.0,0.0,0.0,0.0,0.141932,0.402921,0.481942,0.202764,0.621144,0.631535,-0.41741,0.0091775,0.278791,0.0430033,0.673006,0.130164,0.358108,-0.633939
4.030895948410034,0.0,0.0,0.0,0.0,0.0,0.0,0.141932,0.402921,0.481942,0.202764,0.621144,0.631535,-0.41741,0.0091775,0.278791,0.0430033,0.673006,0.130164,0.358108,-0.633939
4.0498621463775635,0.0,0.0,0.0,0.0,0.0,0.0,0.14193,0.402921,0.481941,0.202695,0.621115,0.631571,-0.417432,0.00917905,0.278793,0.0430076,0.673135,0.130402,0.358057,-0.633782
4.049962997436523,0.0,0.0,0.0,0.0,0.0,0.0,0.14193,0.402921,0.481941,0.202695,0.621115,0.631571,-0.417432,0.00917905,0.278793,0.0430076,0.673135,0.130402,0.358057,-0.633782
4.0710320472717285,0.0,0.0,0.0,0.0,0.0,0.0,0.141948,0.402936,0.481927,0.2028,0.621425,0.631043,-0.417717,0.00916894,0.278804,0.0430295,0.673017,0.130298,0.357788,-0.63408
4.0711469650268555,0.0,0.0,0.0,0.0,0.0,0.0,0.141948,0.402936,0.481927,0.2028,0.621425,0.631043,-0.417717,0.00916894,0.278804,0.0430295,0.673017,0.130298,0.357788,-0.63408
4.090296983718872,0.0,0.0,0.0,0.0,0.0,0.0,0.14193,0.402922,0.481941,0.20275,0.621094,0.631573,-0.417432,0.00916819,0.278802,0.0430181,0.672985,0.13035,0.357847,-0.634071
4.0904035568237305,0.0,0.0,0.0,0.0,0.0,0.0,0.14193,0.402922,0.481941,0.20275,0.621094,0.631573,-0.417432,0.00916819,0.278802,0.0430181,0.672985,0.13035,0.357847,-0.634071
4.111029148101807,0.0,0.0,0.0,0.0,0.0,0.0,0.141909,0.402945,0.481916,0.203443,0.621591,0.630888,-0.417391,0.00917889,0.278818,0.0430682,0.67256,0.129538,0.358188,-0.634496
4.111138343811035,0.0,0.0,0.0,0.0,0.0,0.0,0.141909,0.402945,0.481916,0.203443,0.621591,0.630888,-0.417391,0.00917889,0.278818,0.0430682,0.67256,0.129538,0.358188,-0.634496
4.13824462890625,0.0,0.0,0.0,0.0,0.0,0.0,0.141929,0.402921,0.481941,0.202718,0.621126,0.631562,-0.417418,0.00919257,0.278812,0.0430585,0.672731,0.129542,0.358378,-0.634206
4.138353109359741,0.0,0.0,0.0,0.0,0.0,0.0,0.141929,0.402921,0.481941,0.202718,0.621126,0.631562,-0.417418,0.00919257,0.278812,0.0430585,0.672731,0.129542,0.358378,-0.634206
4.155251979827881,0.0,0.0,0.0,0.0,0.0,0.0,0.141929,0.40292,0.481941,0.202768,0.621096,0.631567,-0.41743,0.00916836,0.2788,0.0430194,0.673006,0.130345,0.357841,-0.634052
4.155366897583008,0.0,0.0,0.0,0.0,0.0,0.0,0.141929,0.40292,0.481941,0.202768,0.621096,0.631567,-0.41743,0.00916836,0.2788,0.0430194,0.673006,0.130345,0.357841,-0.634052
4.171967029571533,0.0,0.0,0.0,0.0,0.0,0.0,0.141929,0.402919,0.48194,0.202775,0.621086,0.631564,-0.417447,0.00917976,0.278792,0.0430027,0.673042,0.130126,0.358149,-0.633885
4.172081232070923,0.0,0.0,0.0,0.0,0.0,0.0,0.141929,0.402919,0.48194,0.202775,0.621086,0.631564,-0.417447,0.00917976,0.278792,0.0430027,0.673042,0.130126,0.358149,-0.633885
4.1906538009643555,0.0,0.0,0.0,0.0,0.0,0.0,0.14193,0.402921,0.481942,0.202756,0.62108,0.631595,-0.417418,0.00917865,0.278818,0.0430654,0.67244,0.129356,0.358268,-0.634615
4.19076681137085,0.0,0.0,0.0,0.0,0.0,0.0,0.14193,0.402921,0.481942,0.202756,0.62108,0.631595,-0.417418,0.00917865,0.278818,0.0430654,0.67244,0.129356,0.358268,-0.634615
4.223626375198364,0.0,0.0,0.0,0.0,0.0,0.0,0.141928,0.402922,0.481942,0.202733,0.621101,0.631566,-0.417442,0.00918207,0.278793,0.0430088,0.67314,0.130392,0.358008,-0.633807
4.223790168762207,0.0,0.0,0.0,0.0,0.0,0.0,0.141928,0.402922,0.481942,0.202733,0.621101,0.631566,-0.417442,0.00918207,0.278793,0.0430088,0.67314,0.130392,0.358008,-0.633807
4.2405760288238525,0.0,0.0,0.0,0.0,0.0,0.0,0.14193,0.402917,0.481942,0.202757,0.621103,0.631568,-0.417424,0.00917985,0.278793,0.0430102,0.673135,0.130355,0.358069,-0.633785
4.240735292434692,0.0,0.0,0.0,0.0,0.0,0.0,0.14193,0.402917,0.481942,0.202757,0.621103,0.631568,-0.417424,0.00917985,0.278793,0.0430102,0.673135,0.130355,0.358069,-0.633785
4.257065057754517,0.0,0.0,0.0,0.0,0.0,0.0,0.14193,0.402918,0.481942,0.202732,0.621097,0.631567,-0.417446,0.00918148,0.278791,0.0430077,0.673131,0.13038,0.358048,-0.633796
4.257218360900879,0.0,0.0,0.0,0.0,0.0,0.0,0.14193,0.402918,0.481942,0.202732,0.621097,0.631567,-0.417446,0.00918148,0.278791,0.0430077,0.673131,0.13038,0.358048,-0.633796
4.2738776206970215,0.0,0.0,0.0,0.0,0.0,0.0,0.141931,0.402922,0.481944,0.202739,0.62108,0.631589,-0.417435,0.00919285,0.278815,0.0430599,0.672688,0.129566,0.358382,-0.634244
4.274031162261963,0.0,0.0,0.0,0.0,0.0,0.0,0.141931,0.402922,0.481944,0.202739,0.62108,0.631589,-0.417435,0.00919285,0.278815,0.0430599,0.672688,0.129566,0.358382,-0.634244
4.292474269866943,0.0,0.0,0.0,0.0,0.0,0.0,0.141928,0.402918,0.481942,0.202738,0.621091,0.631586,-0.417423,0.0091793,0.278818,0.0430645,0.672431,0.129376,0.358248,-0.634631
4.292629957199097,0.0,0.0,0.0,0.0,0.0,0.0,0.141928,0.402918,0.481942,0.202738,0.621091,0.631586,-0.417423,0.0091793,0.278818,0.0430645,0.672431,0.129376,0.358248,-0.634631
4.323480606079102,0.0,0.0,0.0,0.0,0.0,0.0,0.14191,0.402945,0.481918,0.203467,0.621594,0.630896,-0.417364,0.00919171,0.27881,0.0430601,0.672697,0.129565,0.358354,-0.634251
4.323619604110718,0.0,0.0,0.0,0.0,0.0,0.0,0.14191,0.402945,0.481918,0.203467,0.621594,0.630896,-0.417364,0.00919171,0.27881,0.0430601,0.672697,0.129565,0.358354,-0.634251
4.3394951820373535,0.0,0.0,0.0,0.0,0.0,0.0,0.141931,0.402921,0.481942,0.202719,0.621133,0.631569,-0.417395,0.00919263,0.278811,0.0430599,0.672706,0.129544,0.358376,-0.634233
4.339629888534546,0.0,0.0,0.0,0.0,0.0,0.0,0.141931,0.402921,0.481942,0.202719,0.621133,0.631569,-0.417395,0.00919263,0.278811,0.0430599,0.672706,0.129544,0.358376,-0.634233
4.3565568923950195,0.0,0.0,0.0,0.0,0.0,0.0,0.141911,0.402945,0.481916,0.203445,0.621607,0.630882,-0.417376,0.00917073,0.278805,0.0430314,0.673024,0.130298,0.3578,-0.634066
4.356705904006958,0.0,0.0,0.0,0.0,0.0,0.0,0.141911,0.402945,0.481916,0.203445,0.621607,0.630882,-0.417376,0.00917073,0.278805,0.0430314,0.673024,0.130298,0.3578,-0.634066
4.371924877166748,0.0,0.0,0.0,0.0,0.0,0.0,0.141929,0.40292,0.481943,0.202719,0.621125,0.63158,-0.417392,0.00916838,0.2788,0.0430202,0.672954,0.13038,0.357853,-0.634094
4.37203311920166,0.0,0.0,0.0,0.0,0.0,0.0,0.141929,0.40292,0.481943,0.202719,0.621125,0.63158,-0.417392,0.00916838,0.2788,0.0430202,0.672954,0.13038,0.357853,-0.634094
4.405207633972168,0.0,0.0,0.0,0.0,0.0,0.0,0.141928,0.402917,0.481943,0.202711,0.621102,0.631532,-0.417501,0.00918214,0.278822,0.0430816,0.672601,0.129503,0.35806,-0.634532
4.405315399169922,0.0,0.0,0.0,0.0,0.0,0.0,0.141928,0.402917,0.481943,0.202711,0.621102,0.631532,-0.417501,0.00918214,0.278822,0.0430816,0.672601,0.129503,0.35806,-0.634532
4.421963691711426,0.0,0.0,0.0,0.0,0.0,0.0,0.14193,0.402922,0.481943,0.202775,0.621085,0.631576,-0.417429,0.00916877,0.2788,0.0430204,0.67298,0.130339,0.357872,-0.634064
4.422070026397705,0.0,0.0,0.0,0.0,0.0,0.0,0.14193,0.402922,0.481943,0.202775,0.621085,0.631576,-0.417429,0.00916877,0.2788,0.0430204,0.67298,0.130339,0.357872,-0.634064
4.438780069351196,0.0,0.0,0.0,0.0,0.0,0.0,0.141929,0.40292,0.481943,0.202765,0.621093,0.631586,-0.417408,0.00916688,0.278801,0.0430191,0.672983,0.130368,0.357884,-0.634048
4.438884496688843,0.0,0.0,0.0,0.0,0.0,0.0,0.141929,0.40292,0.481943,0.202765,0.621093,0.631586,-0.417408,0.00916688,0.278801,0.0430191,0.672983,0.130368,0.357884,-0.634048
4.455243110656738,0.0,0.0,0.0,0.0,0.0,0.0,0.14193,0.402919,0.481943,0.202753,0.62114,0.631537,-0.417417,0.00916776,0.278798,0.043014,0.672885,0.130115,0.357929,-0.634178
4.455350875854492,0.0,0.0,0.0,0.0,0.0,0.0,0.14193,0.402919,0.481943,0.202753,0.62114,0.631537,-0.417417,0.00916776,0.278798,0.043014,0.672885,0.130115,0.357929,-0.634178
4.471489191055298,0.0,0.0,0.0,0.0,0.0,0.0,0.14191,0.402946,0.481919,0.203462,0.621638,0.630865,-0.417348,0.00916762,0.278802,0.0430213,0.672966,0.130368,0.357858,-0.634081
4.471599340438843,0.0,0.0,0.0,0.0,0.0,0.0,0.14191,0.402946,0.481919,0.203462,0.621638,0.630865,-0.417348,0.00916762,0.278802,0.0430213,0.672966,0.130368,0.357858,-0.634081
4.505150318145752,0.0,0.0,0.0,0.0,0.0,0.0,0.14193,0.402918,0.481946,0.202698,0.621132,0.631564,-0.417415,0.00917916,0.278818,0.0430671,0.672428,0.12936,0.358273,-0.634624
4.505261659622192,0.0,0.0,0.0,0.0,0.0,0.0,0.14193,0.402918,0.481946,0.202698,0.621132,0.631564,-0.417415,0.00917916,0.278818,0.0430671,0.672428,0.12936,0.358273,-0.634624
4.521898508071899,0.0,0.0,0.0,0.0,0.0,0.0,0.14193,0.402918,0.481944,0.202772,0.621113,0.631556,-0.41742,0.00917759,0.27882,0.0430704,0.672539,0.129552,0.358179,-0.63452
4.522012948989868,0.0,0.0,0.0,0.0,0.0,0.0,0.14193,0.402918,0.481944,0.202772,0.621113,0.631556,-0.41742,0.00917759,0.27882,0.0430704,0.672539,0.129552,0.358179,-0.63452
4.538441896438599,0.0,0.0,0.0,0.0,0.0,0.0,0.14193,0.402918,0.481943,0.202722,0.621153,0.631518,-0.417441,0.00916638,0.278799,0.0430196,0.672978,0.130348,0.357851,-0.634076
4.53855037689209,0.0,0.0,0.0,0.0,0.0,0.0,0.14193,0.402918,0.481943,0.202722,0.621153,0.631518,-0.417441,0.00916638,0.278799,0.0430196,0.672978,0.130348,0.357851,-0.634076
4.5549468994140625,0.0,0.0,0.0,0.0,0.0,0.0,0.14193,0.402919,0.481941,0.202753,0.62111,0.631582,-0.417394,0.00917998,0.278792,0.0430109,0.673134,0.130375,0.358022,-0.633809
4.555057048797607,0.0,0.0,0.0,0.0,0.0,0.0,0.14193,0.402919,0.481941,0.202753,0.62111,0.631582,-0.417394,0.00917998,0.278792,0.0430109,0.673134,0.130375,0.358022,-0.633809
4.572002410888672,0.0,0.0,0.0,0.0,0.0,0.0,0.14193,0.402963,0.481904,0.203431,0.621931,0.630375,-0.417665,0.00917762,0.278819,0.0430697,0.672567,0.129529,0.358157,-0.634507
4.572115421295166,0.0,0.0,0.0,0.0,0.0,0.0,0.14193,0.402963,0.481904,0.203431,0.621931,0.630375,-0.417665,0.00917762,0.278819,0.0430697,0.672567,0.129529,0.358157,-0.634507
4.605231523513794,0.0,0.0,0.0,0.0,0.0,0.0,0.14193,0.402923,0.481944,0.202713,0.621101,0.631585,-0.417422,0.00918052,0.278791,0.0430132,0.673151,0.130353,0.35804,-0.633785
4.605343818664551,0.0,0.0,0.0,0.0,0.0,0.0,0.14193,0.402923,0.481944,0.202713,0.621101,0.631585,-0.417422,0.00918052,0.278791,0.0430132,0.673151,0.130353,0.35804,-0.633785
4.622251749038696,0.0,0.0,0.0,0.0,0.0,0.0,0.141911,0.402945,0.481918,0.203414,0.621642,0.630855,-0.41738,0.00917935,0.278792,0.0430091,0.673117,0.130391,0.358034,-0.633817
4.622362375259399,0.0,0.0,0.0,0.0,0.0,0.0,0.141911,0.402945,0.481918,0.203414,0.621642,0.630855,-0.41738,0.00917935,0.278792,0.0430091,0.673117,0.130391,0.358034,-0.633817
4.63874888420105,0.0,0.0,0.0,0.0,0.0,0.0,0.14193,0.402921,0.481943,0.202739,0.62111,0.63155,-0.417449,0.00917772,0.278817,0.0430728,0.672566,0.129513,0.358148,-0.634516
4.638862609863281,0.0,0.0,0.0,0.0,0.0,0.0,0.14193,0.402921,0.481943,0.202739,0.62111,0.63155,-0.417449,0.00917772,0.278817,0.0430728,0.672566,0.129513,0.358148,-0.634516
4.655241012573242,0.0,0.0,0.0,0.0,0.0,0.0,0.14193,0.402921,0.481942,0.202745,0.621101,0.631585,-0.417406,0.00919097,0.278811,0.0430588,0.672703,0.129562,0.358353,-0.634246
4.6553544998168945,0.0,0.0,0.0,0.0,0.0,0.0,0.14193,0.402921,0.481942,0.202745,0.621101,0.631585,-0.417406,0.00919097,0.278811,0.0430588,0.672703,0.129562,0.358353,-0.634246
4.671929836273193,0.0,0.0,0.0,0.0,0.0,0.0,0.141908,0.402906,0.481945,0.2078,0.619164,0.628841,-0.421917,0.00919135,0.27881,0.0430614,0.672685,0.129539,0.358348,-0.634272
4.6720404624938965,0.0,0.0,0.0,0.0,0.0,0.0,0.141908,0.402906,0.481945,0.2078,0.619164,0.628841,-0.421917,0.00919135,0.27881,0.0430614,0.672685,0.129539,0.358348,-0.634272
4.705490827560425,0.0,0.0,0.0,0.0,0.0,0.0,0.141948,0.402936,0.481927,0.202812,0.621446,0.631008,-0.417734,0.00916654,0.2788,0.0430145,0.672862,0.130106,0.357947,-0.634195
4.705612421035767,0.0,0.0,0.0,0.0,0.0,0.0,0.141948,0.402936,0.481927,0.202812,0.621446,0.631008,-0.417734,0.00916654,0.2788,0.0430145,0.672862,0.130106,0.357947,-0.634195
4.722254753112793,0.0,0.0,0.0,0.0,0.0,0.0,0.14193,0.402922,0.48194,0.202751,0.621098,0.631581,-0.417415,0.00917962,0.278794,0.0430095,0.673131,0.130365,0.358036,-0.633806
4.722379207611084,0.0,0.0,0.0,0.0,0.0,0.0,0.14193,0.402922,0.48194,0.202751,0.621098,0.631581,-0.417415,0.00917962,0.278794,0.0430095,0.673131,0.130365,0.358036,-0.633806
4.73900842666626,0.0,0.0,0.0,0.0,0.0,0.0,0.141931,0.402922,0.48194,0.20275,0.621086,0.631599,-0.417405,0.00916761,0.278804,0.0430256,0.672896,0.130072,0.35788,-0.634203
4.739130020141602,0.0,0.0,0.0,0.0,0.0,0.0,0.141931,0.402922,0.48194,0.20275,0.621086,0.631599,-0.417405,0.00916761,0.278804,0.0430256,0.672896,0.130072,0.35788,-0.634203
4.755082130432129,0.0,0.0,0.0,0.0,0.0,0.0,0.141911,0.402947,0.481917,0.203416,0.621606,0.630908,-0.417352,0.00918923,0.278812,0.0430607,0.672697,0.129569,0.358364,-0.634244
4.75519323348999,0.0,0.0,0.0,0.0,0.0,0.0,0.141911,0.402947,0.481917,0.203416,0.621606,0.630908,-0.417352,0.00918923,0.278812,0.0430607,0.672697,0.129569,0.358364,-0.634244
4.772047519683838,0.0,0.0,0.0,0.0,0.0,0.0,0.14193,0.402921,0.481941,0.202744,0.621093,0.631565,-0.41745,0.009168,0.278802,0.0430168,0.672976,0.130371,0.357865,-0.634066
4.772155046463013,0.0,0.0,0.0,0.0,0.0,0.0,0.14193,0.402921,0.481941,0.202744,0.621093,0.631565,-0.41745,0.009168,0.278802,0.0430168,0.672976,0.130371,0.357865,-0.634066
4.805032730102539,0.0,0.0,0.0,0.0,0.0,0.0,0.141929,0.40288,0.48197,0.207134,0.618653,0.629516,-0.421988,0.00919173,0.278812,0.0430584,0.672687,0.129561,0.358389,-0.634243
4.805142402648926,0.0,0.0,0.0,0.0,0.0,0.0,0.141929,0.40288,0.48197,0.207134,0.618653,0.629516,-0.421988,0.00919173,0.278812,0.0430584,0.672687,0.129561,0.358389,-0.634243
4.822007656097412,0.0,0.0,0.0,0.0,0.0,0.0,0.14193,0.402919,0.481942,0.202764,0.621084,0.631572,-0.417444,0.00916896,0.2788,0.0430179,0.672985,0.130338,0.357879,-0.634055
4.822115659713745,0.0,0.0,0.0,0.0,0.0,0.0,0.14193,0.402919,0.481942,0.202764,0.621084,0.631572,-0.417444,0.00916896,0.2788,0.0430179,0.672985,0.130338,0.357879,-0.634055
