# Timestamp, Fx, Fy, Fz, Tx, Ty, Tz, FemurPosX, FemurPosY, FemurPosZ, FemurQuatW, FemurQuatX, FemurQuatY, FemurQuatZ, TibiaPosX, TibiaPosY, TibiaPosZ, TibiaQuatW, TibiaQuatX, TibiaQuatY, TibiaQuatZ
0.021264314651489258,0.0,0.0,0.0,0.0,0.0,0.0,0.14193,0.402921,0.481944,0.202717,0.621118,0.631608,-0.417359,0.00918459,0.2788,0.0430094,0.673136,0.130408,0.35802,-0.633801
0.021376609802246094,0.0,0.0,0.0,0.0,0.0,0.0,0.14193,0.402921,0.481944,0.202717,0.621118,0.631608,-0.417359,0.00918459,0.2788,0.0430094,0.673136,0.130408,0.35802,-0.633801
0.037981510162353516,0.0,0.0,0.0,0.0,0.0,0.0,0.141928,0.402918,0.481944,0.202751,0.621098,0.631577,-0.417421,0.00918418,0.278795,0.0430024,0.673034,0.130158,0.358093,-0.63392
0.03809928894042969,0.0,0.0,0.0,0.0,0.0,0.0,0.141928,0.402918,0.481944,0.202751,0.621098,0.631577,-0.417421,0.00918418,0.278795,0.0430024,0.673034,0.130158,0.358093,-0.63392
0.054724931716918945,0.0,0.0,0.0,0.0,0.0,0.0,0.141929,0.402964,0.481904,0.203424,0.621977,0.630364,-0.417617,0.00919532,0.278818,0.0430568,0.672709,0.12962,0.358347,-0.63423
0.05483841896057129,0.0,0.0,0.0,0.0,0.0,0.0,0.141929,0.402964,0.481904,0.203424,0.621977,0.630364,-0.417617,0.00919532,0.278818,0.0430568,0.672709,0.12962,0.358347,-0.63423
0.07146763801574707,0.0,0.0,0.0,0.0,0.0,0.0,0.141931,0.402922,0.481944,0.202737,0.621127,0.631574,-0.417389,0.00918343,0.278797,0.0430038,0.673016,0.130164,0.358133,-0.633914
0.07158255577087402,0.0,0.0,0.0,0.0,0.0,0.0,0.141931,0.402922,0.481944,0.202737,0.621127,0.631574,-0.417389,0.00918343,0.278797,0.0430038,0.673016,0.130164,0.358133,-0.633914
0.08800554275512695,0.0,0.0,0.0,0.0,0.0,0.0,0.141925,0.402882,0.48197,0.207156,0.618627,0.629555,-0.421958,0.00918238,0.278798,0.0430098,0.673141,0.130354,0.358022,-0.633806
0.08811807632446289,0.0,0.0,0.0,0.0,0.0,0.0,0.141925,0.402882,0.48197,0.207156,0.618627,0.629555,-0.421958,0.00918238,0.278798,0.0430098,0.673141,0.130354,0.358022,-0.633806
0.12151932716369629,0.0,0.0,0.0,0.0,0.0,0.0,0.14193,0.40292,0.481944,0.202722,0.621128,0.631583,-0.417381,0.00919384,0.278814,0.0430602,0.672706,0.129548,0.358321,-0.634264
0.12163496017456055,0.0,0.0,0.0,0.0,0.0,0.0,0.14193,0.40292,0.481944,0.202722,0.621128,0.631583,-0.417381,0.00919384,0.278814,0.0430602,0.672706,0.129548,0.358321,-0.634264
0.13880562782287598,0.0,0.0,0.0,0.0,0.0,0.0,0.14191,0.402948,0.481916,0.203414,0.621623,0.630849,-0.417418,0.00918275,0.278827,0.0430667,0.672573,0.129529,0.358205,-0.634474
0.13892269134521484,0.0,0.0,0.0,0.0,0.0,0.0,0.14191,0.402948,0.481916,0.203414,0.621623,0.630849,-0.417418,0.00918275,0.278827,0.0430667,0.672573,0.129529,0.358205,-0.634474
0.154555082321167,0.0,0.0,0.0,0.0,0.0,0.0,0.141929,0.402921,0.481942,0.202719,0.621118,0.631574,-0.41741,0.0091847,0.278798,0.0430077,0.673134,0.13039,0.358063,-0.633782
0.15467214584350586,0.0,0.0,0.0,0.0,0.0,0.0,0.141929,0.402921,0.481942,0.202719,0.621118,0.631574,-0.41741,0.0091847,0.278798,0.0430077,0.673134,0.13039,0.358063,-0.633782
0.17220711708068848,0.0,0.0,0.0,0.0,0.0,0.0,0.141912,0.402947,0.481919,0.203396,0.621619,0.630892,-0.417367,0.00919451,0.278814,0.0430574,0.672704,0.129558,0.358377,-0.634232
0.17232179641723633,0.0,0.0,0.0,0.0,0.0,0.0,0.141912,0.402947,0.481919,0.203396,0.621619,0.630892,-0.417367,0.00919451,0.278814,0.0430574,0.672704,0.129558,0.358377,-0.634232
0.18891024589538574,0.0,0.0,0.0,0.0,0.0,0.0,0.141928,0.402922,0.48194,0.202749,0.621075,0.631618,-0.417394,0.00918205,0.278797,0.0430004,0.673034,0.130153,0.3581,-0.633916
0.18903040885925293,0.0,0.0,0.0,0.0,0.0,0.0,0.141928,0.402922,0.48194,0.202749,0.621075,0.631618,-0.417394,0.00918205,0.278797,0.0430004,0.673034,0.130153,0.3581,-0.633916
0.2218616008758545,0.0,0.0,0.0,0.0,0.0,0.0,0.141929,0.40292,0.481943,0.20274,0.621073,0.631584,-0.417452,0.00919538,0.278814,0.0430537,0.672593,0.129384,0.358442,-0.634348
0.22198176383972168,0.0,0.0,0.0,0.0,0.0,0.0,0.141929,0.40292,0.481943,0.20274,0.621073,0.631584,-0.417452,0.00919538,0.278814,0.0430537,0.672593,0.129384,0.358442,-0.634348
0.2382063865661621,0.0,0.0,0.0,0.0,0.0,0.0,0.141912,0.402947,0.481918,0.203382,0.621666,0.630873,-0.417333,0.00918536,0.278791,0.0430049,0.673042,0.130132,0.358115,-0.633904
0.2383265495300293,0.0,0.0,0.0,0.0,0.0,0.0,0.141912,0.402947,0.481918,0.203382,0.621666,0.630873,-0.417333,0.00918536,0.278791,0.0430049,0.673042,0.130132,0.358115,-0.633904
0.25495243072509766,0.0,0.0,0.0,0.0,0.0,0.0,0.141912,0.402947,0.481918,0.203382,0.621666,0.630873,-0.417333,0.00918536,0.278791,0.0430049,0.673042,0.130132,0.358115,-0.633904
0.2550771236419678,0.0,0.0,0.0,0.0,0.0,0.0,0.141912,0.402947,0.481918,0.203382,0.621666,0.630873,-0.417333,0.00918536,0.278791,0.0430049,0.673042,0.130132,0.358115,-0.633904
0.27186012268066406,0.0,0.0,0.0,0.0,0.0,0.0,0.141929,0.40292,0.481942,0.202778,0.62108,0.631582,-0.417426,0.00918362,0.278793,0.0430042,0.673,0.130161,0.358104,-0.633949
0.2719881534576416,0.0,0.0,0.0,0.0,0.0,0.0,0.141929,0.40292,0.481942,0.202778,0.62108,0.631582,-0.417426,0.00918362,0.278793,0.0430042,0.673,0.130161,0.358104,-0.633949
0.28836917877197266,0.0,0.0,0.0,0.0,0.0,0.0,0.141931,0.402922,0.481944,0.202707,0.621152,0.631538,-0.41742,0.00918584,0.278789,0.0430075,0.673005,0.130143,0.358109,-0.633944
0.28848814964294434,0.0,0.0,0.0,0.0,0.0,0.0,0.141931,0.402922,0.481944,0.202707,0.621152,0.631538,-0.41742,0.00918584,0.278789,0.0430075,0.673005,0.130143,0.358109,-0.633944
0.321857213973999,0.0,0.0,0.0,0.0,0.0,0.0,0.141928,0.402923,0.48194,0.202768,0.621108,0.631574,-0.417401,0.0091948,0.278809,0.0430605,0.672723,0.129572,0.358302,-0.634251
0.3219790458679199,0.0,0.0,0.0,0.0,0.0,0.0,0.141928,0.402923,0.48194,0.202768,0.621108,0.631574,-0.417401,0.0091948,0.278809,0.0430605,0.672723,0.129572,0.358302,-0.634251
0.351517915725708,0.0,0.0,0.0,0.0,0.0,0.0,0.141928,0.40292,0.481941,0.202765,0.621083,0.631562,-0.417458,0.00918151,0.278817,0.0430679,0.672423,0.129346,0.358256,-0.634642
0.3517744541168213,0.0,0.0,0.0,0.0,0.0,0.0,0.141928,0.40292,0.481941,0.202765,0.621083,0.631562,-0.417458,0.00918151,0.278817,0.0430679,0.672423,0.129346,0.358256,-0.634642
0.37384557723999023,0.0,0.0,0.0,0.0,0.0,0.0,0.141919,0.402923,0.481935,0.202971,0.62097,0.631616,-0.417444,0.00918497,0.278788,0.0430115,0.67314,0.130364,0.358004,-0.633815
0.37406468391418457,0.0,0.0,0.0,0.0,0.0,0.0,0.141919,0.402923,0.481935,0.202971,0.62097,0.631616,-0.417444,0.00918497,0.278788,0.0430115,0.67314,0.130364,0.358004,-0.633815
0.3930850028991699,0.0,0.0,0.0,0.0,0.0,0.0,0.141929,0.402923,0.481943,0.202721,0.621082,0.63158,-0.417455,0.00919653,0.278813,0.0430586,0.672576,0.12942,0.358441,-0.63436
0.3932344913482666,0.0,0.0,0.0,0.0,0.0,0.0,0.141929,0.402923,0.481943,0.202721,0.621082,0.63158,-0.417455,0.00919653,0.278813,0.0430586,0.672576,0.12942,0.358441,-0.63436
0.42172765731811523,0.0,0.0,0.0,0.0,0.0,0.0,0.14191,0.40295,0.481917,0.203398,0.621636,0.630889,-0.417345,0.00918466,0.278791,0.0430113,0.673145,0.130386,0.358025,-0.633793
0.42184019088745117,0.0,0.0,0.0,0.0,0.0,0.0,0.14191,0.40295,0.481917,0.203398,0.621636,0.630889,-0.417345,0.00918466,0.278791,0.0430113,0.673145,0.130386,0.358025,-0.633793
0.4455270767211914,0.0,0.0,0.0,0.0,0.0,0.0,0.141911,0.402949,0.481918,0.203447,0.621603,0.630948,-0.417282,0.00920119,0.278807,0.0430095,0.673355,0.130457,0.358099,-0.633514
0.4457085132598877,0.0,0.0,0.0,0.0,0.0,0.0,0.141911,0.402949,0.481918,0.203447,0.621603,0.630948,-0.417282,0.00920119,0.278807,0.0430095,0.673355,0.130457,0.358099,-0.633514
0.4622783660888672,0.0,0.0,0.0,0.0,0.0,0.0,0.141931,0.402921,0.48194,0.202746,0.621112,0.631574,-0.417407,0.00918634,0.278793,0.043008,0.673153,0.130398,0.358031,-0.633778
0.46239662170410156,0.0,0.0,0.0,0.0,0.0,0.0,0.141931,0.402921,0.48194,0.202746,0.621112,0.631574,-0.417407,0.00918634,0.278793,0.043008,0.673153,0.130398,0.358031,-0.633778
0.4774453639984131,0.0,0.0,0.0,0.0,0.0,0.0,0.141931,0.402921,0.481943,0.202718,0.621122,0.631589,-0.417383,0.00918885,0.278795,0.0430106,0.673158,0.130392,0.358055,-0.633761
0.4775557518005371,0.0,0.0,0.0,0.0,0.0,0.0,0.141931,0.402921,0.481943,0.202718,0.621122,0.631589,-0.417383,0.00918885,0.278795,0.0430106,0.673158,0.130392,0.358055,-0.633761
0.491727352142334,0.0,0.0,0.0,0.0,0.0,0.0,0.141911,0.402947,0.481915,0.203382,0.621619,0.63092,-0.417331,0.00918482,0.278794,0.0430028,0.67304,0.13017,0.358138,-0.633885
0.4918515682220459,0.0,0.0,0.0,0.0,0.0,0.0,0.141911,0.402947,0.481915,0.203382,0.621619,0.63092,-0.417331,0.00918482,0.278794,0.0430028,0.67304,0.13017,0.358138,-0.633885
0.5215373039245605,0.0,0.0,0.0,0.0,0.0,0.0,0.141911,0.402947,0.481917,0.203412,0.62165,0.630883,-0.417327,0.00919564,0.278815,0.0430596,0.672708,0.129585,0.358352,-0.634236
0.5216555595397949,0.0,0.0,0.0,0.0,0.0,0.0,0.141911,0.402947,0.481917,0.203412,0.62165,0.630883,-0.417327,0.00919564,0.278815,0.0430596,0.672708,0.129585,0.358352,-0.634236
0.5380423069000244,0.0,0.0,0.0,0.0,0.0,0.0,0.141932,0.402919,0.481941,0.202724,0.621116,0.631595,-0.41738,0.00919672,0.278816,0.0430539,0.672582,0.129393,0.358478,-0.634338
0.5381536483764648,0.0,0.0,0.0,0.0,0.0,0.0,0.141932,0.402919,0.481941,0.202724,0.621116,0.631595,-0.41738,0.00919672,0.278816,0.0430539,0.672582,0.129393,0.358478,-0.634338
0.5550236701965332,0.0,0.0,0.0,0.0,0.0,0.0,0.141932,0.40292,0.481941,0.202709,0.621135,0.631573,-0.417393,0.00919754,0.278816,0.0430595,0.672692,0.129574,0.358346,-0.634259
0.5551497936248779,0.0,0.0,0.0,0.0,0.0,0.0,0.141932,0.40292,0.481941,0.202709,0.621135,0.631573,-0.417393,0.00919754,0.278816,0.0430595,0.672692,0.129574,0.358346,-0.634259
0.5787339210510254,0.0,0.0,0.0,0.0,0.0,0.0,0.14193,0.402922,0.481942,0.202746,0.621093,0.631588,-0.417414,0.0091908,0.27883,0.0430367,0.672643,0.130275,0.358236,-0.634229
0.5789494514465332,0.0,0.0,0.0,0.0,0.0,0.0,0.14193,0.402922,0.481942,0.202746,0.621093,0.631588,-0.417414,0.0091908,0.27883,0.0430367,0.672643,0.130275,0.358236,-0.634229
0.5955197811126709,0.0,0.0,0.0,0.0,0.0,0.0,0.141932,0.40292,0.481944,0.202698,0.621136,0.631594,-0.417364,0.00919741,0.278814,0.0430536,0.672597,0.129418,0.358412,-0.634354
0.5956413745880127,0.0,0.0,0.0,0.0,0.0,0.0,0.141932,0.40292,0.481944,0.202698,0.621136,0.631594,-0.417364,0.00919741,0.278814,0.0430536,0.672597,0.129418,0.358412,-0.634354
0.6092407703399658,0.0,0.0,0.0,0.0,0.0,0.0,0.141931,0.40292,0.481942,0.202757,0.621118,0.631553,-0.417423,0.00919603,0.278814,0.0430533,0.67261,0.129371,0.35844,-0.634334
0.6093506813049316,0.0,0.0,0.0,0.0,0.0,0.0,0.141931,0.40292,0.481942,0.202757,0.621118,0.631553,-0.417423,0.00919603,0.278814,0.0430533,0.67261,0.129371,0.35844,-0.634334
0.6293888092041016,0.0,0.0,0.0,0.0,0.0,0.0,0.14193,0.402923,0.481945,0.202745,0.621124,0.631576,-0.417386,0.00920288,0.278829,0.0430861,0.672154,0.128325,0.35866,-0.634905
0.6295013427734375,0.0,0.0,0.0,0.0,0.0,0.0,0.14193,0.402923,0.481945,0.202745,0.621124,0.631576,-0.417386,0.00920288,0.278829,0.0430861,0.672154,0.128325,0.35866,-0.634905
0.6488790512084961,0.0,0.0,0.0,0.0,0.0,0.0,0.14193,0.402921,0.481942,0.202705,0.621116,0.631595,-0.417388,0.00919684,0.278818,0.0430567,0.672715,0.129595,0.358353,-0.634226
0.6490039825439453,0.0,0.0,0.0,0.0,0.0,0.0,0.14193,0.402921,0.481942,0.202705,0.621116,0.631595,-0.417388,0.00919684,0.278818,0.0430567,0.672715,0.129595,0.358353,-0.634226
0.6713471412658691,0.0,0.0,0.0,0.0,0.0,0.0,0.141931,0.40292,0.481944,0.202734,0.621106,0.63157,-0.417427,0.00917145,0.278802,0.0430122,0.6729,0.130107,0.357949,-0.634154
0.6714627742767334,0.0,0.0,0.0,0.0,0.0,0.0,0.141931,0.40292,0.481944,0.202734,0.621106,0.63157,-0.417427,0.00917145,0.278802,0.0430122,0.6729,0.130107,0.357949,-0.634154
0.6891264915466309,0.0,0.0,0.0,0.0,0.0,0.0,0.141912,0.402946,0.481916,0.20341,0.621618,0.630908,-0.417338,0.00918539,0.278796,0.0430006,0.673027,0.130165,0.358126,-0.633907
0.6892333030700684,0.0,0.0,0.0,0.0,0.0,0.0,0.141912,0.402946,0.481916,0.20341,0.621618,0.630908,-0.417338,0.00918539,0.278796,0.0430006,0.673027,0.130165,0.358126,-0.633907
0.7225797176361084,0.0,0.0,0.0,0.0,0.0,0.0,0.141912,0.402948,0.481919,0.203428,0.621627,0.630912,-0.41731,0.0091915,0.278826,0.0430332,0.672533,0.13002,0.358307,-0.634358
0.7227263450622559,0.0,0.0,0.0,0.0,0.0,0.0,0.141912,0.402948,0.481919,0.203428,0.621627,0.630912,-0.41731,0.0091915,0.278826,0.0430332,0.672533,0.13002,0.358307,-0.634358
0.7394237518310547,0.0,0.0,0.0,0.0,0.0,0.0,0.141932,0.402919,0.481942,0.202721,0.6211,0.631598,-0.4174,0.00918559,0.278794,0.0430035,0.673025,0.130146,0.358139,-0.633905
0.7395670413970947,0.0,0.0,0.0,0.0,0.0,0.0,0.141932,0.402919,0.481942,0.202721,0.6211,0.631598,-0.4174,0.00918559,0.278794,0.0430035,0.673025,0.130146,0.358139,-0.633905
0.7547228336334229,0.0,0.0,0.0,0.0,0.0,0.0,0.141932,0.402919,0.481943,0.202708,0.621099,0.631596,-0.41741,0.00918914,0.278794,0.0430035,0.673052,0.13015,0.358074,-0.633912
0.7548513412475586,0.0,0.0,0.0,0.0,0.0,0.0,0.141932,0.402919,0.481943,0.202708,0.621099,0.631596,-0.41741,0.00918914,0.278794,0.0430035,0.673052,0.13015,0.358074,-0.633912
0.7717022895812988,0.0,0.0,0.0,0.0,0.0,0.0,0.141932,0.402919,0.481943,0.202787,0.621078,0.631592,-0.417411,0.00918784,0.278795,0.0430093,0.673139,0.130384,0.358017,-0.633804
0.7718133926391602,0.0,0.0,0.0,0.0,0.0,0.0,0.141932,0.402919,0.481943,0.202787,0.621078,0.631592,-0.417411,0.00918784,0.278795,0.0430093,0.673139,0.130384,0.358017,-0.633804
0.789344072341919,0.0,0.0,0.0,0.0,0.0,0.0,0.141913,0.402944,0.481917,0.203416,0.621624,0.630919,-0.417309,0.00918651,0.278793,0.0430033,0.673023,0.130145,0.358098,-0.633931
0.7894582748413086,0.0,0.0,0.0,0.0,0.0,0.0,0.141913,0.402944,0.481917,0.203416,0.621624,0.630919,-0.417309,0.00918651,0.278793,0.0430033,0.673023,0.130145,0.358098,-0.633931
0.821462869644165,0.0,0.0,0.0,0.0,0.0,0.0,0.141929,0.40292,0.481942,0.202734,0.621112,0.631572,-0.417416,0.00919219,0.278816,0.0430531,0.672562,0.129409,0.358464,-0.634364
0.8215765953063965,0.0,0.0,0.0,0.0,0.0,0.0,0.141929,0.40292,0.481942,0.202734,0.621112,0.631572,-0.417416,0.00919219,0.278816,0.0430531,0.672562,0.129409,0.358464,-0.634364
0.8382518291473389,0.0,0.0,0.0,0.0,0.0,0.0,0.141931,0.40292,0.481943,0.202745,0.621119,0.631561,-0.417417,0.00919548,0.278814,0.0430549,0.672601,0.1294,0.358436,-0.63434
0.8383674621582031,0.0,0.0,0.0,0.0,0.0,0.0,0.141931,0.40292,0.481943,0.202745,0.621119,0.631561,-0.417417,0.00919548,0.278814,0.0430549,0.672601,0.1294,0.358436,-0.63434
0.8554167747497559,0.0,0.0,0.0,0.0,0.0,0.0,0.141931,0.402922,0.481944,0.202763,0.621124,0.631582,-0.417367,0.00918445,0.278797,0.0430058,0.673028,0.130143,0.358109,-0.633919
0.8555271625518799,0.0,0.0,0.0,0.0,0.0,0.0,0.141931,0.402922,0.481944,0.202763,0.621124,0.631582,-0.417367,0.00918445,0.278797,0.0430058,0.673028,0.130143,0.358109,-0.633919
0.8711941242218018,0.0,0.0,0.0,0.0,0.0,0.0,0.141929,0.40292,0.481944,0.202717,0.621124,0.631592,-0.417376,0.0091869,0.278818,0.0430169,0.673215,0.130393,0.357896,-0.63379
0.8713066577911377,0.0,0.0,0.0,0.0,0.0,0.0,0.141929,0.40292,0.481944,0.202717,0.621124,0.631592,-0.417376,0.0091869,0.278818,0.0430169,0.673215,0.130393,0.357896,-0.63379
0.9050948619842529,0.0,0.0,0.0,0.0,0.0,0.0,0.141928,0.402918,0.481942,0.202757,0.621118,0.631559,-0.417414,0.00918054,0.278823,0.0430632,0.672437,0.129352,0.358279,-0.634612
0.9052181243896484,0.0,0.0,0.0,0.0,0.0,0.0,0.141928,0.402918,0.481942,0.202757,0.621118,0.631559,-0.417414,0.00918054,0.278823,0.0430632,0.672437,0.129352,0.358279,-0.634612
0.9214775562286377,0.0,0.0,0.0,0.0,0.0,0.0,0.14193,0.402921,0.481945,0.202721,0.621137,0.631563,-0.417398,0.00918453,0.278798,0.04301,0.673146,0.130352,0.358024,-0.6338
0.9216043949127197,0.0,0.0,0.0,0.0,0.0,0.0,0.14193,0.402921,0.481945,0.202721,0.621137,0.631563,-0.417398,0.00918453,0.278798,0.04301,0.673146,0.130352,0.358024,-0.6338
0.9552969932556152,0.0,0.0,0.0,0.0,0.0,0.0,0.141931,0.40292,0.481943,0.202752,0.621114,0.631592,-0.417374,0.00919526,0.278816,0.0430597,0.672713,0.129549,0.358339,-0.634246
0.9554252624511719,0.0,0.0,0.0,0.0,0.0,0.0,0.141931,0.40292,0.481943,0.202752,0.621114,0.631592,-0.417374,0.00919526,0.278816,0.0430597,0.672713,0.129549,0.358339,-0.634246
1.0050725936889648,0.0,0.0,0.0,0.0,0.0,0.0,0.141912,0.402945,0.48192,0.20336,0.62167,0.630885,-0.417319,0.00919548,0.278812,0.0430554,0.672585,0.129412,0.358429,-0.634358
1.005418062210083,0.0,0.0,0.0,0.0,0.0,0.0,0.141912,0.402945,0.48192,0.20336,0.62167,0.630885,-0.417319,0.00919548,0.278812,0.0430554,0.672585,0.129412,0.358429,-0.634358
1.0262346267700195,0.0,0.0,0.0,0.0,0.0,0.0,0.141912,0.402946,0.481919,0.203377,0.621654,0.630888,-0.417331,0.00918584,0.278795,0.0430101,0.673126,0.130394,0.358034,-0.633806
1.0263817310333252,0.0,0.0,0.0,0.0,0.0,0.0,0.141912,0.402946,0.481919,0.203377,0.621654,0.630888,-0.417331,0.00918584,0.278795,0.0430101,0.673126,0.130394,0.358034,-0.633806
1.0547080039978027,0.0,0.0,0.0,0.0,0.0,0.0,0.14191,0.402947,0.481918,0.203397,0.621611,0.630908,-0.417353,0.00918565,0.278795,0.0430091,0.673152,0.130387,0.358022,-0.633787
1.054819107055664,0.0,0.0,0.0,0.0,0.0,0.0,0.14191,0.402947,0.481918,0.203397,0.621611,0.630908,-0.417353,0.00918565,0.278795,0.0430091,0.673152,0.130387,0.358022,-0.633787
1.0714285373687744,0.0,0.0,0.0,0.0,0.0,0.0,0.141931,0.402921,0.481943,0.20274,0.6211,0.631578,-0.417421,0.00918716,0.278796,0.0430088,0.673155,0.130369,0.358005,-0.633797
1.0715501308441162,0.0,0.0,0.0,0.0,0.0,0.0,0.141931,0.402921,0.481943,0.20274,0.6211,0.631578,-0.417421,0.00918716,0.278796,0.0430088,0.673155,0.130369,0.358005,-0.633797
1.104900598526001,0.0,0.0,0.0,0.0,0.0,0.0,0.14191,0.402948,0.481916,0.203452,0.621606,0.630892,-0.417359,0.009171,0.278806,0.0430141,0.67288,0.130122,0.357944,-0.634174
1.1050219535827637,0.0,0.0,0.0,0.0,0.0,0.0,0.14191,0.402948,0.481916,0.203452,0.621606,0.630892,-0.417359,0.009171,0.278806,0.0430141,0.67288,0.130122,0.357944,-0.634174
1.138016939163208,0.0,0.0,0.0,0.0,0.0,0.0,0.141909,0.402947,0.481917,0.203431,0.62162,0.630903,-0.417333,0.00916952,0.278809,0.0430176,0.672967,0.130371,0.357875,-0.634069
1.1381287574768066,0.0,0.0,0.0,0.0,0.0,0.0,0.141909,0.402947,0.481917,0.203431,0.62162,0.630903,-0.417333,0.00916952,0.278809,0.0430176,0.672967,0.130371,0.357875,-0.634069
1.1549897193908691,0.0,0.0,0.0,0.0,0.0,0.0,0.141929,0.402919,0.481943,0.202721,0.621119,0.631586,-0.41739,0.0091964,0.278815,0.0430591,0.67271,0.129571,0.358342,-0.634242
1.1551060676574707,0.0,0.0,0.0,0.0,0.0,0.0,0.141929,0.402919,0.481943,0.202721,0.621119,0.631586,-0.41739,0.0091964,0.278815,0.0430591,0.67271,0.129571,0.358342,-0.634242
1.1887519359588623,0.0,0.0,0.0,0.0,0.0,0.0,0.141932,0.40292,0.481943,0.202713,0.621117,0.63163,-0.41733,0.00920007,0.27881,0.0430074,0.673346,0.130441,0.358121,-0.633514
1.1892573833465576,0.0,0.0,0.0,0.0,0.0,0.0,0.141932,0.40292,0.481943,0.202713,0.621117,0.63163,-0.41733,0.00920007,0.27881,0.0430074,0.673346,0.130441,0.358121,-0.633514
1.2278492450714111,0.0,0.0,0.0,0.0,0.0,0.0,0.141914,0.402946,0.481919,0.203376,0.621632,0.630924,-0.417309,0.00920459,0.278812,0.0430121,0.673491,0.130665,0.358046,-0.633356
1.2281279563903809,0.0,0.0,0.0,0.0,0.0,0.0,0.141914,0.402946,0.481919,0.203376,0.621632,0.630924,-0.417309,0.00920459,0.278812,0.0430121,0.673491,0.130665,0.358046,-0.633356
1.2456271648406982,0.0,0.0,0.0,0.0,0.0,0.0,0.14191,0.402947,0.481917,0.20346,0.621581,0.630904,-0.417374,0.00918222,0.278825,0.0430698,0.672561,0.129546,0.358183,-0.634495
1.2457599639892578,0.0,0.0,0.0,0.0,0.0,0.0,0.14191,0.402947,0.481917,0.20346,0.621581,0.630904,-0.417374,0.00918222,0.278825,0.0430698,0.672561,0.129546,0.358183,-0.634495
1.2596347332000732,0.0,0.0,0.0,0.0,0.0,0.0,0.141932,0.40292,0.481942,0.202705,0.621138,0.631577,-0.417384,0.0091841,0.278823,0.0430644,0.672434,0.129369,0.358264,-0.634621
1.2597448825836182,0.0,0.0,0.0,0.0,0.0,0.0,0.141932,0.40292,0.481942,0.202705,0.621138,0.631577,-0.417384,0.0091841,0.278823,0.0430644,0.672434,0.129369,0.358264,-0.634621
1.2879459857940674,0.0,0.0,0.0,0.0,0.0,0.0,0.141947,0.402941,0.481927,0.202745,0.621445,0.631062,-0.417684,0.00918431,0.278826,0.0430697,0.672581,0.129551,0.358158,-0.634487
1.2880628108978271,0.0,0.0,0.0,0.0,0.0,0.0,0.141947,0.402941,0.481927,0.202745,0.621445,0.631062,-0.417684,0.00918431,0.278826,0.0430697,0.672581,0.129551,0.358158,-0.634487
1.3048019409179688,0.0,0.0,0.0,0.0,0.0,0.0,0.14193,0.402922,0.481941,0.202724,0.621113,0.631594,-0.417386,0.00918434,0.278824,0.0430689,0.672561,0.129536,0.358159,-0.634511
1.3049168586730957,0.0,0.0,0.0,0.0,0.0,0.0,0.14193,0.402922,0.481941,0.202724,0.621113,0.631594,-0.417386,0.00918434,0.278824,0.0430689,0.672561,0.129536,0.358159,-0.634511
1.3215937614440918,0.0,0.0,0.0,0.0,0.0,0.0,0.141929,0.402921,0.481939,0.202725,0.621118,0.631604,-0.417362,0.00917261,0.278809,0.043024,0.672901,0.130095,0.357868,-0.6342
1.3217084407806396,0.0,0.0,0.0,0.0,0.0,0.0,0.141929,0.402921,0.481939,0.202725,0.621118,0.631604,-0.417362,0.00917261,0.278809,0.043024,0.672901,0.130095,0.357868,-0.6342
1.3555126190185547,0.0,0.0,0.0,0.0,0.0,0.0,0.141929,0.402925,0.481941,0.202767,0.621108,0.631564,-0.417417,0.00919378,0.278817,0.0430552,0.672592,0.1294,0.358451,-0.634341
1.3559761047363281,0.0,0.0,0.0,0.0,0.0,0.0,0.141929,0.402925,0.481941,0.202767,0.621108,0.631564,-0.417417,0.00919378,0.278817,0.0430552,0.672592,0.1294,0.358451,-0.634341
1.382599115371704,0.0,0.0,0.0,0.0,0.0,0.0,0.141929,0.402922,0.48194,0.202752,0.621116,0.631593,-0.41737,0.00919406,0.278817,0.0430594,0.672707,0.129562,0.358336,-0.634251
1.3827531337738037,0.0,0.0,0.0,0.0,0.0,0.0,0.141929,0.402922,0.48194,0.202752,0.621116,0.631593,-0.41737,0.00919406,0.278817,0.0430594,0.672707,0.129562,0.358336,-0.634251
1.4045734405517578,0.0,0.0,0.0,0.0,0.0,0.0,0.14193,0.402924,0.48194,0.202699,0.621107,0.631611,-0.417381,0.00918293,0.278829,0.0430691,0.672549,0.129552,0.35818,-0.634509
1.4046845436096191,0.0,0.0,0.0,0.0,0.0,0.0,0.14193,0.402924,0.48194,0.202699,0.621107,0.631611,-0.417381,0.00918293,0.278829,0.0430691,0.672549,0.129552,0.35818,-0.634509
1.4216833114624023,0.0,0.0,0.0,0.0,0.0,0.0,0.141928,0.40292,0.481939,0.202775,0.621061,0.631601,-0.417428,0.00919429,0.278818,0.0430571,0.672674,0.129569,0.358339,-0.634283
1.421799898147583,0.0,0.0,0.0,0.0,0.0,0.0,0.141928,0.40292,0.481939,0.202775,0.621061,0.631601,-0.417428,0.00919429,0.278818,0.0430571,0.672674,0.129569,0.358339,-0.634283
1.4547646045684814,0.0,0.0,0.0,0.0,0.0,0.0,0.141929,0.402923,0.48194,0.202755,0.621103,0.631597,-0.417379,0.009197,0.278823,0.0430689,0.672734,0.129503,0.358258,-0.634279
1.4548792839050293,0.0,0.0,0.0,0.0,0.0,0.0,0.141929,0.402923,0.48194,0.202755,0.621103,0.631597,-0.417379,0.009197,0.278823,0.0430689,0.672734,0.129503,0.358258,-0.634279
1.471519947052002,0.0,0.0,0.0,0.0,0.0,0.0,0.141928,0.402925,0.48194,0.20275,0.621093,0.631593,-0.417405,0.00918221,0.278799,0.0430088,0.673131,0.130361,0.358048,-0.6338
1.471634864807129,0.0,0.0,0.0,0.0,0.0,0.0,0.141928,0.402925,0.48194,0.20275,0.621093,0.631593,-0.417405,0.00918221,0.278799,0.0430088,0.673131,0.130361,0.358048,-0.6338
1.4880692958831787,0.0,0.0,0.0,0.0,0.0,0.0,0.141931,0.402921,0.481939,0.202784,0.62109,0.63156,-0.417442,0.00918447,0.278798,0.0430003,0.673039,0.130163,0.358126,-0.633894
1.4881854057312012,0.0,0.0,0.0,0.0,0.0,0.0,0.141931,0.402921,0.481939,0.202784,0.62109,0.63156,-0.417442,0.00918447,0.278798,0.0430003,0.673039,0.130163,0.358126,-0.633894
1.5047268867492676,0.0,0.0,0.0,0.0,0.0,0.0,0.141948,0.402939,0.481926,0.202785,0.621418,0.631069,-0.417696,0.009184,0.278797,0.0430026,0.673037,0.130123,0.358099,-0.63392
1.504842758178711,0.0,0.0,0.0,0.0,0.0,0.0,0.141948,0.402939,0.481926,0.202785,0.621418,0.631069,-0.417696,0.009184,0.278797,0.0430026,0.673037,0.130123,0.358099,-0.63392
1.5213444232940674,0.0,0.0,0.0,0.0,0.0,0.0,0.141902,0.40295,0.481909,0.203666,0.621486,0.630945,-0.417353,0.00918239,0.278826,0.0430641,0.672434,0.129374,0.35825,-0.634628
1.5214548110961914,0.0,0.0,0.0,0.0,0.0,0.0,0.141902,0.40295,0.481909,0.203666,0.621486,0.630945,-0.417353,0.00918239,0.278826,0.0430641,0.672434,0.129374,0.35825,-0.634628
1.5548322200775146,0.0,0.0,0.0,0.0,0.0,0.0,0.14193,0.402925,0.48194,0.202727,0.6211,0.631592,-0.417406,0.00918354,0.278799,0.0430083,0.673123,0.13037,0.358038,-0.633812
1.554957628250122,0.0,0.0,0.0,0.0,0.0,0.0,0.14193,0.402925,0.48194,0.202727,0.6211,0.631592,-0.417406,0.00918354,0.278799,0.0430083,0.673123,0.13037,0.358038,-0.633812
1.5720691680908203,0.0,0.0,0.0,0.0,0.0,0.0,0.141926,0.402922,0.481938,0.20273,0.621092,0.63158,-0.417435,0.00918382,0.278798,0.0430056,0.673157,0.130381,0.358037,-0.633774
1.5721936225891113,0.0,0.0,0.0,0.0,0.0,0.0,0.141926,0.402922,0.481938,0.20273,0.621092,0.63158,-0.417435,0.00918382,0.278798,0.0430056,0.673157,0.130381,0.358037,-0.633774
1.5881288051605225,0.0,0.0,0.0,0.0,0.0,0.0,0.141929,0.402922,0.481942,0.202701,0.621146,0.631571,-0.417382,0.00918606,0.278799,0.0430033,0.673031,0.130146,0.358096,-0.633923
1.588247537612915,0.0,0.0,0.0,0.0,0.0,0.0,0.141929,0.402922,0.481942,0.202701,0.621146,0.631571,-0.417382,0.00918606,0.278799,0.0430033,0.673031,0.130146,0.358096,-0.633923
1.6049399375915527,0.0,0.0,0.0,0.0,0.0,0.0,0.141929,0.402922,0.481942,0.202701,0.621146,0.631571,-0.417382,0.00918606,0.278799,0.0430033,0.673031,0.130146,0.358096,-0.633923
1.60506272315979,0.0,0.0,0.0,0.0,0.0,0.0,0.141929,0.402922,0.481942,0.202701,0.621146,0.631571,-0.417382,0.00918606,0.278799,0.0430033,0.673031,0.130146,0.358096,-0.633923
1.621607780456543,0.0,0.0,0.0,0.0,0.0,0.0,0.141909,0.402953,0.481915,0.203461,0.621578,0.630933,-0.417334,0.00918162,0.278804,0.0430068,0.673142,0.130388,0.358051,-0.63378
1.6217255592346191,0.0,0.0,0.0,0.0,0.0,0.0,0.141909,0.402953,0.481915,0.203461,0.621578,0.630933,-0.417334,0.00918162,0.278804,0.0430068,0.673142,0.130388,0.358051,-0.63378
1.655583143234253,0.0,0.0,0.0,0.0,0.0,0.0,0.141928,0.402921,0.481939,0.202731,0.621108,0.631585,-0.417403,0.00919194,0.278818,0.0430517,0.672565,0.129403,0.358477,-0.634354
1.655717134475708,0.0,0.0,0.0,0.0,0.0,0.0,0.141928,0.402921,0.481939,0.202731,0.621108,0.631585,-0.417403,0.00919194,0.278818,0.0430517,0.672565,0.129403,0.358477,-0.634354
1.6786508560180664,0.0,0.0,0.0,0.0,0.0,0.0,0.14191,0.402949,0.481918,0.203398,0.621599,0.630933,-0.417334,0.00918493,0.278828,0.0430733,0.672477,0.129329,0.358203,-0.634618
1.6787846088409424,0.0,0.0,0.0,0.0,0.0,0.0,0.14191,0.402949,0.481918,0.203398,0.621599,0.630933,-0.417334,0.00918493,0.278828,0.0430733,0.672477,0.129329,0.358203,-0.634618
1.6933221817016602,0.0,0.0,0.0,0.0,0.0,0.0,0.141931,0.402919,0.481942,0.20272,0.621136,0.631568,-0.417393,0.00918455,0.278795,0.0430025,0.673036,0.13014,0.358086,-0.633924
1.693455696105957,0.0,0.0,0.0,0.0,0.0,0.0,0.141931,0.402919,0.481942,0.20272,0.621136,0.631568,-0.417393,0.00918455,0.278795,0.0430025,0.673036,0.13014,0.358086,-0.633924
1.7077412605285645,0.0,0.0,0.0,0.0,0.0,0.0,0.141929,0.40292,0.481941,0.202736,0.621108,0.631572,-0.417419,0.00918494,0.278799,0.0430132,0.673064,0.130098,0.358043,-0.633928
1.7078578472137451,0.0,0.0,0.0,0.0,0.0,0.0,0.141929,0.40292,0.481941,0.202736,0.621108,0.631572,-0.417419,0.00918494,0.278799,0.0430132,0.673064,0.130098,0.358043,-0.633928
1.7211143970489502,0.0,0.0,0.0,0.0,0.0,0.0,0.14193,0.402922,0.481944,0.202736,0.621161,0.631539,-0.41739,0.00919438,0.278817,0.0430601,0.67272,0.129563,0.358337,-0.634237
1.7212321758270264,0.0,0.0,0.0,0.0,0.0,0.0,0.14193,0.402922,0.481944,0.202736,0.621161,0.631539,-0.41739,0.00919438,0.278817,0.0430601,0.67272,0.129563,0.358337,-0.634237
1.7403645515441895,0.0,0.0,0.0,0.0,0.0,0.0,0.141928,0.402919,0.481941,0.202705,0.621094,0.631585,-0.417436,0.00918345,0.278796,0.0430003,0.673019,0.130164,0.358137,-0.633909
1.7404725551605225,0.0,0.0,0.0,0.0,0.0,0.0,0.141928,0.402919,0.481941,0.202705,0.621094,0.631585,-0.417436,0.00918345,0.278796,0.0430003,0.673019,0.130164,0.358137,-0.633909
1.7606420516967773,0.0,0.0,0.0,0.0,0.0,0.0,0.14193,0.402922,0.481946,0.202709,0.621146,0.631586,-0.417357,0.00919327,0.278816,0.0430599,0.672711,0.12956,0.358359,-0.634235
1.7607545852661133,0.0,0.0,0.0,0.0,0.0,0.0,0.14193,0.402922,0.481946,0.202709,0.621146,0.631586,-0.417357,0.00919327,0.278816,0.0430599,0.672711,0.12956,0.358359,-0.634235
1.7889418601989746,0.0,0.0,0.0,0.0,0.0,0.0,0.14193,0.40292,0.481942,0.202751,0.621131,0.631569,-0.417383,0.00919343,0.278811,0.0430554,0.672609,0.129363,0.358416,-0.63435
1.7890832424163818,0.0,0.0,0.0,0.0,0.0,0.0,0.14193,0.40292,0.481942,0.202751,0.621131,0.631569,-0.417383,0.00919343,0.278811,0.0430554,0.672609,0.129363,0.358416,-0.63435
1.8057641983032227,0.0,0.0,0.0,0.0,0.0,0.0,0.141911,0.402949,0.481918,0.203401,0.621641,0.630902,-0.417317,0.00919336,0.278813,0.0430618,0.6727,0.129556,0.358366,-0.634243
1.8059005737304688,0.0,0.0,0.0,0.0,0.0,0.0,0.141911,0.402949,0.481918,0.203401,0.621641,0.630902,-0.417317,0.00919336,0.278813,0.0430618,0.6727,0.129556,0.358366,-0.634243
1.8290278911590576,0.0,0.0,0.0,0.0,0.0,0.0,0.141928,0.402924,0.48194,0.202712,0.621129,0.631584,-0.417381,0.00919475,0.278813,0.0430554,0.672605,0.129377,0.35842,-0.63435
1.8292479515075684,0.0,0.0,0.0,0.0,0.0,0.0,0.141928,0.402924,0.48194,0.202712,0.621129,0.631584,-0.417381,0.00919475,0.278813,0.0430554,0.672605,0.129377,0.35842,-0.63435
1.8458800315856934,0.0,0.0,0.0,0.0,0.0,0.0,0.14193,0.402922,0.481938,0.20274,0.621074,0.631593,-0.417437,0.00918348,0.278823,0.0430757,0.672489,0.129314,0.358174,-0.634624
1.8460073471069336,0.0,0.0,0.0,0.0,0.0,0.0,0.14193,0.402922,0.481938,0.20274,0.621074,0.631593,-0.417437,0.00918348,0.278823,0.0430757,0.672489,0.129314,0.358174,-0.634624
1.861006259918213,0.0,0.0,0.0,0.0,0.0,0.0,0.141928,0.402925,0.481938,0.202757,0.621114,0.631558,-0.417422,0.00919271,0.278815,0.0430549,0.672573,0.12937,0.358443,-0.634371
1.861124038696289,0.0,0.0,0.0,0.0,0.0,0.0,0.141928,0.402925,0.481938,0.202757,0.621114,0.631558,-0.417422,0.00919271,0.278815,0.0430549,0.672573,0.12937,0.358443,-0.634371
1.8926594257354736,0.0,0.0,0.0,0.0,0.0,0.0,0.14191,0.402949,0.481915,0.203389,0.621632,0.630906,-0.41733,0.00918218,0.278794,0.0430039,0.673031,0.130147,0.35812,-0.63391
1.8929197788238525,0.0,0.0,0.0,0.0,0.0,0.0,0.14191,0.402949,0.481915,0.203389,0.621632,0.630906,-0.41733,0.00918218,0.278794,0.0430039,0.673031,0.130147,0.35812,-0.63391
1.9126334190368652,0.0,0.0,0.0,0.0,0.0,0.0,0.141927,0.402922,0.48194,0.202751,0.621086,0.63159,-0.417417,0.00920978,0.278833,0.0430547,0.672946,0.129701,0.358452,-0.633903
1.9128048419952393,0.0,0.0,0.0,0.0,0.0,0.0,0.141927,0.402922,0.48194,0.202751,0.621086,0.63159,-0.417417,0.00920978,0.278833,0.0430547,0.672946,0.129701,0.358452,-0.633903
1.9305088520050049,0.0,0.0,0.0,0.0,0.0,0.0,0.14193,0.402924,0.481939,0.202719,0.621112,0.631569,-0.417427,0.00918878,0.27883,0.04303,0.67255,0.130048,0.358298,-0.634339
1.9306299686431885,0.0,0.0,0.0,0.0,0.0,0.0,0.14193,0.402924,0.481939,0.202719,0.621112,0.631569,-0.417427,0.00918878,0.27883,0.04303,0.67255,0.130048,0.358298,-0.634339
1.9449381828308105,0.0,0.0,0.0,0.0,0.0,0.0,0.141928,0.40292,0.481941,0.202739,0.621087,0.631563,-0.417464,0.00919111,0.278816,0.043053,0.672566,0.129403,0.358447,-0.634371
1.9450592994689941,0.0,0.0,0.0,0.0,0.0,0.0,0.141928,0.40292,0.481941,0.202739,0.621087,0.631563,-0.417464,0.00919111,0.278816,0.043053,0.672566,0.129403,0.358447,-0.634371
1.9719197750091553,0.0,0.0,0.0,0.0,0.0,0.0,0.141911,0.402948,0.481917,0.203419,0.621591,0.630954,-0.417303,0.00918284,0.278797,0.0430027,0.673041,0.130149,0.358121,-0.633897
1.9720425605773926,0.0,0.0,0.0,0.0,0.0,0.0,0.141911,0.402948,0.481917,0.203419,0.621591,0.630954,-0.417303,0.00918284,0.278797,0.0430027,0.673041,0.130149,0.358121,-0.633897
1.9893558025360107,0.0,0.0,0.0,0.0,0.0,0.0,0.14193,0.402922,0.48194,0.202746,0.621104,0.631567,-0.417429,0.00919465,0.278816,0.0430558,0.672604,0.129372,0.358416,-0.634354
1.9894826412200928,0.0,0.0,0.0,0.0,0.0,0.0,0.14193,0.402922,0.48194,0.202746,0.621104,0.631567,-0.417429,0.00919465,0.278816,0.0430558,0.672604,0.129372,0.358416,-0.634354
2.0055880546569824,0.0,0.0,0.0,0.0,0.0,0.0,0.141949,0.402943,0.481927,0.20276,0.621479,0.631039,-0.417663,0.00918584,0.27882,0.04296,0.67325,0.130707,0.357295,-0.634027
2.0057032108306885,0.0,0.0,0.0,0.0,0.0,0.0,0.141949,0.402943,0.481927,0.20276,0.621479,0.631039,-0.417663,0.00918584,0.27882,0.04296,0.67325,0.130707,0.357295,-0.634027
2.0287864208221436,0.0,0.0,0.0,0.0,0.0,0.0,0.141929,0.402918,0.481939,0.202715,0.621116,0.631578,-0.41741,0.00919368,0.278811,0.0430528,0.672592,0.129383,0.358444,-0.634348
2.0290164947509766,0.0,0.0,0.0,0.0,0.0,0.0,0.141929,0.402918,0.481939,0.202715,0.621116,0.631578,-0.41741,0.00919368,0.278811,0.0430528,0.672592,0.129383,0.358444,-0.634348
2.0502848625183105,0.0,0.0,0.0,0.0,0.0,0.0,0.141912,0.402948,0.481917,0.2034,0.621609,0.630932,-0.417319,0.00918278,0.278795,0.0430057,0.673041,0.130126,0.358088,-0.633921
2.050447940826416,0.0,0.0,0.0,0.0,0.0,0.0,0.141912,0.402948,0.481917,0.2034,0.621609,0.630932,-0.417319,0.00918278,0.278795,0.0430057,0.673041,0.130126,0.358088,-0.633921
2.0653345584869385,0.0,0.0,0.0,0.0,0.0,0.0,0.141928,0.40292,0.48194,0.202697,0.621115,0.631605,-0.417379,0.00918242,0.278795,0.0430007,0.673023,0.130163,0.358116,-0.633917
2.065448760986328,0.0,0.0,0.0,0.0,0.0,0.0,0.141928,0.40292,0.48194,0.202697,0.621115,0.631605,-0.417379,0.00918242,0.278795,0.0430007,0.673023,0.130163,0.358116,-0.633917
2.087855815887451,0.0,0.0,0.0,0.0,0.0,0.0,0.141911,0.402947,0.481918,0.203411,0.621643,0.6309,-0.417313,0.00919439,0.278817,0.0430541,0.67261,0.129379,0.358444,-0.634329
2.087966203689575,0.0,0.0,0.0,0.0,0.0,0.0,0.141911,0.402947,0.481918,0.203411,0.621643,0.6309,-0.417313,0.00919439,0.278817,0.0430541,0.67261,0.129379,0.358444,-0.634329
2.1049420833587646,0.0,0.0,0.0,0.0,0.0,0.0,0.141909,0.402945,0.481916,0.203378,0.62163,0.630906,-0.417339,0.00918943,0.278829,0.0430355,0.672634,0.130281,0.358244,-0.634233
2.105062961578369,0.0,0.0,0.0,0.0,0.0,0.0,0.141909,0.402945,0.481916,0.203378,0.62163,0.630906,-0.417339,0.00918943,0.278829,0.0430355,0.672634,0.130281,0.358244,-0.634233
2.121321201324463,0.0,0.0,0.0,0.0,0.0,0.0,0.141931,0.40292,0.481942,0.202719,0.621118,0.631594,-0.417382,0.00917207,0.278805,0.0430122,0.672884,0.130151,0.357946,-0.634163
2.121432065963745,0.0,0.0,0.0,0.0,0.0,0.0,0.141931,0.40292,0.481942,0.202719,0.621118,0.631594,-0.417382,0.00917207,0.278805,0.0430122,0.672884,0.130151,0.357946,-0.634163
2.1770994663238525,0.0,0.0,0.0,0.0,0.0,0.0,0.141912,0.402946,0.481917,0.203389,0.621632,0.630926,-0.417299,0.00917287,0.278805,0.0430127,0.672882,0.130172,0.357898,-0.634187
2.177363157272339,0.0,0.0,0.0,0.0,0.0,0.0,0.141912,0.402946,0.481917,0.203389,0.621632,0.630926,-0.417299,0.00917287,0.278805,0.0430127,0.672882,0.130172,0.357898,-0.634187
2.1955902576446533,0.0,0.0,0.0,0.0,0.0,0.0,0.141927,0.402921,0.48194,0.202733,0.621099,0.631594,-0.417402,0.00918221,0.278798,0.0430041,0.673017,0.130144,0.35812,-0.633925
2.195722818374634,0.0,0.0,0.0,0.0,0.0,0.0,0.141927,0.402921,0.48194,0.202733,0.621099,0.631594,-0.417402,0.00918221,0.278798,0.0430041,0.673017,0.130144,0.35812,-0.633925
2.2098052501678467,0.0,0.0,0.0,0.0,0.0,0.0,0.141912,0.402945,0.481917,0.203411,0.621614,0.630925,-0.417318,0.00919077,0.278826,0.043032,0.672545,0.129995,0.358305,-0.634351
2.2099175453186035,0.0,0.0,0.0,0.0,0.0,0.0,0.141912,0.402945,0.481917,0.203411,0.621614,0.630925,-0.417318,0.00919077,0.278826,0.043032,0.672545,0.129995,0.358305,-0.634351
2.238095283508301,0.0,0.0,0.0,0.0,0.0,0.0,0.141911,0.40295,0.481916,0.203402,0.621634,0.630893,-0.41734,0.00918197,0.278799,0.0430095,0.673132,0.130366,0.358042,-0.633801
2.238208532333374,0.0,0.0,0.0,0.0,0.0,0.0,0.141911,0.40295,0.481916,0.203402,0.621634,0.630893,-0.41734,0.00918197,0.278799,0.0430095,0.673132,0.130366,0.358042,-0.633801
2.2552826404571533,0.0,0.0,0.0,0.0,0.0,0.0,0.141929,0.402921,0.481941,0.202727,0.621083,0.631593,-0.41743,0.0090815,0.278746,0.0432084,0.671371,0.128554,0.355586,-0.637412
2.255397081375122,0.0,0.0,0.0,0.0,0.0,0.0,0.141929,0.402921,0.481941,0.202727,0.621083,0.631593,-0.41743,0.0090815,0.278746,0.0432084,0.671371,0.128554,0.355586,-0.637412
2.2717063426971436,0.0,0.0,0.0,0.0,0.0,0.0,0.141929,0.402918,0.48194,0.20274,0.621097,0.631608,-0.41738,0.00917271,0.278804,0.0430162,0.672988,0.130375,0.357836,-0.634068
2.2718207836151123,0.0,0.0,0.0,0.0,0.0,0.0,0.141929,0.402918,0.48194,0.20274,0.621097,0.631608,-0.41738,0.00917271,0.278804,0.0430162,0.672988,0.130375,0.357836,-0.634068
2.2879250049591064,0.0,0.0,0.0,0.0,0.0,0.0,0.141929,0.402922,0.48194,0.202733,0.621108,0.631591,-0.417394,0.00919618,0.278815,0.0430538,0.672602,0.129377,0.358446,-0.634337
2.2880401611328125,0.0,0.0,0.0,0.0,0.0,0.0,0.141929,0.402922,0.48194,0.202733,0.621108,0.631591,-0.417394,0.00919618,0.278815,0.0430538,0.672602,0.129377,0.358446,-0.634337
2.3050053119659424,0.0,0.0,0.0,0.0,0.0,0.0,0.141913,0.402946,0.481916,0.203399,0.621644,0.630914,-0.417295,0.00918484,0.278795,0.0430081,0.673133,0.130371,0.358035,-0.633803
2.3051230907440186,0.0,0.0,0.0,0.0,0.0,0.0,0.141913,0.402946,0.481916,0.203399,0.621644,0.630914,-0.417295,0.00918484,0.278795,0.0430081,0.673133,0.130371,0.358035,-0.633803
2.338179588317871,0.0,0.0,0.0,0.0,0.0,0.0,0.141908,0.402946,0.481914,0.203444,0.621583,0.630903,-0.41738,0.009184,0.278797,0.0430072,0.673162,0.130348,0.358053,-0.633767
2.338292121887207,0.0,0.0,0.0,0.0,0.0,0.0,0.141908,0.402946,0.481914,0.203444,0.621583,0.630903,-0.41738,0.009184,0.278797,0.0430072,0.673162,0.130348,0.358053,-0.633767
2.3546791076660156,0.0,0.0,0.0,0.0,0.0,0.0,0.141912,0.402945,0.481914,0.203439,0.621615,0.630895,-0.417347,0.00918396,0.278795,0.0430081,0.673158,0.13034,0.358038,-0.633781
2.354789972305298,0.0,0.0,0.0,0.0,0.0,0.0,0.141912,0.402945,0.481914,0.203439,0.621615,0.630895,-0.417347,0.00918396,0.278795,0.0430081,0.673158,0.13034,0.358038,-0.633781
2.371633529663086,0.0,0.0,0.0,0.0,0.0,0.0,0.141911,0.402948,0.481917,0.203395,0.621592,0.630959,-0.417306,0.00919502,0.278817,0.0430548,0.672588,0.129389,0.358459,-0.634343
2.371748685836792,0.0,0.0,0.0,0.0,0.0,0.0,0.141911,0.402948,0.481917,0.203395,0.621592,0.630959,-0.417306,0.00919502,0.278817,0.0430548,0.672588,0.129389,0.358459,-0.634343
2.3881616592407227,0.0,0.0,0.0,0.0,0.0,0.0,0.141907,0.402949,0.481914,0.20342,0.621569,0.630921,-0.417386,0.00918336,0.278802,0.0430185,0.673144,0.130322,0.357991,-0.633827
2.3882782459259033,0.0,0.0,0.0,0.0,0.0,0.0,0.141907,0.402949,0.481914,0.20342,0.621569,0.630921,-0.417386,0.00918336,0.278802,0.0430185,0.673144,0.130322,0.357991,-0.633827
2.405066728591919,0.0,0.0,0.0,0.0,0.0,0.0,0.141929,0.40292,0.481939,0.20274,0.62108,0.631619,-0.41739,0.00921195,0.278828,0.0430605,0.673051,0.129866,0.358357,-0.633812
2.4051856994628906,0.0,0.0,0.0,0.0,0.0,0.0,0.141929,0.40292,0.481939,0.20274,0.62108,0.631619,-0.41739,0.00921195,0.278828,0.0430605,0.673051,0.129866,0.358357,-0.633812
2.4381465911865234,0.0,0.0,0.0,0.0,0.0,0.0,0.141909,0.402948,0.481915,0.203416,0.621588,0.630911,-0.417375,0.00918246,0.278797,0.0430021,0.673022,0.130163,0.358121,-0.633915
2.438258171081543,0.0,0.0,0.0,0.0,0.0,0.0,0.141909,0.402948,0.481915,0.203416,0.621588,0.630911,-0.417375,0.00918246,0.278797,0.0430021,0.673022,0.130163,0.358121,-0.633915
2.45505690574646,0.0,0.0,0.0,0.0,0.0,0.0,0.141932,0.402923,0.481941,0.202715,0.621112,0.631585,-0.417406,0.0091841,0.278825,0.0430692,0.672552,0.129531,0.358169,-0.634515
2.4551680088043213,0.0,0.0,0.0,0.0,0.0,0.0,0.141932,0.402923,0.481941,0.202715,0.621112,0.631585,-0.417406,0.0091841,0.278825,0.0430692,0.672552,0.129531,0.358169,-0.634515
2.4715921878814697,0.0,0.0,0.0,0.0,0.0,0.0,0.14191,0.402946,0.481914,0.203405,0.62161,0.630902,-0.41736,0.00907266,0.278723,0.0431567,0.671863,0.12937,0.355271,-0.636903
2.4717044830322266,0.0,0.0,0.0,0.0,0.0,0.0,0.14191,0.402946,0.481914,0.203405,0.62161,0.630902,-0.41736,0.00907266,0.278723,0.0431567,0.671863,0.12937,0.355271,-0.636903
2.488104820251465,0.0,0.0,0.0,0.0,0.0,0.0,0.141909,0.402949,0.481916,0.203339,0.621655,0.630922,-0.417296,0.00919384,0.278816,0.0430536,0.672611,0.12938,0.358463,-0.634318
2.4882142543792725,0.0,0.0,0.0,0.0,0.0,0.0,0.141909,0.402949,0.481916,0.203339,0.621655,0.630922,-0.417296,0.00919384,0.278816,0.0430536,0.672611,0.12938,0.358463,-0.634318
2.505099296569824,0.0,0.0,0.0,0.0,0.0,0.0,0.141911,0.402945,0.481917,0.203381,0.621608,0.630942,-0.417316,0.00919509,0.278813,0.0430549,0.672599,0.129377,0.358438,-0.634345
2.5052199363708496,0.0,0.0,0.0,0.0,0.0,0.0,0.141911,0.402945,0.481917,0.203381,0.621608,0.630942,-0.417316,0.00919509,0.278813,0.0430549,0.672599,0.129377,0.358438,-0.634345
2.5246050357818604,0.0,0.0,0.0,0.0,0.0,0.0,0.141928,0.40292,0.481938,0.202754,0.621109,0.631578,-0.417401,0.00918078,0.278798,0.0430029,0.673009,0.130141,0.358122,-0.633933
2.5247113704681396,0.0,0.0,0.0,0.0,0.0,0.0,0.141928,0.40292,0.481938,0.202754,0.621109,0.631578,-0.417401,0.00918078,0.278798,0.0430029,0.673009,0.130141,0.358122,-0.633933
2.554826021194458,0.0,0.0,0.0,0.0,0.0,0.0,0.141911,0.402944,0.481915,0.203414,0.621633,0.630907,-0.417316,0.00919424,0.278812,0.0430586,0.672721,0.129538,0.35836,-0.634228
2.5549404621124268,0.0,0.0,0.0,0.0,0.0,0.0,0.141911,0.402944,0.481915,0.203414,0.621633,0.630907,-0.417316,0.00919424,0.278812,0.0430586,0.672721,0.129538,0.35836,-0.634228
2.5716121196746826,0.0,0.0,0.0,0.0,0.0,0.0,0.141929,0.402922,0.481939,0.202722,0.621128,0.631589,-0.417373,0.00919265,0.278817,0.0430546,0.672567,0.129387,0.358459,-0.634366
2.5717217922210693,0.0,0.0,0.0,0.0,0.0,0.0,0.141929,0.402922,0.481939,0.202722,0.621128,0.631589,-0.417373,0.00919265,0.278817,0.0430546,0.672567,0.129387,0.358459,-0.634366
2.587843179702759,0.0,0.0,0.0,0.0,0.0,0.0,0.141929,0.402919,0.481941,0.202677,0.621126,0.63159,-0.417395,0.00918256,0.278794,0.0430021,0.673028,0.130147,0.358134,-0.633904
2.587952136993408,0.0,0.0,0.0,0.0,0.0,0.0,0.141929,0.402919,0.481941,0.202677,0.621126,0.63159,-0.417395,0.00918256,0.278794,0.0430021,0.673028,0.130147,0.358134,-0.633904
2.6051435470581055,0.0,0.0,0.0,0.0,0.0,0.0,0.141929,0.402919,0.481941,0.202677,0.621126,0.63159,-0.417395,0.00918256,0.278794,0.0430021,0.673028,0.130147,0.358134,-0.633904
2.605259895324707,0.0,0.0,0.0,0.0,0.0,0.0,0.141929,0.402919,0.481941,0.202677,0.621126,0.63159,-0.417395,0.00918256,0.278794,0.0430021,0.673028,0.130147,0.358134,-0.633904
2.624652624130249,0.0,0.0,0.0,0.0,0.0,0.0,0.141928,0.402922,0.481937,0.202703,0.621093,0.631602,-0.417413,0.00918118,0.2788,0.043006,0.67312,0.13037,0.358075,-0.633794
2.624762773513794,0.0,0.0,0.0,0.0,0.0,0.0,0.141928,0.402922,0.481937,0.202703,0.621093,0.631602,-0.417413,0.00918118,0.2788,0.043006,0.67312,0.13037,0.358075,-0.633794
2.645197868347168,0.0,0.0,0.0,0.0,0.0,0.0,0.14193,0.402921,0.481938,0.202764,0.621111,0.631568,-0.417409,0.00916949,0.278803,0.0430106,0.672882,0.130135,0.357947,-0.634168
2.645314931869507,0.0,0.0,0.0,0.0,0.0,0.0,0.14193,0.402921,0.481938,0.202764,0.621111,0.631568,-0.417409,0.00916949,0.278803,0.0430106,0.672882,0.130135,0.357947,-0.634168
2.665018081665039,0.0,0.0,0.0,0.0,0.0,0.0,0.141928,0.402922,0.481938,0.202749,0.621084,0.631594,-0.417416,0.00918211,0.278797,0.0430081,0.673135,0.130362,0.358031,-0.633805
2.6651275157928467,0.0,0.0,0.0,0.0,0.0,0.0,0.141928,0.402922,0.481938,0.202749,0.621084,0.631594,-0.417416,0.00918211,0.278797,0.0430081,0.673135,0.130362,0.358031,-0.633805
2.6845786571502686,0.0,0.0,0.0,0.0,0.0,0.0,0.141928,0.402921,0.481938,0.202724,0.6211,0.631602,-0.417393,0.00918179,0.278797,0.0430009,0.673039,0.13015,0.358112,-0.633905
2.684694766998291,0.0,0.0,0.0,0.0,0.0,0.0,0.141928,0.402921,0.481938,0.202724,0.6211,0.631602,-0.417393,0.00918179,0.278797,0.0430009,0.673039,0.13015,0.358112,-0.633905
2.705430269241333,0.0,0.0,0.0,0.0,0.0,0.0,0.141927,0.40292,0.481939,0.202721,0.621121,0.63158,-0.417396,0.00906847,0.278726,0.0431562,0.671832,0.129357,0.355293,-0.636927
2.7055511474609375,0.0,0.0,0.0,0.0,0.0,0.0,0.141927,0.40292,0.481939,0.202721,0.621121,0.63158,-0.417396,0.00906847,0.278726,0.0431562,0.671832,0.129357,0.355293,-0.636927
2.725653648376465,0.0,0.0,0.0,0.0,0.0,0.0,0.141928,0.402922,0.481936,0.202862,0.621012,0.631716,-0.417283,0.00918074,0.278798,0.0430007,0.673033,0.130152,0.358146,-0.633891
2.7257750034332275,0.0,0.0,0.0,0.0,0.0,0.0,0.141928,0.402922,0.481936,0.202862,0.621012,0.631716,-0.417283,0.00918074,0.278798,0.0430007,0.673033,0.130152,0.358146,-0.633891
2.7551791667938232,0.0,0.0,0.0,0.0,0.0,0.0,0.141945,0.402938,0.481923,0.202756,0.62147,0.631028,-0.417695,0.00919008,0.278816,0.0430578,0.672704,0.129548,0.358349,-0.63425
2.7553036212921143,0.0,0.0,0.0,0.0,0.0,0.0,0.141945,0.402938,0.481923,0.202756,0.62147,0.631028,-0.417695,0.00919008,0.278816,0.0430578,0.672704,0.129548,0.358349,-0.63425
2.772130012512207,0.0,0.0,0.0,0.0,0.0,0.0,0.141921,0.402923,0.481932,0.202966,0.621002,0.631615,-0.417402,0.00918999,0.278818,0.0430543,0.672576,0.129406,0.358461,-0.634351
2.7722532749176025,0.0,0.0,0.0,0.0,0.0,0.0,0.141921,0.402923,0.481932,0.202966,0.621002,0.631615,-0.417402,0.00918999,0.278818,0.0430543,0.672576,0.129406,0.358461,-0.634351
2.7885963916778564,0.0,0.0,0.0,0.0,0.0,0.0,0.141928,0.40292,0.481938,0.202715,0.621108,0.631587,-0.417407,0.00919291,0.278814,0.0430538,0.672599,0.12939,0.358416,-0.634355
2.7887189388275146,0.0,0.0,0.0,0.0,0.0,0.0,0.141928,0.40292,0.481938,0.202715,0.621108,0.631587,-0.417407,0.00919291,0.278814,0.0430538,0.672599,0.12939,0.358416,-0.634355
2.805091142654419,0.0,0.0,0.0,0.0,0.0,0.0,0.141928,0.40292,0.481938,0.202715,0.621108,0.631587,-0.417407,0.00919291,0.278814,0.0430538,0.672599,0.12939,0.358416,-0.634355
2.805208444595337,0.0,0.0,0.0,0.0,0.0,0.0,0.141928,0.40292,0.481938,0.202715,0.621108,0.631587,-0.417407,0.00919291,0.278814,0.0430538,0.672599,0.12939,0.358416,-0.634355
2.8254218101501465,0.0,0.0,0.0,0.0,0.0,0.0,0.141928,0.402921,0.481938,0.202729,0.621072,0.631619,-0.417407,0.00918021,0.278798,0.0430049,0.672997,0.130179,0.35808,-0.633962
2.8255348205566406,0.0,0.0,0.0,0.0,0.0,0.0,0.141928,0.402921,0.481938,0.202729,0.621072,0.631619,-0.417407,0.00918021,0.278798,0.0430049,0.672997,0.130179,0.35808,-0.633962
2.8547873497009277,0.0,0.0,0.0,0.0,0.0,0.0,0.141928,0.402918,0.481938,0.202722,0.621107,0.631617,-0.41736,0.00919316,0.278814,0.043055,0.672593,0.129376,0.35844,-0.634352
2.8548989295959473,0.0,0.0,0.0,0.0,0.0,0.0,0.141928,0.402918,0.481938,0.202722,0.621107,0.631617,-0.41736,0.00919316,0.278814,0.043055,0.672593,0.129376,0.35844,-0.634352
2.889312744140625,0.0,0.0,0.0,0.0,0.0,0.0,0.141927,0.402918,0.481939,0.202733,0.621083,0.631618,-0.417389,0.00917964,0.278824,0.0430707,0.672541,0.129539,0.358169,-0.634526
2.889460325241089,0.0,0.0,0.0,0.0,0.0,0.0,0.141927,0.402918,0.481939,0.202733,0.621083,0.631618,-0.417389,0.00917964,0.278824,0.0430707,0.672541,0.129539,0.358169,-0.634526
2.922865629196167,0.0,0.0,0.0,0.0,0.0,0.0,0.141929,0.40292,0.481941,0.202661,0.621163,0.631601,-0.41733,0.00918728,0.278799,0.0430211,0.673203,0.130302,0.357964,-0.633783
2.9230141639709473,0.0,0.0,0.0,0.0,0.0,0.0,0.141929,0.40292,0.481941,0.202661,0.621163,0.631601,-0.41733,0.00918728,0.278799,0.0430211,0.673203,0.130302,0.357964,-0.633783
2.9397029876708984,0.0,0.0,0.0,0.0,0.0,0.0,0.141928,0.402919,0.481941,0.202691,0.621126,0.631584,-0.417397,0.00918457,0.278798,0.04301,0.673125,0.130368,0.358042,-0.633808
2.939842462539673,0.0,0.0,0.0,0.0,0.0,0.0,0.141928,0.402919,0.481941,0.202691,0.621126,0.631584,-0.417397,0.00918457,0.278798,0.04301,0.673125,0.130368,0.358042,-0.633808
2.955127239227295,0.0,0.0,0.0,0.0,0.0,0.0,0.141907,0.402946,0.481914,0.203447,0.621594,0.630896,-0.417373,0.00918719,0.278831,0.0430357,0.672628,0.13024,0.358259,-0.634239
2.9552414417266846,0.0,0.0,0.0,0.0,0.0,0.0,0.141907,0.402946,0.481914,0.203447,0.621594,0.630896,-0.417373,0.00918719,0.278831,0.0430357,0.672628,0.13024,0.358259,-0.634239
2.9717864990234375,0.0,0.0,0.0,0.0,0.0,0.0,0.141928,0.402922,0.481941,0.202743,0.621069,0.631613,-0.417414,0.00918246,0.278798,0.0430103,0.673121,0.130381,0.358045,-0.633808
2.9718995094299316,0.0,0.0,0.0,0.0,0.0,0.0,0.141928,0.402922,0.481941,0.202743,0.621069,0.631613,-0.417414,0.00918246,0.278798,0.0430103,0.673121,0.130381,0.358045,-0.633808
2.9881837368011475,0.0,0.0,0.0,0.0,0.0,0.0,0.14193,0.40292,0.48194,0.202711,0.621122,0.631577,-0.417403,0.00917053,0.278804,0.0430129,0.672873,0.130144,0.357918,-0.634192
2.9882922172546387,0.0,0.0,0.0,0.0,0.0,0.0,0.14193,0.40292,0.48194,0.202711,0.621122,0.631577,-0.417403,0.00917053,0.278804,0.0430129,0.672873,0.130144,0.357918,-0.634192
3.007840871810913,0.0,0.0,0.0,0.0,0.0,0.0,0.141929,0.402921,0.481942,0.202756,0.621133,0.631578,-0.417364,0.00918493,0.278798,0.0430084,0.673154,0.130371,0.358054,-0.63377
3.007944107055664,0.0,0.0,0.0,0.0,0.0,0.0,0.141929,0.402921,0.481942,0.202756,0.621133,0.631578,-0.417364,0.00918493,0.278798,0.0430084,0.673154,0.130371,0.358054,-0.63377
3.028378486633301,0.0,0.0,0.0,0.0,0.0,0.0,0.141929,0.402919,0.481941,0.202704,0.621119,0.631597,-0.417382,0.00916961,0.278803,0.0430128,0.672873,0.130113,0.357929,-0.634191
3.0284862518310547,0.0,0.0,0.0,0.0,0.0,0.0,0.141929,0.402919,0.481941,0.202704,0.621119,0.631597,-0.417382,0.00916961,0.278803,0.0430128,0.672873,0.130113,0.357929,-0.634191
3.0480892658233643,0.0,0.0,0.0,0.0,0.0,0.0,0.141928,0.402922,0.481939,0.202735,0.621072,0.631598,-0.417436,0.00918004,0.278824,0.0430634,0.672437,0.129361,0.35827,-0.634615
3.048194169998169,0.0,0.0,0.0,0.0,0.0,0.0,0.141928,0.402922,0.481939,0.202735,0.621072,0.631598,-0.417436,0.00918004,0.278824,0.0430634,0.672437,0.129361,0.35827,-0.634615
3.071706533432007,0.0,0.0,0.0,0.0,0.0,0.0,0.141929,0.402921,0.481942,0.202706,0.621144,0.6316,-0.417338,0.00917985,0.278826,0.0430637,0.672404,0.129403,0.358304,-0.634622
3.071824789047241,0.0,0.0,0.0,0.0,0.0,0.0,0.141929,0.402921,0.481942,0.202706,0.621144,0.6316,-0.417338,0.00917985,0.278826,0.0430637,0.672404,0.129403,0.358304,-0.634622
3.0881118774414062,0.0,0.0,0.0,0.0,0.0,0.0,0.141947,0.402937,0.481925,0.202755,0.621445,0.631041,-0.417713,0.00917217,0.278804,0.043011,0.672894,0.130123,0.357904,-0.634181
3.0882225036621094,0.0,0.0,0.0,0.0,0.0,0.0,0.141947,0.402937,0.481925,0.202755,0.621445,0.631041,-0.417713,0.00917217,0.278804,0.043011,0.672894,0.130123,0.357904,-0.634181
3.1214287281036377,0.0,0.0,0.0,0.0,0.0,0.0,0.141928,0.402919,0.48194,0.202749,0.621119,0.631587,-0.417375,0.00918463,0.278798,0.0430056,0.673158,0.130377,0.358058,-0.633762
3.1215362548828125,0.0,0.0,0.0,0.0,0.0,0.0,0.141928,0.402919,0.48194,0.202749,0.621119,0.631587,-0.417375,0.00918463,0.278798,0.0430056,0.673158,0.130377,0.358058,-0.633762
3.1384952068328857,0.0,0.0,0.0,0.0,0.0,0.0,0.141929,0.40292,0.481939,0.202752,0.621105,0.631591,-0.417389,0.00918078,0.278827,0.0430601,0.672424,0.129381,0.358268,-0.634626
3.13861346244812,0.0,0.0,0.0,0.0,0.0,0.0,0.141929,0.40292,0.481939,0.202752,0.621105,0.631591,-0.417389,0.00918078,0.278827,0.0430601,0.672424,0.129381,0.358268,-0.634626
3.1551122665405273,0.0,0.0,0.0,0.0,0.0,0.0,0.141929,0.402922,0.48194,0.202774,0.621087,0.631586,-0.417412,0.00918516,0.278803,0.0430065,0.673147,0.130398,0.358031,-0.633785
3.1552224159240723,0.0,0.0,0.0,0.0,0.0,0.0,0.141929,0.402922,0.48194,0.202774,0.621087,0.631586,-0.417412,0.00918516,0.278803,0.0430065,0.673147,0.130398,0.358031,-0.633785
3.17167067527771,0.0,0.0,0.0,0.0,0.0,0.0,0.141921,0.402922,0.481935,0.202979,0.621008,0.631623,-0.417374,0.00919102,0.278828,0.0430299,0.672533,0.130036,0.358297,-0.63436
3.1717774868011475,0.0,0.0,0.0,0.0,0.0,0.0,0.141921,0.402922,0.481935,0.202979,0.621008,0.631623,-0.417374,0.00919102,0.278828,0.0430299,0.672533,0.130036,0.358297,-0.63436
3.188102960586548,0.0,0.0,0.0,0.0,0.0,0.0,0.141927,0.402921,0.481941,0.202752,0.621115,0.631581,-0.417388,0.00918651,0.278806,0.043016,0.673171,0.130351,0.357988,-0.633793
3.1882174015045166,0.0,0.0,0.0,0.0,0.0,0.0,0.141927,0.402921,0.481941,0.202752,0.621115,0.631581,-0.417388,0.00918651,0.278806,0.043016,0.673171,0.130351,0.357988,-0.633793
3.221544027328491,0.0,0.0,0.0,0.0,0.0,0.0,0.141928,0.402964,0.481903,0.203383,0.621978,0.630396,-0.417587,0.009194,0.278816,0.0430512,0.672595,0.129388,0.358446,-0.634343
3.221658229827881,0.0,0.0,0.0,0.0,0.0,0.0,0.141928,0.402964,0.481903,0.203383,0.621978,0.630396,-0.417587,0.009194,0.278816,0.0430512,0.672595,0.129388,0.358446,-0.634343
3.2382354736328125,0.0,0.0,0.0,0.0,0.0,0.0,0.14193,0.402921,0.481939,0.202708,0.621115,0.631575,-0.417418,0.00919641,0.278821,0.0430527,0.672684,0.129607,0.35835,-0.634258
3.2383499145507812,0.0,0.0,0.0,0.0,0.0,0.0,0.14193,0.402921,0.481939,0.202708,0.621115,0.631575,-0.417418,0.00919641,0.278821,0.0430527,0.672684,0.129607,0.35835,-0.634258
3.2549428939819336,0.0,0.0,0.0,0.0,0.0,0.0,0.141928,0.402919,0.481942,0.202718,0.621121,0.631578,-0.4174,0.00918366,0.278796,0.0430017,0.673029,0.130151,0.358097,-0.633923
3.255063533782959,0.0,0.0,0.0,0.0,0.0,0.0,0.141928,0.402919,0.481942,0.202718,0.621121,0.631578,-0.4174,0.00918366,0.278796,0.0430017,0.673029,0.130151,0.358097,-0.633923
3.271394729614258,0.0,0.0,0.0,0.0,0.0,0.0,0.141928,0.40292,0.48194,0.202794,0.6211,0.631597,-0.417367,0.00918422,0.2788,0.043003,0.673118,0.13039,0.358074,-0.633794
3.27150559425354,0.0,0.0,0.0,0.0,0.0,0.0,0.141928,0.40292,0.48194,0.202794,0.6211,0.631597,-0.417367,0.00918422,0.2788,0.043003,0.673118,0.13039,0.358074,-0.633794
3.2881863117218018,0.0,0.0,0.0,0.0,0.0,0.0,0.141929,0.402921,0.481941,0.202724,0.621101,0.631614,-0.417374,0.00917134,0.27881,0.043015,0.672964,0.130402,0.357873,-0.634067
3.2882916927337646,0.0,0.0,0.0,0.0,0.0,0.0,0.141929,0.402921,0.481941,0.202724,0.621101,0.631614,-0.417374,0.00917134,0.27881,0.043015,0.672964,0.130402,0.357873,-0.634067
3.307892322540283,0.0,0.0,0.0,0.0,0.0,0.0,0.141921,0.402925,0.481936,0.202955,0.621015,0.631615,-0.417386,0.00919362,0.278821,0.0430503,0.672561,0.129433,0.358442,-0.634373
3.3080198764801025,0.0,0.0,0.0,0.0,0.0,0.0,0.141921,0.402925,0.481936,0.202955,0.621015,0.631615,-0.417386,0.00919362,0.278821,0.0430503,0.672561,0.129433,0.358442,-0.634373
3.357069730758667,0.0,0.0,0.0,0.0,0.0,0.0,0.141913,0.402945,0.481917,0.203397,0.621623,0.630899,-0.41735,0.00919402,0.278828,0.0430304,0.672544,0.130024,0.358297,-0.634352
3.357541799545288,0.0,0.0,0.0,0.0,0.0,0.0,0.141913,0.402945,0.481917,0.203397,0.621623,0.630899,-0.41735,0.00919402,0.278828,0.0430304,0.672544,0.130024,0.358297,-0.634352
3.3899548053741455,0.0,0.0,0.0,0.0,0.0,0.0,0.14191,0.402948,0.481918,0.20342,0.621606,0.630916,-0.417338,0.00918204,0.278825,0.0430618,0.67244,0.129407,0.358268,-0.634605
3.3902246952056885,0.0,0.0,0.0,0.0,0.0,0.0,0.14191,0.402948,0.481918,0.20342,0.621606,0.630916,-0.417338,0.00918204,0.278825,0.0430618,0.67244,0.129407,0.358268,-0.634605
3.4092726707458496,0.0,0.0,0.0,0.0,0.0,0.0,0.141929,0.40292,0.48194,0.202756,0.621098,0.631595,-0.417391,0.00919435,0.278818,0.0430542,0.672694,0.12959,0.35836,-0.634245
3.409420967102051,0.0,0.0,0.0,0.0,0.0,0.0,0.141929,0.40292,0.48194,0.202756,0.621098,0.631595,-0.417391,0.00919435,0.278818,0.0430542,0.672694,0.12959,0.35836,-0.634245
3.4231724739074707,0.0,0.0,0.0,0.0,0.0,0.0,0.141932,0.402921,0.481942,0.202712,0.621116,0.631608,-0.417365,0.00918816,0.278802,0.0430199,0.673156,0.130311,0.357961,-0.633833
3.4232771396636963,0.0,0.0,0.0,0.0,0.0,0.0,0.141932,0.402921,0.481942,0.202712,0.621116,0.631608,-0.417365,0.00918816,0.278802,0.0430199,0.673156,0.130311,0.357961,-0.633833
3.4396631717681885,0.0,0.0,0.0,0.0,0.0,0.0,0.141911,0.402947,0.481914,0.203449,0.621598,0.630875,-0.417398,0.0091926,0.278815,0.0430514,0.672584,0.129381,0.358449,-0.634355
3.4397695064544678,0.0,0.0,0.0,0.0,0.0,0.0,0.141911,0.402947,0.481914,0.203449,0.621598,0.630875,-0.417398,0.0091926,0.278815,0.0430514,0.672584,0.129381,0.358449,-0.634355
3.4841883182525635,0.0,0.0,0.0,0.0,0.0,0.0,0.141932,0.402922,0.481943,0.202711,0.621117,0.631608,-0.417364,0.00920281,0.278809,0.04301,0.673463,0.130676,0.35803,-0.633392
3.4845573902130127,0.0,0.0,0.0,0.0,0.0,0.0,0.141932,0.402922,0.481943,0.202711,0.621117,0.631608,-0.417364,0.00920281,0.278809,0.04301,0.673463,0.130676,0.35803,-0.633392
3.5093750953674316,0.0,0.0,0.0,0.0,0.0,0.0,0.141911,0.402947,0.481918,0.203422,0.621605,0.630892,-0.417376,0.0091934,0.278815,0.043055,0.672567,0.129401,0.358452,-0.634367
3.509547472000122,0.0,0.0,0.0,0.0,0.0,0.0,0.141911,0.402947,0.481918,0.203422,0.621605,0.630892,-0.417376,0.0091934,0.278815,0.043055,0.672567,0.129401,0.358452,-0.634367
3.5380165576934814,0.0,0.0,0.0,0.0,0.0,0.0,0.141929,0.402921,0.48194,0.202716,0.621098,0.631585,-0.417425,0.00918482,0.278795,0.043008,0.673166,0.130367,0.358016,-0.633779
3.538126230239868,0.0,0.0,0.0,0.0,0.0,0.0,0.141929,0.402921,0.48194,0.202716,0.621098,0.631585,-0.417425,0.00918482,0.278795,0.043008,0.673166,0.130367,0.358016,-0.633779
3.5550789833068848,0.0,0.0,0.0,0.0,0.0,0.0,0.141931,0.402921,0.481941,0.202771,0.621084,0.631618,-0.417369,0.00919669,0.278814,0.043053,0.672595,0.129402,0.35842,-0.634355
3.555192232131958,0.0,0.0,0.0,0.0,0.0,0.0,0.141931,0.402921,0.481941,0.202771,0.621084,0.631618,-0.417369,0.00919669,0.278814,0.043053,0.672595,0.129402,0.35842,-0.634355
3.571536064147949,0.0,0.0,0.0,0.0,0.0,0.0,0.14193,0.402921,0.48194,0.202769,0.621064,0.631621,-0.417395,0.00918521,0.278796,0.0430008,0.673033,0.13016,0.358108,-0.633911
3.5716493129730225,0.0,0.0,0.0,0.0,0.0,0.0,0.14193,0.402921,0.48194,0.202769,0.621064,0.631621,-0.417395,0.00918521,0.278796,0.0430008,0.673033,0.13016,0.358108,-0.633911
3.587941884994507,0.0,0.0,0.0,0.0,0.0,0.0,0.141929,0.40292,0.48194,0.202762,0.621073,0.631596,-0.417423,0.00919499,0.278813,0.0430533,0.672587,0.129399,0.358438,-0.634354
3.588057279586792,0.0,0.0,0.0,0.0,0.0,0.0,0.141929,0.40292,0.48194,0.202762,0.621073,0.631596,-0.417423,0.00919499,0.278813,0.0430533,0.672587,0.129399,0.358438,-0.634354
3.621948003768921,0.0,0.0,0.0,0.0,0.0,0.0,0.14191,0.402949,0.481916,0.203453,0.621596,0.630938,-0.417305,0.00919594,0.278822,0.0430545,0.672525,0.129538,0.358472,-0.634371
3.6220743656158447,0.0,0.0,0.0,0.0,0.0,0.0,0.14191,0.402949,0.481916,0.203453,0.621596,0.630938,-0.417305,0.00919594,0.278822,0.0430545,0.672525,0.129538,0.358472,-0.634371
3.6381452083587646,0.0,0.0,0.0,0.0,0.0,0.0,0.14193,0.40292,0.481939,0.202751,0.6211,0.631581,-0.417412,0.00919484,0.278813,0.043053,0.672572,0.129397,0.358443,-0.634368
3.638261318206787,0.0,0.0,0.0,0.0,0.0,0.0,0.14193,0.40292,0.481939,0.202751,0.6211,0.631581,-0.417412,0.00919484,0.278813,0.043053,0.672572,0.129397,0.358443,-0.634368
3.6550145149230957,0.0,0.0,0.0,0.0,0.0,0.0,0.141931,0.40292,0.481939,0.202791,0.621061,0.631613,-0.417402,0.00919548,0.278811,0.0430532,0.672593,0.129398,0.358444,-0.634344
3.655128002166748,0.0,0.0,0.0,0.0,0.0,0.0,0.141931,0.40292,0.481939,0.202791,0.621061,0.631613,-0.417402,0.00919548,0.278811,0.0430532,0.672593,0.129398,0.358444,-0.634344
3.6714553833007812,0.0,0.0,0.0,0.0,0.0,0.0,0.141932,0.402923,0.48194,0.202793,0.621072,0.631607,-0.417393,0.0091863,0.278794,0.0430092,0.673153,0.130351,0.358021,-0.633794
3.6715688705444336,0.0,0.0,0.0,0.0,0.0,0.0,0.141932,0.402923,0.48194,0.202793,0.621072,0.631607,-0.417393,0.0091863,0.278794,0.0430092,0.673153,0.130351,0.358021,-0.633794
3.6881015300750732,0.0,0.0,0.0,0.0,0.0,0.0,0.141928,0.402922,0.481939,0.202775,0.621051,0.631597,-0.417449,0.0091939,0.278812,0.0430546,0.672582,0.129387,0.358425,-0.634369
3.6882081031799316,0.0,0.0,0.0,0.0,0.0,0.0,0.141928,0.402922,0.481939,0.202775,0.621051,0.631597,-0.417449,0.0091939,0.278812,0.0430546,0.672582,0.129387,0.358425,-0.634369
3.7216105461120605,0.0,0.0,0.0,0.0,0.0,0.0,0.141929,0.402922,0.481939,0.202742,0.621071,0.631615,-0.417408,0.00918591,0.278795,0.0430148,0.673066,0.130091,0.358027,-0.633936
3.7217235565185547,0.0,0.0,0.0,0.0,0.0,0.0,0.141929,0.402922,0.481939,0.202742,0.621071,0.631615,-0.417408,0.00918591,0.278795,0.0430148,0.673066,0.130091,0.358027,-0.633936
3.738084554672241,0.0,0.0,0.0,0.0,0.0,0.0,0.14193,0.402923,0.481938,0.202712,0.621086,0.631619,-0.417394,0.00918358,0.278794,0.0430031,0.673036,0.130143,0.3581,-0.633916
3.7381958961486816,0.0,0.0,0.0,0.0,0.0,0.0,0.14193,0.402923,0.481938,0.202712,0.621086,0.631619,-0.417394,0.00918358,0.278794,0.0430031,0.673036,0.130143,0.3581,-0.633916
3.754927635192871,0.0,0.0,0.0,0.0,0.0,0.0,0.141931,0.402922,0.48194,0.202766,0.621088,0.631593,-0.417404,0.0091858,0.278794,0.0430043,0.67302,0.13015,0.358118,-0.633921
3.7550485134124756,0.0,0.0,0.0,0.0,0.0,0.0,0.141931,0.402922,0.48194,0.202766,0.621088,0.631593,-0.417404,0.0091858,0.278794,0.0430043,0.67302,0.13015,0.358118,-0.633921
3.771462917327881,0.0,0.0,0.0,0.0,0.0,0.0,0.141929,0.40292,0.48194,0.20274,0.621079,0.631621,-0.417388,0.00919362,0.278812,0.0430537,0.672584,0.129351,0.358446,-0.634363
3.771573543548584,0.0,0.0,0.0,0.0,0.0,0.0,0.141929,0.40292,0.48194,0.20274,0.621079,0.631621,-0.417388,0.00919362,0.278812,0.0430537,0.672584,0.129351,0.358446,-0.634363
3.788318634033203,0.0,0.0,0.0,0.0,0.0,0.0,0.141948,0.402939,0.481926,0.202784,0.621414,0.631088,-0.417673,0.00918303,0.278793,0.0430036,0.673038,0.130135,0.358131,-0.633898
3.7884340286254883,0.0,0.0,0.0,0.0,0.0,0.0,0.141948,0.402939,0.481926,0.202784,0.621414,0.631088,-0.417673,0.00918303,0.278793,0.0430036,0.673038,0.130135,0.358131,-0.633898
3.8216464519500732,0.0,0.0,0.0,0.0,0.0,0.0,0.141929,0.402924,0.481941,0.202721,0.621091,0.631628,-0.417368,0.00919462,0.278816,0.0430522,0.672587,0.129378,0.358459,-0.634347
3.821761131286621,0.0,0.0,0.0,0.0,0.0,0.0,0.141929,0.402924,0.481941,0.202721,0.621091,0.631628,-0.417368,0.00919462,0.278816,0.0430522,0.672587,0.129378,0.358459,-0.634347
3.8380510807037354,0.0,0.0,0.0,0.0,0.0,0.0,0.141933,0.402924,0.481939,0.202728,0.621101,0.631599,-0.417394,0.00918517,0.278823,0.0430603,0.672446,0.12937,0.35827,-0.634604
3.838162899017334,0.0,0.0,0.0,0.0,0.0,0.0,0.141933,0.402924,0.481939,0.202728,0.621101,0.631599,-0.417394,0.00918517,0.278823,0.0430603,0.672446,0.12937,0.35827,-0.634604
3.855055093765259,0.0,0.0,0.0,0.0,0.0,0.0,0.141912,0.402947,0.481916,0.203407,0.621605,0.630925,-0.417334,0.00918829,0.278793,0.0430027,0.673069,0.13014,0.358077,-0.633895
3.8551673889160156,0.0,0.0,0.0,0.0,0.0,0.0,0.141912,0.402947,0.481916,0.203407,0.621605,0.630925,-0.417334,0.00918829,0.278793,0.0430027,0.673069,0.13014,0.358077,-0.633895
3.871626853942871,0.0,0.0,0.0,0.0,0.0,0.0,0.141931,0.402924,0.481939,0.202724,0.621073,0.631632,-0.417386,0.00918363,0.278796,0.0430022,0.673052,0.130161,0.358115,-0.633887
3.871739625930786,0.0,0.0,0.0,0.0,0.0,0.0,0.141931,0.402924,0.481939,0.202724,0.621073,0.631632,-0.417386,0.00918363,0.278796,0.0430022,0.673052,0.130161,0.358115,-0.633887
3.8888847827911377,0.0,0.0,0.0,0.0,0.0,0.0,0.141929,0.40292,0.48194,0.202756,0.621088,0.631593,-0.417409,0.00918676,0.278794,0.043001,0.673032,0.130178,0.358103,-0.633912
3.8890058994293213,0.0,0.0,0.0,0.0,0.0,0.0,0.141929,0.40292,0.48194,0.202756,0.621088,0.631593,-0.417409,0.00918676,0.278794,0.043001,0.673032,0.130178,0.358103,-0.633912
3.9064550399780273,0.0,0.0,0.0,0.0,0.0,0.0,0.141929,0.402923,0.481943,0.202725,0.621111,0.631608,-0.417367,0.00919579,0.278816,0.0430583,0.672716,0.129554,0.35835,-0.634235
3.9065639972686768,0.0,0.0,0.0,0.0,0.0,0.0,0.141929,0.402923,0.481943,0.202725,0.621111,0.631608,-0.417367,0.00919579,0.278816,0.0430583,0.672716,0.129554,0.35835,-0.634235
3.9266409873962402,0.0,0.0,0.0,0.0,0.0,0.0,0.14193,0.402923,0.48194,0.202741,0.621081,0.63163,-0.41737,0.00918655,0.278811,0.0429534,0.673154,0.130485,0.357398,-0.634116
3.9267475605010986,0.0,0.0,0.0,0.0,0.0,0.0,0.14193,0.402923,0.48194,0.202741,0.621081,0.63163,-0.41737,0.00918655,0.278811,0.0429534,0.673154,0.130485,0.357398,-0.634116
3.954871654510498,0.0,0.0,0.0,0.0,0.0,0.0,0.141929,0.402921,0.481943,0.202677,0.621124,0.631617,-0.417358,0.00917384,0.278803,0.0430168,0.673021,0.130355,0.357843,-0.634034
3.9549930095672607,0.0,0.0,0.0,0.0,0.0,0.0,0.141929,0.402921,0.481943,0.202677,0.621124,0.631617,-0.417358,0.00917384,0.278803,0.0430168,0.673021,0.130355,0.357843,-0.634034
3.9715325832366943,0.0,0.0,0.0,0.0,0.0,0.0,0.141911,0.402947,0.481915,0.203408,0.621602,0.63093,-0.41733,0.00918637,0.278796,0.0430009,0.673012,0.130154,0.3581,-0.633939
3.9716482162475586,0.0,0.0,0.0,0.0,0.0,0.0,0.141911,0.402947,0.481915,0.203408,0.621602,0.63093,-0.41733,0.00918637,0.278796,0.0430009,0.673012,0.130154,0.3581,-0.633939
3.9888367652893066,0.0,0.0,0.0,0.0,0.0,0.0,0.141911,0.402946,0.481917,0.203417,0.621595,0.630916,-0.417357,0.00919558,0.278815,0.0430531,0.672605,0.129394,0.358431,-0.63434
3.98895263671875,0.0,0.0,0.0,0.0,0.0,0.0,0.141911,0.402946,0.481917,0.203417,0.621595,0.630916,-0.417357,0.00919558,0.278815,0.0430531,0.672605,0.129394,0.358431,-0.63434
4.022118330001831,0.0,0.0,0.0,0.0,0.0,0.0,0.14193,0.40292,0.481942,0.202734,0.621098,0.631592,-0.417406,0.00920193,0.278845,0.0430824,0.6721,0.129254,0.358628,-0.634792
4.022245168685913,0.0,0.0,0.0,0.0,0.0,0.0,0.14193,0.40292,0.481942,0.202734,0.621098,0.631592,-0.417406,0.00920193,0.278845,0.0430824,0.6721,0.129254,0.358628,-0.634792
4.038278341293335,0.0,0.0,0.0,0.0,0.0,0.0,0.14193,0.402921,0.481942,0.202718,0.621131,0.631584,-0.417377,0.00919905,0.278811,0.0430525,0.672609,0.129394,0.358405,-0.63435
4.038396120071411,0.0,0.0,0.0,0.0,0.0,0.0,0.14193,0.402921,0.481942,0.202718,0.621131,0.631584,-0.417377,0.00919905,0.278811,0.0430525,0.672609,0.129394,0.358405,-0.63435
4.055438041687012,0.0,0.0,0.0,0.0,0.0,0.0,0.14193,0.402917,0.481941,0.202752,0.621123,0.63157,-0.417394,0.009186,0.278793,0.0430022,0.673027,0.130162,0.358059,-0.633945
4.055559396743774,0.0,0.0,0.0,0.0,0.0,0.0,0.14193,0.402917,0.481941,0.202752,0.621123,0.63157,-0.417394,0.009186,0.278793,0.0430022,0.673027,0.130162,0.358059,-0.633945
4.071399450302124,0.0,0.0,0.0,0.0,0.0,0.0,0.14193,0.402922,0.48194,0.20274,0.621105,0.631588,-0.417399,0.00919516,0.278815,0.0430526,0.672582,0.129398,0.358446,-0.634355
4.071509599685669,0.0,0.0,0.0,0.0,0.0,0.0,0.14193,0.402922,0.48194,0.20274,0.621105,0.631588,-0.417399,0.00919516,0.278815,0.0430526,0.672582,0.129398,0.358446,-0.634355
4.088263750076294,0.0,0.0,0.0,0.0,0.0,0.0,0.14193,0.40292,0.481941,0.202728,0.621122,0.631571,-0.417406,0.00919587,0.278814,0.0430595,0.672698,0.12954,0.358376,-0.634243
4.088369607925415,0.0,0.0,0.0,0.0,0.0,0.0,0.14193,0.40292,0.481941,0.202728,0.621122,0.631571,-0.417406,0.00919587,0.278814,0.0430595,0.672698,0.12954,0.358376,-0.634243
4.121260643005371,0.0,0.0,0.0,0.0,0.0,0.0,0.141931,0.402923,0.481939,0.202708,0.621103,0.631631,-0.417352,0.00918592,0.278794,0.0430031,0.673034,0.130147,0.358081,-0.633928
4.121370553970337,0.0,0.0,0.0,0.0,0.0,0.0,0.141931,0.402923,0.481939,0.202708,0.621103,0.631631,-0.417352,0.00918592,0.278794,0.0430031,0.673034,0.130147,0.358081,-0.633928
4.13807487487793,0.0,0.0,0.0,0.0,0.0,0.0,0.141931,0.40292,0.481938,0.202751,0.621115,0.631598,-0.417363,0.0091937,0.278812,0.0430616,0.672699,0.129551,0.358342,-0.634258
4.138188362121582,0.0,0.0,0.0,0.0,0.0,0.0,0.141931,0.40292,0.481938,0.202751,0.621115,0.631598,-0.417363,0.0091937,0.278812,0.0430616,0.672699,0.129551,0.358342,-0.634258
4.154723644256592,0.0,0.0,0.0,0.0,0.0,0.0,0.141932,0.402921,0.481939,0.202735,0.621088,0.63162,-0.417378,0.00919582,0.278818,0.0430588,0.672706,0.129581,0.358345,-0.634243
4.154838800430298,0.0,0.0,0.0,0.0,0.0,0.0,0.141932,0.402921,0.481939,0.202735,0.621088,0.63162,-0.417378,0.00919582,0.278818,0.0430588,0.672706,0.129581,0.358345,-0.634243
4.17119574546814,0.0,0.0,0.0,0.0,0.0,0.0,0.141932,0.402921,0.481937,0.202723,0.621093,0.631607,-0.417397,0.00918375,0.278823,0.0430682,0.672557,0.129568,0.358158,-0.63451
4.171305418014526,0.0,0.0,0.0,0.0,0.0,0.0,0.141932,0.402921,0.481937,0.202723,0.621093,0.631607,-0.417397,0.00918375,0.278823,0.0430682,0.672557,0.129568,0.358158,-0.63451
4.188215017318726,0.0,0.0,0.0,0.0,0.0,0.0,0.141931,0.402918,0.481941,0.202727,0.621084,0.631605,-0.417411,0.00918311,0.278794,0.0430129,0.673111,0.130372,0.358042,-0.633822
4.188322067260742,0.0,0.0,0.0,0.0,0.0,0.0,0.141931,0.402918,0.481941,0.202727,0.621084,0.631605,-0.417411,0.00918311,0.278794,0.0430129,0.673111,0.130372,0.358042,-0.633822
4.221262454986572,0.0,0.0,0.0,0.0,0.0,0.0,0.141911,0.402946,0.481915,0.203399,0.621611,0.630934,-0.417313,0.00917481,0.278834,0.0430484,0.672461,0.130279,0.358046,-0.634529
4.221364974975586,0.0,0.0,0.0,0.0,0.0,0.0,0.141911,0.402946,0.481915,0.203399,0.621611,0.630934,-0.417313,0.00917481,0.278834,0.0430484,0.672461,0.130279,0.358046,-0.634529
4.23846960067749,0.0,0.0,0.0,0.0,0.0,0.0,0.141929,0.402921,0.481938,0.202759,0.621069,0.631644,-0.417359,0.00918398,0.278797,0.0430108,0.673127,0.130396,0.358042,-0.6338
4.238579273223877,0.0,0.0,0.0,0.0,0.0,0.0,0.141929,0.402921,0.481938,0.202759,0.621069,0.631644,-0.417359,0.00918398,0.278797,0.0430108,0.673127,0.130396,0.358042,-0.6338
4.25564980506897,0.0,0.0,0.0,0.0,0.0,0.0,0.141929,0.402919,0.481937,0.202741,0.621079,0.631594,-0.417428,0.00916971,0.278803,0.0430187,0.67298,0.130363,0.35784,-0.634077
4.2557597160339355,0.0,0.0,0.0,0.0,0.0,0.0,0.141929,0.402919,0.481937,0.202741,0.621079,0.631594,-0.417428,0.00916971,0.278803,0.0430187,0.67298,0.130363,0.35784,-0.634077
4.271405935287476,0.0,0.0,0.0,0.0,0.0,0.0,0.14193,0.402921,0.481941,0.202691,0.62113,0.631588,-0.417386,0.00916983,0.278805,0.0430232,0.672969,0.130363,0.357857,-0.63408
4.271515846252441,0.0,0.0,0.0,0.0,0.0,0.0,0.14193,0.402921,0.481941,0.202691,0.62113,0.631588,-0.417386,0.00916983,0.278805,0.0430232,0.672969,0.130363,0.357857,-0.63408
4.288007020950317,0.0,0.0,0.0,0.0,0.0,0.0,0.141928,0.40292,0.481936,0.202744,0.621051,0.63165,-0.417384,0.00919522,0.278816,0.0430603,0.672705,0.129616,0.358348,-0.634235
4.288108587265015,0.0,0.0,0.0,0.0,0.0,0.0,0.141928,0.40292,0.481936,0.202744,0.621051,0.63165,-0.417384,0.00919522,0.278816,0.0430603,0.672705,0.129616,0.358348,-0.634235
4.3058507442474365,0.0,0.0,0.0,0.0,0.0,0.0,0.141909,0.402949,0.481912,0.203407,0.621599,0.630923,-0.417345,0.00917052,0.278808,0.0430203,0.672958,0.130394,0.357893,-0.634064
4.305951118469238,0.0,0.0,0.0,0.0,0.0,0.0,0.141909,0.402949,0.481912,0.203407,0.621599,0.630923,-0.417345,0.00917052,0.278808,0.0430203,0.672958,0.130394,0.357893,-0.634064
4.338103294372559,0.0,0.0,0.0,0.0,0.0,0.0,0.141947,0.40294,0.481922,0.202759,0.62144,0.631048,-0.417706,0.00916924,0.278809,0.0430206,0.67299,0.13035,0.357838,-0.634071
4.338206768035889,0.0,0.0,0.0,0.0,0.0,0.0,0.141947,0.40294,0.481922,0.202759,0.62144,0.631048,-0.417706,0.00916924,0.278809,0.0430206,0.67299,0.13035,0.357838,-0.634071
4.355078935623169,0.0,0.0,0.0,0.0,0.0,0.0,0.141929,0.402922,0.481938,0.202687,0.621145,0.631593,-0.417357,0.00917912,0.278827,0.0430705,0.67253,0.129557,0.358191,-0.634522
4.355186939239502,0.0,0.0,0.0,0.0,0.0,0.0,0.141929,0.402922,0.481938,0.202687,0.621145,0.631593,-0.417357,0.00917912,0.278827,0.0430705,0.67253,0.129557,0.358191,-0.634522
4.371369361877441,0.0,0.0,0.0,0.0,0.0,0.0,0.141926,0.402922,0.481938,0.202738,0.621109,0.63155,-0.417452,0.009167,0.278809,0.0430217,0.672949,0.130339,0.35787,-0.634097
4.371475696563721,0.0,0.0,0.0,0.0,0.0,0.0,0.141926,0.402922,0.481938,0.202738,0.621109,0.63155,-0.417452,0.009167,0.278809,0.0430217,0.672949,0.130339,0.35787,-0.634097
4.3880391120910645,0.0,0.0,0.0,0.0,0.0,0.0,0.141926,0.402923,0.481937,0.202765,0.6211,0.631576,-0.417412,0.00917237,0.278839,0.043044,0.67234,0.130001,0.358159,-0.634649
4.388149976730347,0.0,0.0,0.0,0.0,0.0,0.0,0.141926,0.402923,0.481937,0.202765,0.6211,0.631576,-0.417412,0.00917237,0.278839,0.043044,0.67234,0.130001,0.358159,-0.634649
4.4215004444122314,0.0,0.0,0.0,0.0,0.0,0.0,0.141917,0.402926,0.481935,0.203033,0.620994,0.631579,-0.417435,0.0091665,0.278809,0.0430214,0.672966,0.130365,0.357872,-0.634073
4.421614170074463,0.0,0.0,0.0,0.0,0.0,0.0,0.141917,0.402926,0.481935,0.203033,0.620994,0.631579,-0.417435,0.0091665,0.278809,0.0430214,0.672966,0.130365,0.357872,-0.634073
4.4378907680511475,0.0,0.0,0.0,0.0,0.0,0.0,0.141927,0.402923,0.481941,0.202738,0.6211,0.631575,-0.417426,0.00916983,0.278808,0.0430197,0.672952,0.130373,0.357871,-0.634087
4.43800950050354,0.0,0.0,0.0,0.0,0.0,0.0,0.141927,0.402923,0.481941,0.202738,0.6211,0.631575,-0.417426,0.00916983,0.278808,0.0430197,0.672952,0.130373,0.357871,-0.634087
4.455844163894653,0.0,0.0,0.0,0.0,0.0,0.0,0.141925,0.402923,0.48194,0.202768,0.62108,0.63158,-0.417435,0.00916982,0.278807,0.0430173,0.672989,0.130356,0.357871,-0.634052
4.455953598022461,0.0,0.0,0.0,0.0,0.0,0.0,0.141925,0.402923,0.48194,0.202768,0.62108,0.63158,-0.417435,0.00916982,0.278807,0.0430173,0.672989,0.130356,0.357871,-0.634052
4.471954107284546,0.0,0.0,0.0,0.0,0.0,0.0,0.141907,0.402947,0.481917,0.203416,0.621618,0.630896,-0.417352,0.00916692,0.278806,0.043021,0.672976,0.130356,0.357857,-0.634074
4.472074031829834,0.0,0.0,0.0,0.0,0.0,0.0,0.141907,0.402947,0.481917,0.203416,0.621618,0.630896,-0.417352,0.00916692,0.278806,0.043021,0.672976,0.130356,0.357857,-0.634074
4.4881110191345215,0.0,0.0,0.0,0.0,0.0,0.0,0.141907,0.402948,0.481916,0.203453,0.621607,0.6309,-0.417346,0.00917992,0.278834,0.0430804,0.672582,0.129507,0.358122,-0.634516
4.4882214069366455,0.0,0.0,0.0,0.0,0.0,0.0,0.141907,0.402948,0.481916,0.203453,0.621607,0.6309,-0.417346,0.00917992,0.278834,0.0430804,0.672582,0.129507,0.358122,-0.634516
4.521592140197754,0.0,0.0,0.0,0.0,0.0,0.0,0.141926,0.402922,0.481942,0.202779,0.621084,0.631587,-0.417413,0.00916784,0.27881,0.0430267,0.672899,0.130062,0.3579,-0.634191
4.521708726882935,0.0,0.0,0.0,0.0,0.0,0.0,0.141926,0.402922,0.481942,0.202779,0.621084,0.631587,-0.417413,0.00916784,0.27881,0.0430267,0.672899,0.130062,0.3579,-0.634191
4.537779092788696,0.0,0.0,0.0,0.0,0.0,0.0,0.141927,0.402922,0.48194,0.202761,0.621094,0.631596,-0.417393,0.00917791,0.2788,0.0430096,0.67315,0.130358,0.358036,-0.633788
4.5378923416137695,0.0,0.0,0.0,0.0,0.0,0.0,0.141927,0.402922,0.48194,0.202761,0.621094,0.631596,-0.417393,0.00917791,0.2788,0.0430096,0.67315,0.130358,0.358036,-0.633788
4.554886102676392,0.0,0.0,0.0,0.0,0.0,0.0,0.141909,0.402947,0.481916,0.203471,0.621601,0.630899,-0.417347,0.00916636,0.278806,0.0430148,0.672878,0.130086,0.357943,-0.634185
4.555006742477417,0.0,0.0,0.0,0.0,0.0,0.0,0.141909,0.402947,0.481916,0.203471,0.621601,0.630899,-0.417347,0.00916636,0.278806,0.0430148,0.672878,0.130086,0.357943,-0.634185
4.5715858936309814,0.0,0.0,0.0,0.0,0.0,0.0,0.141926,0.402922,0.481941,0.202742,0.621124,0.631552,-0.417424,0.00917984,0.2788,0.0430084,0.673133,0.130392,0.358012,-0.633811
4.571700572967529,0.0,0.0,0.0,0.0,0.0,0.0,0.141926,0.402922,0.481941,0.202742,0.621124,0.631552,-0.417424,0.00917984,0.2788,0.0430084,0.673133,0.130392,0.358012,-0.633811
4.588867902755737,0.0,0.0,0.0,0.0,0.0,0.0,0.141926,0.402924,0.481943,0.202751,0.621127,0.631574,-0.417382,0.00918023,0.278801,0.0430094,0.673142,0.130376,0.358029,-0.633796
4.588986396789551,0.0,0.0,0.0,0.0,0.0,0.0,0.141926,0.402924,0.481943,0.202751,0.621127,0.631574,-0.417382,0.00918023,0.278801,0.0430094,0.673142,0.130376,0.358029,-0.633796
4.6059370040893555,0.0,0.0,0.0,0.0,0.0,0.0,0.141926,0.402922,0.481942,0.202743,0.621094,0.631569,-0.417442,0.00917862,0.278797,0.0430031,0.673021,0.130183,0.358113,-0.633917
4.606058359146118,0.0,0.0,0.0,0.0,0.0,0.0,0.141926,0.402922,0.481942,0.202743,0.621094,0.631569,-0.417442,0.00917862,0.278797,0.0430031,0.673021,0.130183,0.358113,-0.633917
4.626306772232056,0.0,0.0,0.0,0.0,0.0,0.0,0.141926,0.402923,0.481943,0.202737,0.621117,0.63153,-0.417471,0.00918066,0.278796,0.0430086,0.673156,0.130359,0.35804,-0.633778
4.626418590545654,0.0,0.0,0.0,0.0,0.0,0.0,0.141926,0.402923,0.481943,0.202737,0.621117,0.63153,-0.417471,0.00918066,0.278796,0.0430086,0.673156,0.130359,0.35804,-0.633778
4.645961761474609,0.0,0.0,0.0,0.0,0.0,0.0,0.141929,0.402921,0.48194,0.202757,0.621118,0.631557,-0.417418,0.00916779,0.278807,0.0430112,0.672862,0.130135,0.357952,-0.634186
4.646078586578369,0.0,0.0,0.0,0.0,0.0,0.0,0.141929,0.402921,0.48194,0.202757,0.621118,0.631557,-0.417418,0.00916779,0.278807,0.0430112,0.672862,0.130135,0.357952,-0.634186
4.667248725891113,0.0,0.0,0.0,0.0,0.0,0.0,0.141926,0.402919,0.481942,0.202732,0.621093,0.631564,-0.417458,0.00919186,0.278815,0.0430527,0.672595,0.129396,0.358457,-0.634335
4.667382001876831,0.0,0.0,0.0,0.0,0.0,0.0,0.141926,0.402919,0.481942,0.202732,0.621093,0.631564,-0.417458,0.00919186,0.278815,0.0430527,0.672595,0.129396,0.358457,-0.634335
4.688900709152222,0.0,0.0,0.0,0.0,0.0,0.0,0.141924,0.402919,0.481939,0.202757,0.621087,0.631549,-0.417476,0.00916573,0.278807,0.0430171,0.672987,0.130365,0.35787,-0.634053
4.689040660858154,0.0,0.0,0.0,0.0,0.0,0.0,0.141924,0.402919,0.481939,0.202757,0.621087,0.631549,-0.417476,0.00916573,0.278807,0.0430171,0.672987,0.130365,0.35787,-0.634053
4.7237043380737305,0.0,0.0,0.0,0.0,0.0,0.0,0.141928,0.402924,0.481943,0.202747,0.621143,0.631557,-0.417386,0.00917012,0.278809,0.0430155,0.672866,0.130153,0.357904,-0.634205
4.723862171173096,0.0,0.0,0.0,0.0,0.0,0.0,0.141928,0.402924,0.481943,0.202747,0.621143,0.631557,-0.417386,0.00917012,0.278809,0.0430155,0.672866,0.130153,0.357904,-0.634205
4.740720987319946,0.0,0.0,0.0,0.0,0.0,0.0,0.141924,0.402918,0.481939,0.202714,0.621097,0.631563,-0.417461,0.00917583,0.278823,0.0430626,0.672427,0.129389,0.358298,-0.634605
4.740877866744995,0.0,0.0,0.0,0.0,0.0,0.0,0.141924,0.402918,0.481939,0.202714,0.621097,0.631563,-0.417461,0.00917583,0.278823,0.0430626,0.672427,0.129389,0.358298,-0.634605
4.757626533508301,0.0,0.0,0.0,0.0,0.0,0.0,0.14193,0.402923,0.481942,0.202741,0.62111,0.63157,-0.417417,0.00916853,0.278809,0.0430202,0.672979,0.13035,0.357858,-0.634071
4.757767915725708,0.0,0.0,0.0,0.0,0.0,0.0,0.14193,0.402923,0.481942,0.202741,0.62111,0.63157,-0.417417,0.00916853,0.278809,0.0430202,0.672979,0.13035,0.357858,-0.634071
4.771150350570679,0.0,0.0,0.0,0.0,0.0,0.0,0.141928,0.402919,0.481942,0.202738,0.621128,0.631526,-0.417461,0.00916698,0.278807,0.043019,0.672965,0.130365,0.35785,-0.634087
4.771265029907227,0.0,0.0,0.0,0.0,0.0,0.0,0.141928,0.402919,0.481942,0.202738,0.621128,0.631526,-0.417461,0.00916698,0.278807,0.043019,0.672965,0.130365,0.35785,-0.634087
4.788320302963257,0.0,0.0,0.0,0.0,0.0,0.0,0.141927,0.402922,0.48194,0.202715,0.621117,0.63158,-0.417405,0.00917988,0.2788,0.0430075,0.673136,0.130371,0.358043,-0.633795
4.788437604904175,0.0,0.0,0.0,0.0,0.0,0.0,0.141927,0.402922,0.48194,0.202715,0.621117,0.63158,-0.417405,0.00917988,0.2788,0.0430075,0.673136,0.130371,0.358043,-0.633795
4.8060829639434814,0.0,0.0,0.0,0.0,0.0,0.0,0.141928,0.402879,0.481972,0.207126,0.618661,0.62955,-0.42193,0.00916825,0.278807,0.0430212,0.672984,0.130345,0.357899,-0.634043
4.806190490722656,0.0,0.0,0.0,0.0,0.0,0.0,0.141928,0.402879,0.481972,0.207126,0.618661,0.62955,-0.42193,0.00916825,0.278807,0.0430212,0.672984,0.130345,0.357899,-0.634043
4.838561534881592,0.0,0.0,0.0,0.0,0.0,0.0,0.141929,0.402919,0.481943,0.202744,0.621102,0.63157,-0.417429,0.00918274,0.278798,0.0430082,0.673127,0.130388,0.35803,-0.633809
4.8386876583099365,0.0,0.0,0.0,0.0,0.0,0.0,0.141929,0.402919,0.481943,0.202744,0.621102,0.63157,-0.417429,0.00918274,0.278798,0.0430082,0.673127,0.130388,0.35803,-0.633809
