# Timestamp, Flexion, Adduction, Rotation, Tx, Ty, Tz, Fx, Fy, Fz
0.01825118064880371, 88.80480951728518, 2.9833693920293074, -70.35986804578124, 0.0, 0.0, 0.0, 0.0, 0.0, 0.0
0.01837301254272461, 88.80480951728518, 2.9833693920293074, -70.35986804578124, 0.0, 0.0, 0.0, 0.0, 0.0, 0.0
0.05087637901306152, 88.80480951728518, 2.9833693920293074, -70.35986804578124, 0.0, 0.0, 0.0, 0.0, 0.0, 0.0
0.05099153518676758, 88.80480951728518, 2.9833693920293074, -70.35986804578124, 0.0, 0.0, 0.0, 0.0, 0.0, 0.0
0.0671229362487793, 88.80480951728518, 2.9833693920293074, -70.35986804578124, 0.0, 0.0, 0.0, 0.0, 0.0, 0.0
0.06723809242248535, 88.80480951728518, 2.9833693920293074, -70.35986804578124, 0.0, 0.0, 0.0, 0.0, 0.0, 0.0
0.08423733711242676, 88.80480951728518, 2.9833693920293074, -70.35986804578124, 0.0, 0.0, 0.0, 0.0, 0.0, 0.0
0.08435368537902832, 88.80480951728518, 2.9833693920293074, -70.35986804578124, 0.0, 0.0, 0.0, 0.0, 0.0, 0.0
0.10016894340515137, 88.80480951728518, 2.9833693920293074, -70.35986804578124, 0.0, 0.0, 0.0, 0.0, 0.0, 0.0
0.10028862953186035, 88.80480951728518, 2.9833693920293074, -70.35986804578124, 0.0, 0.0, 0.0, 0.0, 0.0, 0.0
0.11684846878051758, 88.80480951728518, 2.9833693920293074, -70.35986804578124, 0.0, 0.0, 0.0, 0.0, 0.0, 0.0
0.11698698997497559, 88.80480951728518, 2.9833693920293074, -70.35986804578124, 0.0, 0.0, 0.0, 0.0, 0.0, 0.0
0.1676795482635498, 88.80480951728518, 2.9833693920293074, -70.35986804578124, 0.0, 0.0, 0.0, 0.0, 0.0, 0.0
0.16795587539672852, 88.80480951728518, 2.9833693920293074, -70.35986804578124, 0.0, 0.0, 0.0, 0.0, 0.0, 0.0
0.18742632865905762, 88.80480951728518, 2.9833693920293074, -70.35986804578124, 0.0, 0.0, 0.0, 0.0, 0.0, 0.0
0.187577486038208, 88.80480951728518, 2.9833693920293074, -70.35986804578124, 0.0, 0.0, 0.0, 0.0, 0.0, 0.0
0.23386478424072266, 88.80480951728518, 2.9833693920293074, -70.35986804578124, 0.0, 0.0, 0.0, 0.0, 0.0, 0.0
0.23421263694763184, 88.80480951728518, 2.9833693920293074, -70.35986804578124, 0.0, 0.0, 0.0, 0.0, 0.0, 0.0
0.2546701431274414, 88.80480951728518, 2.9833693920293074, -70.35986804578124, 0.0, 0.0, 0.0, 0.0, 0.0, 0.0
0.2548184394836426, 88.80480951728518, 2.9833693920293074, -70.35986804578124, 0.0, 0.0, 0.0, 0.0, 0.0, 0.0
0.2833418846130371, 88.80480951728518, 2.9833693920293074, -70.35986804578124, 0.0, 0.0, 0.0, 0.0, 0.0, 0.0
0.2834649085998535, 88.80480951728518, 2.9833693920293074, -70.35986804578124, 0.0, 0.0, 0.0, 0.0, 0.0, 0.0
0.30021119117736816, 88.80480951728518, 2.9833693920293074, -70.35986804578124, 0.0, 0.0, 0.0, 0.0, 0.0, 0.0
0.3003237247467041, 88.80480951728518, 2.9833693920293074, -70.35986804578124, 0.0, 0.0, 0.0, 0.0, 0.0, 0.0
0.317033052444458, 88.80480951728518, 2.9833693920293074, -70.35986804578124, 0.0, 0.0, 0.0, 0.0, 0.0, 0.0
0.31714820861816406, 88.80480951728518, 2.9833693920293074, -70.35986804578124, 0.0, 0.0, 0.0, 0.0, 0.0, 0.0
0.33374857902526855, 88.80480951728518, 2.9833693920293074, -70.35986804578124, 0.0, 0.0, 0.0, 0.0, 0.0, 0.0
0.3338639736175537, 88.80480951728518, 2.9833693920293074, -70.35986804578124, 0.0, 0.0, 0.0, 0.0, 0.0, 0.0
0.36686062812805176, 88.80480951728518, 2.9833693920293074, -70.35986804578124, 0.0, 0.0, 0.0, 0.0, 0.0, 0.0
0.3669750690460205, 88.80480951728518, 2.9833693920293074, -70.35986804578124, 0.0, 0.0, 0.0, 0.0, 0.0, 0.0
0.3836643695831299, 88.80480951728518, 2.9833693920293074, -70.35986804578124, 0.0, 0.0, 0.0, 0.0, 0.0, 0.0
0.38378047943115234, 88.80480951728518, 2.9833693920293074, -70.35986804578124, 0.0, 0.0, 0.0, 0.0, 0.0, 0.0
0.399813175201416, 88.80480951728518, 2.9833693920293074, -70.35986804578124, 0.0, 0.0, 0.0, 0.0, 0.0, 0.0
0.39992809295654297, 88.80480951728518, 2.9833693920293074, -70.35986804578124, 0.0, 0.0, 0.0, 0.0, 0.0, 0.0
0.4168524742126465, 88.80480951728518, 2.9833693920293074, -70.35986804578124, 0.0, 0.0, 0.0, 0.0, 0.0, 0.0
0.41696810722351074, 88.80480951728518, 2.9833693920293074, -70.35986804578124, 0.0, 0.0, 0.0, 0.0, 0.0, 0.0
0.4337615966796875, 88.80480951728518, 2.9833693920293074, -70.35986804578124, 0.0, 0.0, 0.0, 0.0, 0.0, 0.0
0.43390440940856934, 88.80480951728518, 2.9833693920293074, -70.35986804578124, 0.0, 0.0, 0.0, 0.0, 0.0, 0.0
0.46334028244018555, 88.80480951728518, 2.9833693920293074, -70.35986804578124, 0.0, 0.0, 0.0, 0.0, 0.0, 0.0
0.46356654167175293, 88.80480951728518, 2.9833693920293074, -70.35986804578124, 0.0, 0.0, 0.0, 0.0, 0.0, 0.0
0.47885990142822266, 88.80480951728518, 2.9833693920293074, -70.35986804578124, 0.0, 0.0, 0.0, 0.0, 0.0, 0.0
0.4789917469024658, 88.80480951728518, 2.9833693920293074, -70.35986804578124, 0.0, 0.0, 0.0, 0.0, 0.0, 0.0
0.49236130714416504, 88.80480951728518, 2.9833693920293074, -70.35986804578124, 0.0, 0.0, 0.0, 0.0, 0.0, 0.0
0.4924740791320801, 88.80480951728518, 2.9833693920293074, -70.35986804578124, 0.0, 0.0, 0.0, 0.0, 0.0, 0.0
0.5165956020355225, 88.80480951728518, 2.9833693920293074, -70.35986804578124, 0.0, 0.0, 0.0, 0.0, 0.0, 0.0
0.5167074203491211, 88.80480951728518, 2.9833693920293074, -70.35986804578124, 0.0, 0.0, 0.0, 0.0, 0.0, 0.0
0.5336496829986572, 88.80480951728518, 2.9833693920293074, -70.35986804578124, 0.0, 0.0, 0.0, 0.0, 0.0, 0.0
0.5337629318237305, 88.80480951728518, 2.9833693920293074, -70.35986804578124, 0.0, 0.0, 0.0, 0.0, 0.0, 0.0
0.5668036937713623, 88.80480951728518, 2.9833693920293074, -70.35986804578124, 0.0, 0.0, 0.0, 0.0, 0.0, 0.0
0.5669186115264893, 88.80480951728518, 2.9833693920293074, -70.35986804578124, 0.0, 0.0, 0.0, 0.0, 0.0, 0.0
0.5834798812866211, 88.80480951728518, 2.9833693920293074, -70.35986804578124, 0.0, 0.0, 0.0, 0.0, 0.0, 0.0
0.5835936069488525, 88.80480951728518, 2.9833693920293074, -70.35986804578124, 0.0, 0.0, 0.0, 0.0, 0.0, 0.0
0.6001250743865967, 88.80480951728518, 2.9833693920293074, -70.35986804578124, 0.0, 0.0, 0.0, 0.0, 0.0, 0.0
0.6002511978149414, 88.80480951728518, 2.9833693920293074, -70.35986804578124, 0.0, 0.0, 0.0, 0.0, 0.0, 0.0
0.6168484687805176, 88.80480951728518, 2.9833693920293074, -70.35986804578124, 0.0, 0.0, 0.0, 0.0, 0.0, 0.0
0.6169643402099609, 88.80480951728518, 2.9833693920293074, -70.35986804578124, 0.0, 0.0, 0.0, 0.0, 0.0, 0.0
0.6337647438049316, 88.80480951728518, 2.9833693920293074, -70.35986804578124, 0.0, 0.0, 0.0, 0.0, 0.0, 0.0
0.6338796615600586, 88.80480951728518, 2.9833693920293074, -70.35986804578124, 0.0, 0.0, 0.0, 0.0, 0.0, 0.0
0.6667482852935791, 88.80480951728518, 2.9833693920293074, -70.35986804578124, 0.0, 0.0, 0.0, 0.0, 0.0, 0.0
0.6668615341186523, 88.80480951728518, 2.9833693920293074, -70.35986804578124, 0.0, 0.0, 0.0, 0.0, 0.0, 0.0
0.6831343173980713, 88.80480951728518, 2.9833693920293074, -70.35986804578124, 0.0, 0.0, 0.0, 0.0, 0.0, 0.0
0.6832427978515625, 88.80480951728518, 2.9833693920293074, -70.35986804578124, 0.0, 0.0, 0.0, 0.0, 0.0, 0.0
0.7002546787261963, 88.80480951728518, 2.9833693920293074, -70.35986804578124, 0.0, 0.0, 0.0, 0.0, 0.0, 0.0
0.7003681659698486, 88.80480951728518, 2.9833693920293074, -70.35986804578124, 0.0, 0.0, 0.0, 0.0, 0.0, 0.0
0.7169098854064941, 88.80480951728518, 2.9833693920293074, -70.35986804578124, 0.0, 0.0, 0.0, 0.0, 0.0, 0.0
0.7170541286468506, 88.80480951728518, 2.9833693920293074, -70.35986804578124, 0.0, 0.0, 0.0, 0.0, 0.0, 0.0
0.7337918281555176, 88.80480951728518, 2.9833693920293074, -70.35986804578124, 0.0, 0.0, 0.0, 0.0, 0.0, 0.0
0.7339072227478027, 88.80480951728518, 2.9833693920293074, -70.35986804578124, 0.0, 0.0, 0.0, 0.0, 0.0, 0.0
0.7667491436004639, 88.80480951728518, 2.9833693920293074, -70.35986804578124, 0.0, 0.0, 0.0, 0.0, 0.0, 0.0
0.7668635845184326, 88.80480951728518, 2.9833693920293074, -70.35986804578124, 0.0, 0.0, 0.0, 0.0, 0.0, 0.0
0.8007609844207764, 88.80480951728518, 2.9833693920293074, -70.35986804578124, 0.0, 0.0, 0.0, 0.0, 0.0, 0.0
0.8008954524993896, 88.80480951728518, 2.9833693920293074, -70.35986804578124, 0.0, 0.0, 0.0, 0.0, 0.0, 0.0
0.8345787525177002, 88.80480951728518, 2.9833693920293074, -70.35986804578124, 0.0, 0.0, 0.0, 0.0, 0.0, 0.0
0.8347127437591553, 88.80480951728518, 2.9833693920293074, -70.35986804578124, 0.0, 0.0, 0.0, 0.0, 0.0, 0.0
0.8510291576385498, 88.80480951728518, 2.9833693920293074, -70.35986804578124, 0.0, 0.0, 0.0, 0.0, 0.0, 0.0
0.8511629104614258, 88.80480951728518, 2.9833693920293074, -70.35986804578124, 0.0, 0.0, 0.0, 0.0, 0.0, 0.0
0.8665533065795898, 88.80480951728518, 2.9833693920293074, -70.35986804578124, 0.0, 0.0, 0.0, 0.0, 0.0, 0.0
0.8666672706604004, 88.80480951728518, 2.9833693920293074, -70.35986804578124, 0.0, 0.0, 0.0, 0.0, 0.0, 0.0
0.8832480907440186, 88.80480951728518, 2.9833693920293074, -70.35986804578124, 0.0, 0.0, 0.0, 0.0, 0.0, 0.0
0.8833582401275635, 88.80480951728518, 2.9833693920293074, -70.35986804578124, 0.0, 0.0, 0.0, 0.0, 0.0, 0.0
0.9335367679595947, 88.80480951728518, 2.9833693920293074, -70.35986804578124, 0.0, 0.0, 0.0, 0.0, 0.0, 0.0
0.9336531162261963, 88.80480951728518, 2.9833693920293074, -70.35986804578124, 0.0, 0.0, 0.0, 0.0, 0.0, 0.0
0.9542741775512695, 88.80480951728518, 2.9833693920293074, -70.35986804578124, 0.0, 0.0, 0.0, 0.0, 0.0, 0.0
0.9543881416320801, 88.80480951728518, 2.9833693920293074, -70.35986804578124, 0.0, 0.0, 0.0, 0.0, 0.0, 0.0
0.9836471080780029, 88.80480951728518, 2.9833693920293074, -70.35986804578124, 0.0, 0.0, 0.0, 0.0, 0.0, 0.0
0.9837627410888672, 88.80480951728518, 2.9833693920293074, -70.35986804578124, 0.0, 0.0, 0.0, 0.0, 0.0, 0.0
1.0002281665802002, 88.80480951728518, 2.9833693920293074, -70.35986804578124, 0.0, 0.0, 0.0, 0.0, 0.0, 0.0
1.0003488063812256, 88.80480951728518, 2.9833693920293074, -70.35986804578124, 0.0, 0.0, 0.0, 0.0, 0.0, 0.0
1.0166828632354736, 88.80480951728518, 2.9833693920293074, -70.35986804578124, 0.0, 0.0, 0.0, 0.0, 0.0, 0.0
1.0168015956878662, 88.80480951728518, 2.9833693920293074, -70.35986804578124, 0.0, 0.0, 0.0, 0.0, 0.0, 0.0
1.0499131679534912, 88.80480951728518, 2.9833693920293074, -70.35986804578124, 0.0, 0.0, 0.0, 0.0, 0.0, 0.0
1.0500259399414062, 88.80480951728518, 2.9833693920293074, -70.35986804578124, 0.0, 0.0, 0.0, 0.0, 0.0, 0.0
1.0668084621429443, 88.80480951728518, 2.9833693920293074, -70.35986804578124, 0.0, 0.0, 0.0, 0.0, 0.0, 0.0
1.0669267177581787, 88.80480951728518, 2.9833693920293074, -70.35986804578124, 0.0, 0.0, 0.0, 0.0, 0.0, 0.0
1.0833184719085693, 88.80480951728518, 2.9833693920293074, -70.35986804578124, 0.0, 0.0, 0.0, 0.0, 0.0, 0.0
1.0834364891052246, 88.80480951728518, 2.9833693920293074, -70.35986804578124, 0.0, 0.0, 0.0, 0.0, 0.0, 0.0
1.0998833179473877, 88.80480951728518, 2.9833693920293074, -70.35986804578124, 0.0, 0.0, 0.0, 0.0, 0.0, 0.0
1.0999956130981445, 88.80480951728518, 2.9833693920293074, -70.35986804578124, 0.0, 0.0, 0.0, 0.0, 0.0, 0.0
1.116966724395752, 88.80480951728518, 2.9833693920293074, -70.35986804578124, 0.0, 0.0, 0.0, 0.0, 0.0, 0.0
1.1170825958251953, 88.80480951728518, 2.9833693920293074, -70.35986804578124, 0.0, 0.0, 0.0, 0.0, 0.0, 0.0
1.1337289810180664, 88.80480951728518, 2.9833693920293074, -70.35986804578124, 0.0, 0.0, 0.0, 0.0, 0.0, 0.0
1.1338467597961426, 88.80480951728518, 2.9833693920293074, -70.35986804578124, 0.0, 0.0, 0.0, 0.0, 0.0, 0.0
1.1667098999023438, 88.80480951728518, 2.9833693920293074, -70.35986804578124, 0.0, 0.0, 0.0, 0.0, 0.0, 0.0
1.1668260097503662, 88.80480951728518, 2.9833693920293074, -70.35986804578124, 0.0, 0.0, 0.0, 0.0, 0.0, 0.0
1.183774709701538, 88.80480951728518, 2.9833693920293074, -70.35986804578124, 0.0, 0.0, 0.0, 0.0, 0.0, 0.0
1.1838922500610352, 88.80480951728518, 2.9833693920293074, -70.35986804578124, 0.0, 0.0, 0.0, 0.0, 0.0, 0.0
1.2002177238464355, 88.80480951728518, 2.9833693920293074, -70.35986804578124, 0.0, 0.0, 0.0, 0.0, 0.0, 0.0
1.2003350257873535, 88.80480951728518, 2.9833693920293074, -70.35986804578124, 0.0, 0.0, 0.0, 0.0, 0.0, 0.0
1.2169489860534668, 88.80480951728518, 2.9833693920293074, -70.35986804578124, 0.0, 0.0, 0.0, 0.0, 0.0, 0.0
1.2170660495758057, 88.80480951728518, 2.9833693920293074, -70.35986804578124, 0.0, 0.0, 0.0, 0.0, 0.0, 0.0
1.2338156700134277, 88.80480951728518, 2.9833693920293074, -70.35986804578124, 0.0, 0.0, 0.0, 0.0, 0.0, 0.0
1.2339329719543457, 88.80480951728518, 2.9833693920293074, -70.35986804578124, 0.0, 0.0, 0.0, 0.0, 0.0, 0.0
1.2540740966796875, 88.80480951728518, 2.9833693920293074, -70.35986804578124, 0.0, 0.0, 0.0, 0.0, 0.0, 0.0
1.2541847229003906, 88.80480951728518, 2.9833693920293074, -70.35986804578124, 0.0, 0.0, 0.0, 0.0, 0.0, 0.0
1.2832884788513184, 88.80480951728518, 2.9833693920293074, -70.35986804578124, 0.0, 0.0, 0.0, 0.0, 0.0, 0.0
1.2834076881408691, 88.80480951728518, 2.9833693920293074, -70.35986804578124, 0.0, 0.0, 0.0, 0.0, 0.0, 0.0
1.3001701831817627, 88.80480951728518, 2.9833693920293074, -70.35986804578124, 0.0, 0.0, 0.0, 0.0, 0.0, 0.0
1.3002865314483643, 88.80480951728518, 2.9833693920293074, -70.35986804578124, 0.0, 0.0, 0.0, 0.0, 0.0, 0.0
1.3167808055877686, 88.80480951728518, 2.9833693920293074, -70.35986804578124, 0.0, 0.0, 0.0, 0.0, 0.0, 0.0
1.3168940544128418, 88.80480951728518, 2.9833693920293074, -70.35986804578124, 0.0, 0.0, 0.0, 0.0, 0.0, 0.0
1.3336844444274902, 88.80480951728518, 2.9833693920293074, -70.35986804578124, 0.0, 0.0, 0.0, 0.0, 0.0, 0.0
1.333799123764038, 88.80480951728518, 2.9833693920293074, -70.35986804578124, 0.0, 0.0, 0.0, 0.0, 0.0, 0.0
1.3540678024291992, 88.80480951728518, 2.9833693920293074, -70.35986804578124, 0.0, 0.0, 0.0, 0.0, 0.0, 0.0
1.3541755676269531, 88.80480951728518, 2.9833693920293074, -70.35986804578124, 0.0, 0.0, 0.0, 0.0, 0.0, 0.0
1.3835580348968506, 88.80480951728518, 2.9833693920293074, -70.35986804578124, 0.0, 0.0, 0.0, 0.0, 0.0, 0.0
1.3836710453033447, 88.80480951728518, 2.9833693920293074, -70.35986804578124, 0.0, 0.0, 0.0, 0.0, 0.0, 0.0
1.3997058868408203, 88.80480951728518, 2.9833693920293074, -70.35986804578124, 0.0, 0.0, 0.0, 0.0, 0.0, 0.0
1.399817705154419, 88.80480951728518, 2.9833693920293074, -70.35986804578124, 0.0, 0.0, 0.0, 0.0, 0.0, 0.0
1.4168334007263184, 88.80480951728518, 2.9833693920293074, -70.35986804578124, 0.0, 0.0, 0.0, 0.0, 0.0, 0.0
1.4169492721557617, 88.80480951728518, 2.9833693920293074, -70.35986804578124, 0.0, 0.0, 0.0, 0.0, 0.0, 0.0
1.4337451457977295, 88.80480951728518, 2.9833693920293074, -70.35986804578124, 0.0, 0.0, 0.0, 0.0, 0.0, 0.0
1.4338598251342773, 88.80480951728518, 2.9833693920293074, -70.35986804578124, 0.0, 0.0, 0.0, 0.0, 0.0, 0.0
1.466752052307129, 88.80480951728518, 2.9833693920293074, -70.35986804578124, 0.0, 0.0, 0.0, 0.0, 0.0, 0.0
1.466865062713623, 88.80480951728518, 2.9833693920293074, -70.35986804578124, 0.0, 0.0, 0.0, 0.0, 0.0, 0.0
1.4836432933807373, 88.80480951728518, 2.9833693920293074, -70.35986804578124, 0.0, 0.0, 0.0, 0.0, 0.0, 0.0
1.4837579727172852, 88.80480951728518, 2.9833693920293074, -70.35986804578124, 0.0, 0.0, 0.0, 0.0, 0.0, 0.0
1.5001146793365479, 88.80480951728518, 2.9833693920293074, -70.35986804578124, 0.0, 0.0, 0.0, 0.0, 0.0, 0.0
1.5002305507659912, 88.80480951728518, 2.9833693920293074, -70.35986804578124, 0.0, 0.0, 0.0, 0.0, 0.0, 0.0
1.5169200897216797, 88.80480951728518, 2.9833693920293074, -70.35986804578124, 0.0, 0.0, 0.0, 0.0, 0.0, 0.0
1.5170342922210693, 88.80480951728518, 2.9833693920293074, -70.35986804578124, 0.0, 0.0, 0.0, 0.0, 0.0, 0.0
1.5500216484069824, 88.80480951728518, 2.9833693920293074, -70.35986804578124, 0.0, 0.0, 0.0, 0.0, 0.0, 0.0
1.550145149230957, 88.80480951728518, 2.9833693920293074, -70.35986804578124, 0.0, 0.0, 0.0, 0.0, 0.0, 0.0
1.5673635005950928, 88.80480951728518, 2.9833693920293074, -70.35986804578124, 0.0, 0.0, 0.0, 0.0, 0.0, 0.0
1.5674874782562256, 88.80480951728518, 2.9833693920293074, -70.35986804578124, 0.0, 0.0, 0.0, 0.0, 0.0, 0.0
1.584172010421753, 88.80480951728518, 2.9833693920293074, -70.35986804578124, 0.0, 0.0, 0.0, 0.0, 0.0, 0.0
1.5842933654785156, 88.80480951728518, 2.9833693920293074, -70.35986804578124, 0.0, 0.0, 0.0, 0.0, 0.0, 0.0
1.5999860763549805, 88.80480951728518, 2.9833693920293074, -70.35986804578124, 0.0, 0.0, 0.0, 0.0, 0.0, 0.0
1.6001012325286865, 88.80480951728518, 2.9833693920293074, -70.35986804578124, 0.0, 0.0, 0.0, 0.0, 0.0, 0.0
1.616995096206665, 88.80480951728518, 2.9833693920293074, -70.35986804578124, 0.0, 0.0, 0.0, 0.0, 0.0, 0.0
1.6171085834503174, 88.80480951728518, 2.9833693920293074, -70.35986804578124, 0.0, 0.0, 0.0, 0.0, 0.0, 0.0
1.634289264678955, 88.80480951728518, 2.9833693920293074, -70.35986804578124, 0.0, 0.0, 0.0, 0.0, 0.0, 0.0
1.6344268321990967, 88.80480951728518, 2.9833693920293074, -70.35986804578124, 0.0, 0.0, 0.0, 0.0, 0.0, 0.0
1.6667344570159912, 88.80480951728518, 2.9833693920293074, -70.35986804578124, 0.0, 0.0, 0.0, 0.0, 0.0, 0.0
1.6668500900268555, 88.80480951728518, 2.9833693920293074, -70.35986804578124, 0.0, 0.0, 0.0, 0.0, 0.0, 0.0
1.68367600440979, 88.80480951728518, 2.9833693920293074, -70.35986804578124, 0.0, 0.0, 0.0, 0.0, 0.0, 0.0
1.6837894916534424, 88.80480951728518, 2.9833693920293074, -70.35986804578124, 0.0, 0.0, 0.0, 0.0, 0.0, 0.0
1.7000582218170166, 88.80480951728518, 2.9833693920293074, -70.35986804578124, 0.0, 0.0, 0.0, 0.0, 0.0, 0.0
1.7001705169677734, 88.80480951728518, 2.9833693920293074, -70.35986804578124, 0.0, 0.0, 0.0, 0.0, 0.0, 0.0
1.7188820838928223, 88.80480951728518, 2.9833693920293074, -70.35986804578124, 0.0, 0.0, 0.0, 0.0, 0.0, 0.0
1.7189903259277344, 88.80480951728518, 2.9833693920293074, -70.35986804578124, 0.0, 0.0, 0.0, 0.0, 0.0, 0.0
1.741046667098999, 88.80480951728518, 2.9833693920293074, -70.35986804578124, 0.0, 0.0, 0.0, 0.0, 0.0, 0.0
1.7411515712738037, 88.80480951728518, 2.9833693920293074, -70.35986804578124, 0.0, 0.0, 0.0, 0.0, 0.0, 0.0
1.7549903392791748, 88.80480951728518, 2.9833693920293074, -70.35986804578124, 0.0, 0.0, 0.0, 0.0, 0.0, 0.0
1.7551100254058838, 88.80480951728518, 2.9833693920293074, -70.35986804578124, 0.0, 0.0, 0.0, 0.0, 0.0, 0.0
1.7917661666870117, 88.80480951728518, 2.9833693920293074, -70.35986804578124, 0.0, 0.0, 0.0, 0.0, 0.0, 0.0
1.7920427322387695, 88.80480951728518, 2.9833693920293074, -70.35986804578124, 0.0, 0.0, 0.0, 0.0, 0.0, 0.0
1.8170528411865234, 88.80480951728518, 2.9833693920293074, -70.35986804578124, 0.0, 0.0, 0.0, 0.0, 0.0, 0.0
1.81723952293396, 88.80480951728518, 2.9833693920293074, -70.35986804578124, 0.0, 0.0, 0.0, 0.0, 0.0, 0.0
1.8307693004608154, 88.80480951728518, 2.9833693920293074, -70.35986804578124, 0.0, 0.0, 0.0, 0.0, 0.0, 0.0
1.8308961391448975, 88.80480951728518, 2.9833693920293074, -70.35986804578124, 0.0, 0.0, 0.0, 0.0, 0.0, 0.0
1.8442449569702148, 88.80480951728518, 2.9833693920293074, -70.35986804578124, 0.0, 0.0, 0.0, 0.0, 0.0, 0.0
1.8443524837493896, 88.80480951728518, 2.9833693920293074, -70.35986804578124, 0.0, 0.0, 0.0, 0.0, 0.0, 0.0
1.85551118850708, 88.80480951728518, 2.9833693920293074, -70.35986804578124, 0.0, 0.0, 0.0, 0.0, 0.0, 0.0
1.8556249141693115, 88.80480951728518, 2.9833693920293074, -70.35986804578124, 0.0, 0.0, 0.0, 0.0, 0.0, 0.0
1.873652696609497, 88.80480951728518, 2.9833693920293074, -70.35986804578124, 0.0, 0.0, 0.0, 0.0, 0.0, 0.0
1.8737611770629883, 88.80480951728518, 2.9833693920293074, -70.35986804578124, 0.0, 0.0, 0.0, 0.0, 0.0, 0.0
1.9003725051879883, 88.80480951728518, 2.9833693920293074, -70.35986804578124, 0.0, 0.0, 0.0, 0.0, 0.0, 0.0
1.9004933834075928, 88.80480951728518, 2.9833693920293074, -70.35986804578124, 0.0, 0.0, 0.0, 0.0, 0.0, 0.0
1.9172492027282715, 88.80480951728518, 2.9833693920293074, -70.35986804578124, 0.0, 0.0, 0.0, 0.0, 0.0, 0.0
1.9173667430877686, 88.80480951728518, 2.9833693920293074, -70.35986804578124, 0.0, 0.0, 0.0, 0.0, 0.0, 0.0
1.9334475994110107, 88.80480951728518, 2.9833693920293074, -70.35986804578124, 0.0, 0.0, 0.0, 0.0, 0.0, 0.0
1.9335694313049316, 88.80480951728518, 2.9833693920293074, -70.35986804578124, 0.0, 0.0, 0.0, 0.0, 0.0, 0.0
1.988541841506958, 88.80480951728518, 2.9833693920293074, -70.35986804578124, 0.0, 0.0, 0.0, 0.0, 0.0, 0.0
1.9888014793395996, 88.80480951728518, 2.9833693920293074, -70.35986804578124, 0.0, 0.0, 0.0, 0.0, 0.0, 0.0
2.0073399543762207, 88.80480951728518, 2.9833693920293074, -70.35986804578124, 0.0, 0.0, 0.0, 0.0, 0.0, 0.0
2.0074775218963623, 88.80480951728518, 2.9833693920293074, -70.35986804578124, 0.0, 0.0, 0.0, 0.0, 0.0, 0.0
2.0227997303009033, 88.80480951728518, 2.9833693920293074, -70.35986804578124, 0.0, 0.0, 0.0, 0.0, 0.0, 0.0
2.0229294300079346, 88.80480951728518, 2.9833693920293074, -70.35986804578124, 0.0, 0.0, 0.0, 0.0, 0.0, 0.0
2.0368335247039795, 88.80480951728518, 2.9833693920293074, -70.35986804578124, 0.0, 0.0, 0.0, 0.0, 0.0, 0.0
2.0369491577148438, 88.80480951728518, 2.9833693920293074, -70.35986804578124, 0.0, 0.0, 0.0, 0.0, 0.0, 0.0
2.054685354232788, 88.80480951728518, 2.9833693920293074, -70.35986804578124, 0.0, 0.0, 0.0, 0.0, 0.0, 0.0
2.054795742034912, 88.80480951728518, 2.9833693920293074, -70.35986804578124, 0.0, 0.0, 0.0, 0.0, 0.0, 0.0
2.083303213119507, 88.80480951728518, 2.9833693920293074, -70.35986804578124, 0.0, 0.0, 0.0, 0.0, 0.0, 0.0
2.083423376083374, 88.80480951728518, 2.9833693920293074, -70.35986804578124, 0.0, 0.0, 0.0, 0.0, 0.0, 0.0
2.100036144256592, 88.80480951728518, 2.9833693920293074, -70.35986804578124, 0.0, 0.0, 0.0, 0.0, 0.0, 0.0
2.100149393081665, 88.80480951728518, 2.9833693920293074, -70.35986804578124, 0.0, 0.0, 0.0, 0.0, 0.0, 0.0
2.116948127746582, 88.80480951728518, 2.9833693920293074, -70.35986804578124, 0.0, 0.0, 0.0, 0.0, 0.0, 0.0
2.1170613765716553, 88.80480951728518, 2.9833693920293074, -70.35986804578124, 0.0, 0.0, 0.0, 0.0, 0.0, 0.0
2.1502201557159424, 88.80480951728518, 2.9833693920293074, -70.35986804578124, 0.0, 0.0, 0.0, 0.0, 0.0, 0.0
2.150336503982544, 88.80480951728518, 2.9833693920293074, -70.35986804578124, 0.0, 0.0, 0.0, 0.0, 0.0, 0.0
2.1668918132781982, 88.80480951728518, 2.9833693920293074, -70.35986804578124, 0.0, 0.0, 0.0, 0.0, 0.0, 0.0
2.1670100688934326, 88.80480951728518, 2.9833693920293074, -70.35986804578124, 0.0, 0.0, 0.0, 0.0, 0.0, 0.0
2.1838910579681396, 88.80480951728518, 2.9833693920293074, -70.35986804578124, 0.0, 0.0, 0.0, 0.0, 0.0, 0.0
2.1840057373046875, 88.80480951728518, 2.9833693920293074, -70.35986804578124, 0.0, 0.0, 0.0, 0.0, 0.0, 0.0
2.200103759765625, 88.80480951728518, 2.9833693920293074, -70.35986804578124, 0.0, 0.0, 0.0, 0.0, 0.0, 0.0
2.20021915435791, 88.80480951728518, 2.9833693920293074, -70.35986804578124, 0.0, 0.0, 0.0, 0.0, 0.0, 0.0
2.2167892456054688, 88.80480951728518, 2.9833693920293074, -70.35986804578124, 0.0, 0.0, 0.0, 0.0, 0.0, 0.0
2.216904878616333, 88.80480951728518, 2.9833693920293074, -70.35986804578124, 0.0, 0.0, 0.0, 0.0, 0.0, 0.0
2.2500057220458984, 88.80480951728518, 2.9833693920293074, -70.35986804578124, 0.0, 0.0, 0.0, 0.0, 0.0, 0.0
2.2501182556152344, 88.80480951728518, 2.9833693920293074, -70.35986804578124, 0.0, 0.0, 0.0, 0.0, 0.0, 0.0
2.2667629718780518, 88.80480951728518, 2.9833693920293074, -70.35986804578124, 0.0, 0.0, 0.0, 0.0, 0.0, 0.0
2.2668817043304443, 88.80480951728518, 2.9833693920293074, -70.35986804578124, 0.0, 0.0, 0.0, 0.0, 0.0, 0.0
2.28351092338562, 88.80480951728518, 2.9833693920293074, -70.35986804578124, 0.0, 0.0, 0.0, 0.0, 0.0, 0.0
2.2836272716522217, 88.80480951728518, 2.9833693920293074, -70.35986804578124, 0.0, 0.0, 0.0, 0.0, 0.0, 0.0
2.2998852729797363, 88.80480951728518, 2.9833693920293074, -70.35986804578124, 0.0, 0.0, 0.0, 0.0, 0.0, 0.0
2.299997329711914, 88.80480951728518, 2.9833693920293074, -70.35986804578124, 0.0, 0.0, 0.0, 0.0, 0.0, 0.0
2.317409038543701, 88.80480951728518, 2.9833693920293074, -70.35986804578124, 0.0, 0.0, 0.0, 0.0, 0.0, 0.0
2.3175365924835205, 88.80480951728518, 2.9833693920293074, -70.35986804578124, 0.0, 0.0, 0.0, 0.0, 0.0, 0.0
2.335310935974121, 88.80480951728518, 2.9833693920293074, -70.35986804578124, 0.0, 0.0, 0.0, 0.0, 0.0, 0.0
2.3354361057281494, 88.80480951728518, 2.9833693920293074, -70.35986804578124, 0.0, 0.0, 0.0, 0.0, 0.0, 0.0
2.3553225994110107, 88.80480951728518, 2.9833693920293074, -70.35986804578124, 0.0, 0.0, 0.0, 0.0, 0.0, 0.0
2.355435848236084, 88.80480951728518, 2.9833693920293074, -70.35986804578124, 0.0, 0.0, 0.0, 0.0, 0.0, 0.0
2.3855385780334473, 88.80480951728518, 2.9833693920293074, -70.35986804578124, 0.0, 0.0, 0.0, 0.0, 0.0, 0.0
2.3856499195098877, 88.80480951728518, 2.9833693920293074, -70.35986804578124, 0.0, 0.0, 0.0, 0.0, 0.0, 0.0
2.400393486022949, 88.80480951728518, 2.9833693920293074, -70.35986804578124, 0.0, 0.0, 0.0, 0.0, 0.0, 0.0
2.400505304336548, 88.80480951728518, 2.9833693920293074, -70.35986804578124, 0.0, 0.0, 0.0, 0.0, 0.0, 0.0
2.4169528484344482, 88.80480951728518, 2.9833693920293074, -70.35986804578124, 0.0, 0.0, 0.0, 0.0, 0.0, 0.0
2.4170644283294678, 88.80480951728518, 2.9833693920293074, -70.35986804578124, 0.0, 0.0, 0.0, 0.0, 0.0, 0.0
2.4360058307647705, 88.80480951728518, 2.9833693920293074, -70.35986804578124, 0.0, 0.0, 0.0, 0.0, 0.0, 0.0
2.436121940612793, 88.80480951728518, 2.9833693920293074, -70.35986804578124, 0.0, 0.0, 0.0, 0.0, 0.0, 0.0
2.455017566680908, 88.80480951728518, 2.9833693920293074, -70.35986804578124, 0.0, 0.0, 0.0, 0.0, 0.0, 0.0
2.4551258087158203, 88.80480951728518, 2.9833693920293074, -70.35986804578124, 0.0, 0.0, 0.0, 0.0, 0.0, 0.0
2.4838178157806396, 88.80480951728518, 2.9833693920293074, -70.35986804578124, 0.0, 0.0, 0.0, 0.0, 0.0, 0.0
2.4839348793029785, 88.80480951728518, 2.9833693920293074, -70.35986804578124, 0.0, 0.0, 0.0, 0.0, 0.0, 0.0
2.500671863555908, 88.80480951728518, 2.9833693920293074, -70.35986804578124, 0.0, 0.0, 0.0, 0.0, 0.0, 0.0
2.5007803440093994, 88.80480951728518, 2.9833693920293074, -70.35986804578124, 0.0, 0.0, 0.0, 0.0, 0.0, 0.0
2.517207622528076, 88.80480951728518, 2.9833693920293074, -70.35986804578124, 0.0, 0.0, 0.0, 0.0, 0.0, 0.0
2.5173139572143555, 88.80480951728518, 2.9833693920293074, -70.35986804578124, 0.0, 0.0, 0.0, 0.0, 0.0, 0.0
2.549968957901001, 88.80480951728518, 2.9833693920293074, -70.35986804578124, 0.0, 0.0, 0.0, 0.0, 0.0, 0.0
2.550076723098755, 88.80480951728518, 2.9833693920293074, -70.35986804578124, 0.0, 0.0, 0.0, 0.0, 0.0, 0.0
2.567223310470581, 88.80480951728518, 2.9833693920293074, -70.35986804578124, 0.0, 0.0, 0.0, 0.0, 0.0, 0.0
2.5673329830169678, 88.80480951728518, 2.9833693920293074, -70.35986804578124, 0.0, 0.0, 0.0, 0.0, 0.0, 0.0
2.5841352939605713, 88.80480951728518, 2.9833693920293074, -70.35986804578124, 0.0, 0.0, 0.0, 0.0, 0.0, 0.0
2.584291934967041, 88.80480951728518, 2.9833693920293074, -70.35986804578124, 0.0, 0.0, 0.0, 0.0, 0.0, 0.0
2.600597858428955, 88.80480951728518, 2.9833693920293074, -70.35986804578124, 0.0, 0.0, 0.0, 0.0, 0.0, 0.0
2.6007068157196045, 88.80480951728518, 2.9833693920293074, -70.35986804578124, 0.0, 0.0, 0.0, 0.0, 0.0, 0.0
2.617661714553833, 88.80480951728518, 2.9833693920293074, -70.35986804578124, 0.0, 0.0, 0.0, 0.0, 0.0, 0.0
2.617769718170166, 88.80480951728518, 2.9833693920293074, -70.35986804578124, 0.0, 0.0, 0.0, 0.0, 0.0, 0.0
2.650296211242676, 88.80480951728518, 2.9833693920293074, -70.35986804578124, 0.0, 0.0, 0.0, 0.0, 0.0, 0.0
2.650409460067749, 88.80480951728518, 2.9833693920293074, -70.35986804578124, 0.0, 0.0, 0.0, 0.0, 0.0, 0.0
2.6673882007598877, 88.80480951728518, 2.9833693920293074, -70.35986804578124, 0.0, 0.0, 0.0, 0.0, 0.0, 0.0
2.667541027069092, 88.80480951728518, 2.9833693920293074, -70.35986804578124, 0.0, 0.0, 0.0, 0.0, 0.0, 0.0
2.683685541152954, 88.80480951728518, 2.9833693920293074, -70.35986804578124, 0.0, 0.0, 0.0, 0.0, 0.0, 0.0
2.683825731277466, 88.80480951728518, 2.9833693920293074, -70.35986804578124, 0.0, 0.0, 0.0, 0.0, 0.0, 0.0
2.700263500213623, 88.80480951728518, 2.9833693920293074, -70.35986804578124, 0.0, 0.0, 0.0, 0.0, 0.0, 0.0
2.700371742248535, 88.80480951728518, 2.9833693920293074, -70.35986804578124, 0.0, 0.0, 0.0, 0.0, 0.0, 0.0
2.7168829441070557, 88.80480951728518, 2.9833693920293074, -70.35986804578124, 0.0, 0.0, 0.0, 0.0, 0.0, 0.0
2.716994285583496, 88.80480951728518, 2.9833693920293074, -70.35986804578124, 0.0, 0.0, 0.0, 0.0, 0.0, 0.0
2.735077381134033, 88.80480951728518, 2.9833693920293074, -70.35986804578124, 0.0, 0.0, 0.0, 0.0, 0.0, 0.0
2.7351865768432617, 88.80480951728518, 2.9833693920293074, -70.35986804578124, 0.0, 0.0, 0.0, 0.0, 0.0, 0.0
2.7667109966278076, 88.80480951728518, 2.9833693920293074, -70.35986804578124, 0.0, 0.0, 0.0, 0.0, 0.0, 0.0
2.7668213844299316, 88.80480951728518, 2.9833693920293074, -70.35986804578124, 0.0, 0.0, 0.0, 0.0, 0.0, 0.0
2.7833032608032227, 88.80480951728518, 2.9833693920293074, -70.35986804578124, 0.0, 0.0, 0.0, 0.0, 0.0, 0.0
2.7834229469299316, 88.80480951728518, 2.9833693920293074, -70.35986804578124, 0.0, 0.0, 0.0, 0.0, 0.0, 0.0
2.800105571746826, 88.80480951728518, 2.9833693920293074, -70.35986804578124, 0.0, 0.0, 0.0, 0.0, 0.0, 0.0
2.800217390060425, 88.80480951728518, 2.9833693920293074, -70.35986804578124, 0.0, 0.0, 0.0, 0.0, 0.0, 0.0
2.8168818950653076, 88.80480951728518, 2.9833693920293074, -70.35986804578124, 0.0, 0.0, 0.0, 0.0, 0.0, 0.0
2.8169941902160645, 88.80480951728518, 2.9833693920293074, -70.35986804578124, 0.0, 0.0, 0.0, 0.0, 0.0, 0.0
2.8502840995788574, 88.80480951728518, 2.9833693920293074, -70.35986804578124, 0.0, 0.0, 0.0, 0.0, 0.0, 0.0
2.850400924682617, 88.80480951728518, 2.9833693920293074, -70.35986804578124, 0.0, 0.0, 0.0, 0.0, 0.0, 0.0
2.867006778717041, 88.80480951728518, 2.9833693920293074, -70.35986804578124, 0.0, 0.0, 0.0, 0.0, 0.0, 0.0
2.8671202659606934, 88.80480951728518, 2.9833693920293074, -70.35986804578124, 0.0, 0.0, 0.0, 0.0, 0.0, 0.0
2.900743007659912, 88.80480951728518, 2.9833693920293074, -70.35986804578124, 0.0, 0.0, 0.0, 0.0, 0.0, 0.0
2.9008755683898926, 88.80480951728518, 2.9833693920293074, -70.35986804578124, 0.0, 0.0, 0.0, 0.0, 0.0, 0.0
2.9532058238983154, 88.80480951728518, 2.9833693920293074, -70.35986804578124, 0.0, 0.0, 0.0, 0.0, 0.0, 0.0
2.9535841941833496, 88.80480951728518, 2.9833693920293074, -70.35986804578124, 0.0, 0.0, 0.0, 0.0, 0.0, 0.0
2.975177049636841, 88.80480951728518, 2.9833693920293074, -70.35986804578124, 0.0, 0.0, 0.0, 0.0, 0.0, 0.0
2.9753291606903076, 88.80480951728518, 2.9833693920293074, -70.35986804578124, 0.0, 0.0, 0.0, 0.0, 0.0, 0.0
3.000159502029419, 88.80480951728518, 2.9833693920293074, -70.35986804578124, 0.0, 0.0, 0.0, 0.0, 0.0, 0.0
3.0002689361572266, 88.80480951728518, 2.9833693920293074, -70.35986804578124, 0.0, 0.0, 0.0, 0.0, 0.0, 0.0
3.016946315765381, 88.80480951728518, 2.9833693920293074, -70.35986804578124, 0.0, 0.0, 0.0, 0.0, 0.0, 0.0
3.0170536041259766, 88.80480951728518, 2.9833693920293074, -70.35986804578124, 0.0, 0.0, 0.0, 0.0, 0.0, 0.0
3.0333003997802734, 88.80480951728518, 2.9833693920293074, -70.35986804578124, 0.0, 0.0, 0.0, 0.0, 0.0, 0.0
3.0334315299987793, 88.80480951728518, 2.9833693920293074, -70.35986804578124, 0.0, 0.0, 0.0, 0.0, 0.0, 0.0
3.06685209274292, 88.80480951728518, 2.9833693920293074, -70.35986804578124, 0.0, 0.0, 0.0, 0.0, 0.0, 0.0
3.0669655799865723, 88.80480951728518, 2.9833693920293074, -70.35986804578124, 0.0, 0.0, 0.0, 0.0, 0.0, 0.0
3.083775758743286, 88.80480951728518, 2.9833693920293074, -70.35986804578124, 0.0, 0.0, 0.0, 0.0, 0.0, 0.0
3.0838921070098877, 88.80480951728518, 2.9833693920293074, -70.35986804578124, 0.0, 0.0, 0.0, 0.0, 0.0, 0.0
3.0997493267059326, 88.80480951728518, 2.9833693920293074, -70.35986804578124, 0.0, 0.0, 0.0, 0.0, 0.0, 0.0
3.099860191345215, 88.80480951728518, 2.9833693920293074, -70.35986804578124, 0.0, 0.0, 0.0, 0.0, 0.0, 0.0
3.116948366165161, 88.80480951728518, 2.9833693920293074, -70.35986804578124, 0.0, 0.0, 0.0, 0.0, 0.0, 0.0
3.117063283920288, 88.80480951728518, 2.9833693920293074, -70.35986804578124, 0.0, 0.0, 0.0, 0.0, 0.0, 0.0
3.133796215057373, 88.80480951728518, 2.9833693920293074, -70.35986804578124, 0.0, 0.0, 0.0, 0.0, 0.0, 0.0
3.1339120864868164, 88.80480951728518, 2.9833693920293074, -70.35986804578124, 0.0, 0.0, 0.0, 0.0, 0.0, 0.0
3.167043685913086, 88.80480951728518, 2.9833693920293074, -70.35986804578124, 0.0, 0.0, 0.0, 0.0, 0.0, 0.0
3.1671597957611084, 88.80480951728518, 2.9833693920293074, -70.35986804578124, 0.0, 0.0, 0.0, 0.0, 0.0, 0.0
3.18379545211792, 88.80480951728518, 2.9833693920293074, -70.35986804578124, 0.0, 0.0, 0.0, 0.0, 0.0, 0.0
3.1839194297790527, 88.80480951728518, 2.9833693920293074, -70.35986804578124, 0.0, 0.0, 0.0, 0.0, 0.0, 0.0
3.199934482574463, 88.80480951728518, 2.9833693920293074, -70.35986804578124, 0.0, 0.0, 0.0, 0.0, 0.0, 0.0
3.200045585632324, 88.80480951728518, 2.9833693920293074, -70.35986804578124, 0.0, 0.0, 0.0, 0.0, 0.0, 0.0
3.2168805599212646, 88.80480951728518, 2.9833693920293074, -70.35986804578124, 0.0, 0.0, 0.0, 0.0, 0.0, 0.0
3.216993808746338, 88.80480951728518, 2.9833693920293074, -70.35986804578124, 0.0, 0.0, 0.0, 0.0, 0.0, 0.0
3.23382306098938, 88.80480951728518, 2.9833693920293074, -70.35986804578124, 0.0, 0.0, 0.0, 0.0, 0.0, 0.0
3.233940601348877, 88.80480951728518, 2.9833693920293074, -70.35986804578124, 0.0, 0.0, 0.0, 0.0, 0.0, 0.0
3.2670576572418213, 88.80480951728518, 2.9833693920293074, -70.35986804578124, 0.0, 0.0, 0.0, 0.0, 0.0, 0.0
3.2671754360198975, 88.80480951728518, 2.9833693920293074, -70.35986804578124, 0.0, 0.0, 0.0, 0.0, 0.0, 0.0
3.2841618061065674, 88.80480951728518, 2.9833693920293074, -70.35986804578124, 0.0, 0.0, 0.0, 0.0, 0.0, 0.0
3.2842795848846436, 88.80480951728518, 2.9833693920293074, -70.35986804578124, 0.0, 0.0, 0.0, 0.0, 0.0, 0.0
3.2999582290649414, 88.80480951728518, 2.9833693920293074, -70.35986804578124, 0.0, 0.0, 0.0, 0.0, 0.0, 0.0
3.30007004737854, 88.80480951728518, 2.9833693920293074, -70.35986804578124, 0.0, 0.0, 0.0, 0.0, 0.0, 0.0
3.3175532817840576, 88.80480951728518, 2.9833693920293074, -70.35986804578124, 0.0, 0.0, 0.0, 0.0, 0.0, 0.0
3.317681312561035, 88.80480951728518, 2.9833693920293074, -70.35986804578124, 0.0, 0.0, 0.0, 0.0, 0.0, 0.0
3.334374189376831, 88.80480951728518, 2.9833693920293074, -70.35986804578124, 0.0, 0.0, 0.0, 0.0, 0.0, 0.0
3.334496021270752, 88.80480951728518, 2.9833693920293074, -70.35986804578124, 0.0, 0.0, 0.0, 0.0, 0.0, 0.0
3.3668200969696045, 88.80480951728518, 2.9833693920293074, -70.35986804578124, 0.0, 0.0, 0.0, 0.0, 0.0, 0.0
3.3669378757476807, 88.80480951728518, 2.9833693920293074, -70.35986804578124, 0.0, 0.0, 0.0, 0.0, 0.0, 0.0
3.3838045597076416, 88.80480951728518, 2.9833693920293074, -70.35986804578124, 0.0, 0.0, 0.0, 0.0, 0.0, 0.0
3.3839282989501953, 88.80480951728518, 2.9833693920293074, -70.35986804578124, 0.0, 0.0, 0.0, 0.0, 0.0, 0.0
3.3997480869293213, 88.80480951728518, 2.9833693920293074, -70.35986804578124, 0.0, 0.0, 0.0, 0.0, 0.0, 0.0
3.399857759475708, 88.80480951728518, 2.9833693920293074, -70.35986804578124, 0.0, 0.0, 0.0, 0.0, 0.0, 0.0
3.4174251556396484, 88.80480951728518, 2.9833693920293074, -70.35986804578124, 0.0, 0.0, 0.0, 0.0, 0.0, 0.0
3.417541265487671, 88.80480951728518, 2.9833693920293074, -70.35986804578124, 0.0, 0.0, 0.0, 0.0, 0.0, 0.0
3.433288335800171, 88.80480951728518, 2.9833693920293074, -70.35986804578124, 0.0, 0.0, 0.0, 0.0, 0.0, 0.0
3.433400869369507, 88.80480951728518, 2.9833693920293074, -70.35986804578124, 0.0, 0.0, 0.0, 0.0, 0.0, 0.0
3.452763557434082, 88.80480951728518, 2.9833693920293074, -70.35986804578124, 0.0, 0.0, 0.0, 0.0, 0.0, 0.0
3.4528746604919434, 88.80480951728518, 2.9833693920293074, -70.35986804578124, 0.0, 0.0, 0.0, 0.0, 0.0, 0.0
3.483581066131592, 88.80480951728518, 2.9833693920293074, -70.35986804578124, 0.0, 0.0, 0.0, 0.0, 0.0, 0.0
3.483719825744629, 88.80480951728518, 2.9833693920293074, -70.35986804578124, 0.0, 0.0, 0.0, 0.0, 0.0, 0.0
3.500006675720215, 88.80480951728518, 2.9833693920293074, -70.35986804578124, 0.0, 0.0, 0.0, 0.0, 0.0, 0.0
3.500119686126709, 88.80480951728518, 2.9833693920293074, -70.35986804578124, 0.0, 0.0, 0.0, 0.0, 0.0, 0.0
3.5173404216766357, 88.80480951728518, 2.9833693920293074, -70.35986804578124, 0.0, 0.0, 0.0, 0.0, 0.0, 0.0
3.5174670219421387, 88.80480951728518, 2.9833693920293074, -70.35986804578124, 0.0, 0.0, 0.0, 0.0, 0.0, 0.0
3.534376859664917, 88.80480951728518, 2.9833693920293074, -70.35986804578124, 0.0, 0.0, 0.0, 0.0, 0.0, 0.0
3.5345096588134766, 88.80480951728518, 2.9833693920293074, -70.35986804578124, 0.0, 0.0, 0.0, 0.0, 0.0, 0.0
3.566728353500366, 88.80480951728518, 2.9833693920293074, -70.35986804578124, 0.0, 0.0, 0.0, 0.0, 0.0, 0.0
3.5668420791625977, 88.80480951728518, 2.9833693920293074, -70.35986804578124, 0.0, 0.0, 0.0, 0.0, 0.0, 0.0
3.583754301071167, 88.80480951728518, 2.9833693920293074, -70.35986804578124, 0.0, 0.0, 0.0, 0.0, 0.0, 0.0
3.5838711261749268, 88.80480951728518, 2.9833693920293074, -70.35986804578124, 0.0, 0.0, 0.0, 0.0, 0.0, 0.0
3.600085735321045, 88.80480951728518, 2.9833693920293074, -70.35986804578124, 0.0, 0.0, 0.0, 0.0, 0.0, 0.0
3.6001994609832764, 88.80480951728518, 2.9833693920293074, -70.35986804578124, 0.0, 0.0, 0.0, 0.0, 0.0, 0.0
3.6168198585510254, 88.80480951728518, 2.9833693920293074, -70.35986804578124, 0.0, 0.0, 0.0, 0.0, 0.0, 0.0
3.6169352531433105, 88.80480951728518, 2.9833693920293074, -70.35986804578124, 0.0, 0.0, 0.0, 0.0, 0.0, 0.0
3.633317470550537, 88.80480951728518, 2.9833693920293074, -70.35986804578124, 0.0, 0.0, 0.0, 0.0, 0.0, 0.0
3.6334400177001953, 88.80480951728518, 2.9833693920293074, -70.35986804578124, 0.0, 0.0, 0.0, 0.0, 0.0, 0.0
3.653075933456421, 88.80480951728518, 2.9833693920293074, -70.35986804578124, 0.0, 0.0, 0.0, 0.0, 0.0, 0.0
3.6531851291656494, 88.80480951728518, 2.9833693920293074, -70.35986804578124, 0.0, 0.0, 0.0, 0.0, 0.0, 0.0
3.683007001876831, 88.80480951728518, 2.9833693920293074, -70.35986804578124, 0.0, 0.0, 0.0, 0.0, 0.0, 0.0
3.683117628097534, 88.80480951728518, 2.9833693920293074, -70.35986804578124, 0.0, 0.0, 0.0, 0.0, 0.0, 0.0
3.700843334197998, 88.80480951728518, 2.9833693920293074, -70.35986804578124, 0.0, 0.0, 0.0, 0.0, 0.0, 0.0
3.700958251953125, 88.80480951728518, 2.9833693920293074, -70.35986804578124, 0.0, 0.0, 0.0, 0.0, 0.0, 0.0
3.71718430519104, 88.80480951728518, 2.9833693920293074, -70.35986804578124, 0.0, 0.0, 0.0, 0.0, 0.0, 0.0
3.7173047065734863, 88.80480951728518, 2.9833693920293074, -70.35986804578124, 0.0, 0.0, 0.0, 0.0, 0.0, 0.0
3.7338955402374268, 88.80480951728518, 2.9833693920293074, -70.35986804578124, 0.0, 0.0, 0.0, 0.0, 0.0, 0.0
3.734013319015503, 88.80480951728518, 2.9833693920293074, -70.35986804578124, 0.0, 0.0, 0.0, 0.0, 0.0, 0.0
3.7669565677642822, 88.80480951728518, 2.9833693920293074, -70.35986804578124, 0.0, 0.0, 0.0, 0.0, 0.0, 0.0
3.767070770263672, 88.80480951728518, 2.9833693920293074, -70.35986804578124, 0.0, 0.0, 0.0, 0.0, 0.0, 0.0
3.7836289405822754, 88.80480951728518, 2.9833693920293074, -70.35986804578124, 0.0, 0.0, 0.0, 0.0, 0.0, 0.0
3.783745765686035, 88.80480951728518, 2.9833693920293074, -70.35986804578124, 0.0, 0.0, 0.0, 0.0, 0.0, 0.0
3.800100088119507, 88.80480951728518, 2.9833693920293074, -70.35986804578124, 0.0, 0.0, 0.0, 0.0, 0.0, 0.0
3.800217390060425, 88.80480951728518, 2.9833693920293074, -70.35986804578124, 0.0, 0.0, 0.0, 0.0, 0.0, 0.0
3.8166332244873047, 88.80480951728518, 2.9833693920293074, -70.35986804578124, 0.0, 0.0, 0.0, 0.0, 0.0, 0.0
3.816742420196533, 88.80480951728518, 2.9833693920293074, -70.35986804578124, 0.0, 0.0, 0.0, 0.0, 0.0, 0.0
3.833782434463501, 88.80480951728518, 2.9833693920293074, -70.35986804578124, 0.0, 0.0, 0.0, 0.0, 0.0, 0.0
3.8339011669158936, 88.80480951728518, 2.9833693920293074, -70.35986804578124, 0.0, 0.0, 0.0, 0.0, 0.0, 0.0
3.866762399673462, 88.80480951728518, 2.9833693920293074, -70.35986804578124, 0.0, 0.0, 0.0, 0.0, 0.0, 0.0
3.8668770790100098, 88.80480951728518, 2.9833693920293074, -70.35986804578124, 0.0, 0.0, 0.0, 0.0, 0.0, 0.0
3.883697748184204, 88.80480951728518, 2.9833693920293074, -70.35986804578124, 0.0, 0.0, 0.0, 0.0, 0.0, 0.0
3.8838112354278564, 88.80480951728518, 2.9833693920293074, -70.35986804578124, 0.0, 0.0, 0.0, 0.0, 0.0, 0.0
3.9001402854919434, 88.80480951728518, 2.9833693920293074, -70.35986804578124, 0.0, 0.0, 0.0, 0.0, 0.0, 0.0
3.9002554416656494, 88.80480951728518, 2.9833693920293074, -70.35986804578124, 0.0, 0.0, 0.0, 0.0, 0.0, 0.0
3.9167439937591553, 88.80480951728518, 2.9833693920293074, -70.35986804578124, 0.0, 0.0, 0.0, 0.0, 0.0, 0.0
3.9168574810028076, 88.80480951728518, 2.9833693920293074, -70.35986804578124, 0.0, 0.0, 0.0, 0.0, 0.0, 0.0
3.933361291885376, 88.80480951728518, 2.9833693920293074, -70.35986804578124, 0.0, 0.0, 0.0, 0.0, 0.0, 0.0
3.9334776401519775, 88.80480951728518, 2.9833693920293074, -70.35986804578124, 0.0, 0.0, 0.0, 0.0, 0.0, 0.0
3.9670827388763428, 88.80480951728518, 2.9833693920293074, -70.35986804578124, 0.0, 0.0, 0.0, 0.0, 0.0, 0.0
3.967195987701416, 88.80480951728518, 2.9833693920293074, -70.35986804578124, 0.0, 0.0, 0.0, 0.0, 0.0, 0.0
3.9837136268615723, 88.80480951728518, 2.9833693920293074, -70.35986804578124, 0.0, 0.0, 0.0, 0.0, 0.0, 0.0
3.9838273525238037, 88.80480951728518, 2.9833693920293074, -70.35986804578124, 0.0, 0.0, 0.0, 0.0, 0.0, 0.0
4.000150918960571, 88.80480951728518, 2.9833693920293074, -70.35986804578124, 0.0, 0.0, 0.0, 0.0, 0.0, 0.0
4.000263690948486, 88.80480951728518, 2.9833693920293074, -70.35986804578124, 0.0, 0.0, 0.0, 0.0, 0.0, 0.0
4.016892910003662, 88.80480951728518, 2.9833693920293074, -70.35986804578124, 0.0, 0.0, 0.0, 0.0, 0.0, 0.0
4.017006158828735, 88.80480951728518, 2.9833693920293074, -70.35986804578124, 0.0, 0.0, 0.0, 0.0, 0.0, 0.0
4.037249326705933, 88.80480951728518, 2.9833693920293074, -70.35986804578124, 0.0, 0.0, 0.0, 0.0, 0.0, 0.0
4.0373640060424805, 88.80480951728518, 2.9833693920293074, -70.35986804578124, 0.0, 0.0, 0.0, 0.0, 0.0, 0.0
4.053208112716675, 88.80480951728518, 2.9833693920293074, -70.35986804578124, 0.0, 0.0, 0.0, 0.0, 0.0, 0.0
4.053319454193115, 88.80480951728518, 2.9833693920293074, -70.35986804578124, 0.0, 0.0, 0.0, 0.0, 0.0, 0.0
4.0932440757751465, 88.80480951728518, 2.9833693920293074, -70.35986804578124, 0.0, 0.0, 0.0, 0.0, 0.0, 0.0
4.093473196029663, 88.80480951728518, 2.9833693920293074, -70.35986804578124, 0.0, 0.0, 0.0, 0.0, 0.0, 0.0
4.110807418823242, 88.80480951728518, 2.9833693920293074, -70.35986804578124, 0.0, 0.0, 0.0, 0.0, 0.0, 0.0
4.110941171646118, 88.80480951728518, 2.9833693920293074, -70.35986804578124, 0.0, 0.0, 0.0, 0.0, 0.0, 0.0
4.122201442718506, 88.80480951728518, 2.9833693920293074, -70.35986804578124, 0.0, 0.0, 0.0, 0.0, 0.0, 0.0
4.122313499450684, 88.80480951728518, 2.9833693920293074, -70.35986804578124, 0.0, 0.0, 0.0, 0.0, 0.0, 0.0
4.13574743270874, 88.80480951728518, 2.9833693920293074, -70.35986804578124, 0.0, 0.0, 0.0, 0.0, 0.0, 0.0
4.135863780975342, 88.80480951728518, 2.9833693920293074, -70.35986804578124, 0.0, 0.0, 0.0, 0.0, 0.0, 0.0
4.170120716094971, 88.80480951728518, 2.9833693920293074, -70.35986804578124, 0.0, 0.0, 0.0, 0.0, 0.0, 0.0
4.170306921005249, 88.80480951728518, 2.9833693920293074, -70.35986804578124, 0.0, 0.0, 0.0, 0.0, 0.0, 0.0
4.184075593948364, 88.80480951728518, 2.9833693920293074, -70.35986804578124, 0.0, 0.0, 0.0, 0.0, 0.0, 0.0
4.184197902679443, 88.80480951728518, 2.9833693920293074, -70.35986804578124, 0.0, 0.0, 0.0, 0.0, 0.0, 0.0
4.200150012969971, 88.80480951728518, 2.9833693920293074, -70.35986804578124, 0.0, 0.0, 0.0, 0.0, 0.0, 0.0
4.200266122817993, 88.80480951728518, 2.9833693920293074, -70.35986804578124, 0.0, 0.0, 0.0, 0.0, 0.0, 0.0
4.216580867767334, 88.80480951728518, 2.9833693920293074, -70.35986804578124, 0.0, 0.0, 0.0, 0.0, 0.0, 0.0
4.2166924476623535, 88.80480951728518, 2.9833693920293074, -70.35986804578124, 0.0, 0.0, 0.0, 0.0, 0.0, 0.0
4.233521223068237, 88.80480951728518, 2.9833693920293074, -70.35986804578124, 0.0, 0.0, 0.0, 0.0, 0.0, 0.0
4.23363184928894, 88.80480951728518, 2.9833693920293074, -70.35986804578124, 0.0, 0.0, 0.0, 0.0, 0.0, 0.0
4.285280466079712, 88.80480951728518, 2.9833693920293074, -70.35986804578124, 0.0, 0.0, 0.0, 0.0, 0.0, 0.0
4.285672426223755, 88.80480951728518, 2.9833693920293074, -70.35986804578124, 0.0, 0.0, 0.0, 0.0, 0.0, 0.0
4.3041863441467285, 88.80480951728518, 2.9833693920293074, -70.35986804578124, 0.0, 0.0, 0.0, 0.0, 0.0, 0.0
4.304335117340088, 88.80480951728518, 2.9833693920293074, -70.35986804578124, 0.0, 0.0, 0.0, 0.0, 0.0, 0.0
4.3216657638549805, 88.80480951728518, 2.9833693920293074, -70.35986804578124, 0.0, 0.0, 0.0, 0.0, 0.0, 0.0
4.321771860122681, 88.80480951728518, 2.9833693920293074, -70.35986804578124, 0.0, 0.0, 0.0, 0.0, 0.0, 0.0
4.341362476348877, 88.80480951728518, 2.9833693920293074, -70.35986804578124, 0.0, 0.0, 0.0, 0.0, 0.0, 0.0
4.341470718383789, 88.80480951728518, 2.9833693920293074, -70.35986804578124, 0.0, 0.0, 0.0, 0.0, 0.0, 0.0
4.361865520477295, 88.80480951728518, 2.9833693920293074, -70.35986804578124, 0.0, 0.0, 0.0, 0.0, 0.0, 0.0
4.361976861953735, 88.80480951728518, 2.9833693920293074, -70.35986804578124, 0.0, 0.0, 0.0, 0.0, 0.0, 0.0
4.383374214172363, 88.80480951728518, 2.9833693920293074, -70.35986804578124, 0.0, 0.0, 0.0, 0.0, 0.0, 0.0
4.383521795272827, 88.80480951728518, 2.9833693920293074, -70.35986804578124, 0.0, 0.0, 0.0, 0.0, 0.0, 0.0
4.416677474975586, 88.80480951728518, 2.9833693920293074, -70.35986804578124, 0.0, 0.0, 0.0, 0.0, 0.0, 0.0
4.416791915893555, 88.80480951728518, 2.9833693920293074, -70.35986804578124, 0.0, 0.0, 0.0, 0.0, 0.0, 0.0
4.4333600997924805, 88.80480951728518, 2.9833693920293074, -70.35986804578124, 0.0, 0.0, 0.0, 0.0, 0.0, 0.0
4.433480501174927, 88.80480951728518, 2.9833693920293074, -70.35986804578124, 0.0, 0.0, 0.0, 0.0, 0.0, 0.0
4.450000286102295, 88.80480951728518, 2.9833693920293074, -70.35986804578124, 0.0, 0.0, 0.0, 0.0, 0.0, 0.0
4.450114965438843, 88.80480951728518, 2.9833693920293074, -70.35986804578124, 0.0, 0.0, 0.0, 0.0, 0.0, 0.0
4.466897249221802, 88.80480951728518, 2.9833693920293074, -70.35986804578124, 0.0, 0.0, 0.0, 0.0, 0.0, 0.0
4.467015981674194, 88.80480951728518, 2.9833693920293074, -70.35986804578124, 0.0, 0.0, 0.0, 0.0, 0.0, 0.0
4.48330283164978, 88.80480951728518, 2.9833693920293074, -70.35986804578124, 0.0, 0.0, 0.0, 0.0, 0.0, 0.0
4.48342227935791, 88.80480951728518, 2.9833693920293074, -70.35986804578124, 0.0, 0.0, 0.0, 0.0, 0.0, 0.0
4.5023815631866455, 88.80480951728518, 2.9833693920293074, -70.35986804578124, 0.0, 0.0, 0.0, 0.0, 0.0, 0.0
4.502501010894775, 88.80480951728518, 2.9833693920293074, -70.35986804578124, 0.0, 0.0, 0.0, 0.0, 0.0, 0.0
4.5226287841796875, 88.80480951728518, 2.9833693920293074, -70.35986804578124, 0.0, 0.0, 0.0, 0.0, 0.0, 0.0
4.5227649211883545, 88.80480951728518, 2.9833693920293074, -70.35986804578124, 0.0, 0.0, 0.0, 0.0, 0.0, 0.0
4.551326274871826, 88.80480951728518, 2.9833693920293074, -70.35986804578124, 0.0, 0.0, 0.0, 0.0, 0.0, 0.0
4.551479339599609, 88.80480951728518, 2.9833693920293074, -70.35986804578124, 0.0, 0.0, 0.0, 0.0, 0.0, 0.0
4.569194793701172, 88.80480951728518, 2.9833693920293074, -70.35986804578124, 0.0, 0.0, 0.0, 0.0, 0.0, 0.0
4.5693442821502686, 88.80480951728518, 2.9833693920293074, -70.35986804578124, 0.0, 0.0, 0.0, 0.0, 0.0, 0.0
4.585215091705322, 88.80480951728518, 2.9833693920293074, -70.35986804578124, 0.0, 0.0, 0.0, 0.0, 0.0, 0.0
4.585343599319458, 88.80480951728518, 2.9833693920293074, -70.35986804578124, 0.0, 0.0, 0.0, 0.0, 0.0, 0.0
4.616795301437378, 88.80480951728518, 2.9833693920293074, -70.35986804578124, 0.0, 0.0, 0.0, 0.0, 0.0, 0.0
4.616905212402344, 88.80480951728518, 2.9833693920293074, -70.35986804578124, 0.0, 0.0, 0.0, 0.0, 0.0, 0.0
4.634174585342407, 88.80480951728518, 2.9833693920293074, -70.35986804578124, 0.0, 0.0, 0.0, 0.0, 0.0, 0.0
4.634294748306274, 88.80480951728518, 2.9833693920293074, -70.35986804578124, 0.0, 0.0, 0.0, 0.0, 0.0, 0.0
4.650955677032471, 88.80480951728518, 2.9833693920293074, -70.35986804578124, 0.0, 0.0, 0.0, 0.0, 0.0, 0.0
4.651077032089233, 88.80480951728518, 2.9833693920293074, -70.35986804578124, 0.0, 0.0, 0.0, 0.0, 0.0, 0.0
4.666936159133911, 88.80480951728518, 2.9833693920293074, -70.35986804578124, 0.0, 0.0, 0.0, 0.0, 0.0, 0.0
4.66704797744751, 88.80480951728518, 2.9833693920293074, -70.35986804578124, 0.0, 0.0, 0.0, 0.0, 0.0, 0.0
4.683591365814209, 88.80480951728518, 2.9833693920293074, -70.35986804578124, 0.0, 0.0, 0.0, 0.0, 0.0, 0.0
4.6837074756622314, 88.80480951728518, 2.9833693920293074, -70.35986804578124, 0.0, 0.0, 0.0, 0.0, 0.0, 0.0
4.716882705688477, 88.80480951728518, 2.9833693920293074, -70.35986804578124, 0.0, 0.0, 0.0, 0.0, 0.0, 0.0
4.71699595451355, 88.80480951728518, 2.9833693920293074, -70.35986804578124, 0.0, 0.0, 0.0, 0.0, 0.0, 0.0
4.733208179473877, 88.80480951728518, 2.9833693920293074, -70.35986804578124, 0.0, 0.0, 0.0, 0.0, 0.0, 0.0
4.733321905136108, 88.80480951728518, 2.9833693920293074, -70.35986804578124, 0.0, 0.0, 0.0, 0.0, 0.0, 0.0
4.75021767616272, 88.80480951728518, 2.9833693920293074, -70.35986804578124, 0.0, 0.0, 0.0, 0.0, 0.0, 0.0
4.750333309173584, 88.80480951728518, 2.9833693920293074, -70.35986804578124, 0.0, 0.0, 0.0, 0.0, 0.0, 0.0
4.76757287979126, 88.80480951728518, 2.9833693920293074, -70.35986804578124, 0.0, 0.0, 0.0, 0.0, 0.0, 0.0
4.76770281791687, 88.80480951728518, 2.9833693920293074, -70.35986804578124, 0.0, 0.0, 0.0, 0.0, 0.0, 0.0
4.783508777618408, 88.80480951728518, 2.9833693920293074, -70.35986804578124, 0.0, 0.0, 0.0, 0.0, 0.0, 0.0
4.783623456954956, 88.80480951728518, 2.9833693920293074, -70.35986804578124, 0.0, 0.0, 0.0, 0.0, 0.0, 0.0
4.802689552307129, 88.80480951728518, 2.9833693920293074, -70.35986804578124, 0.0, 0.0, 0.0, 0.0, 0.0, 0.0
4.802813291549683, 88.80480951728518, 2.9833693920293074, -70.35986804578124, 0.0, 0.0, 0.0, 0.0, 0.0, 0.0
4.8335864543914795, 88.80480951728518, 2.9833693920293074, -70.35986804578124, 0.0, 0.0, 0.0, 0.0, 0.0, 0.0
4.833699703216553, 88.80480951728518, 2.9833693920293074, -70.35986804578124, 0.0, 0.0, 0.0, 0.0, 0.0, 0.0
4.8502326011657715, 88.80480951728518, 2.9833693920293074, -70.35986804578124, 0.0, 0.0, 0.0, 0.0, 0.0, 0.0
4.850345611572266, 88.80480951728518, 2.9833693920293074, -70.35986804578124, 0.0, 0.0, 0.0, 0.0, 0.0, 0.0
