# Timestamp, Flexion, Adduction, Rotation, Tx, Ty, Tz
0.03013134002685547, 88.76711975058987, 3.0371198974701867, -70.03360293548997, 0.0, 0.0, 0.0
0.030410051345825195, 88.76711975058987, 3.0371198974701867, -70.03360293548997, 0.0, 0.0, 0.0
0.05822396278381348, 88.76711975058987, 3.0371198974701867, -70.03360293548997, 0.0, 0.0, 0.0
0.05844545364379883, 88.76711975058987, 3.0371198974701867, -70.03360293548997, 0.0, 0.0, 0.0
0.07767581939697266, 88.76711975058987, 3.0371198974701867, -70.03360293548997, 0.0, 0.0, 0.0
0.07786750793457031, 88.76711975058987, 3.0371198974701867, -70.03360293548997, 0.0, 0.0, 0.0
0.0912017822265625, 88.76711975058987, 3.0371198974701867, -70.03360293548997, 0.0, 0.0, 0.0
0.09133696556091309, 88.76711975058987, 3.0371198974701867, -70.03360293548997, 0.0, 0.0, 0.0
0.10540914535522461, 88.76711975058987, 3.0371198974701867, -70.03360293548997, 0.0, 0.0, 0.0
0.10552430152893066, 88.76711975058987, 3.0371198974701867, -70.03360293548997, 0.0, 0.0, 0.0
0.12265801429748535, 88.76711975058987, 3.0371198974701867, -70.03360293548997, 0.0, 0.0, 0.0
0.12277364730834961, 88.76711975058987, 3.0371198974701867, -70.03360293548997, 0.0, 0.0, 0.0
0.15494465827941895, 88.76711975058987, 3.0371198974701867, -70.03360293548997, 0.0, 0.0, 0.0
0.15506696701049805, 88.76711975058987, 3.0371198974701867, -70.03360293548997, 0.0, 0.0, 0.0
0.1720447540283203, 88.76711975058987, 3.0371198974701867, -70.03360293548997, 0.0, 0.0, 0.0
0.17215967178344727, 88.76711975058987, 3.0371198974701867, -70.03360293548997, 0.0, 0.0, 0.0
0.1888256072998047, 88.76711975058987, 3.0371198974701867, -70.03360293548997, 0.0, 0.0, 0.0
0.18894004821777344, 88.76711975058987, 3.0371198974701867, -70.03360293548997, 0.0, 0.0, 0.0
0.2054295539855957, 88.76711975058987, 3.0371198974701867, -70.03360293548997, 0.0, 0.0, 0.0
0.20554089546203613, 88.76711975058987, 3.0371198974701867, -70.03360293548997, 0.0, 0.0, 0.0
0.23846745491027832, 88.76711975058987, 3.0371198974701867, -70.03360293548997, 0.0, 0.0, 0.0
0.23858118057250977, 88.76711975058987, 3.0371198974701867, -70.03360293548997, 0.0, 0.0, 0.0
0.2548210620880127, 88.76711975058987, 3.0371198974701867, -70.03360293548997, 0.0, 0.0, 0.0
0.2549314498901367, 88.76711975058987, 3.0371198974701867, -70.03360293548997, 0.0, 0.0, 0.0
0.272125244140625, 88.76711975058987, 3.0371198974701867, -70.03360293548997, 0.0, 0.0, 0.0
0.27223992347717285, 88.76711975058987, 3.0371198974701867, -70.03360293548997, 0.0, 0.0, 0.0
0.2884964942932129, 88.76711975058987, 3.0371198974701867, -70.03360293548997, 0.0, 0.0, 0.0
0.2886073589324951, 88.76711975058987, 3.0371198974701867, -70.03360293548997, 0.0, 0.0, 0.0
0.3054020404815674, 88.76711975058987, 3.0371198974701867, -70.03360293548997, 0.0, 0.0, 0.0
0.3055143356323242, 88.76711975058987, 3.0371198974701867, -70.03360293548997, 0.0, 0.0, 0.0
0.3222365379333496, 88.76711975058987, 3.0371198974701867, -70.03360293548997, 0.0, 0.0, 0.0
0.32235097885131836, 88.76711975058987, 3.0371198974701867, -70.03360293548997, 0.0, 0.0, 0.0
0.3551952838897705, 88.76711975058987, 3.0371198974701867, -70.03360293548997, 0.0, 0.0, 0.0
0.35530972480773926, 88.76711975058987, 3.0371198974701867, -70.03360293548997, 0.0, 0.0, 0.0
0.3720366954803467, 88.76711975058987, 3.0371198974701867, -70.03360293548997, 0.0, 0.0, 0.0
0.37215399742126465, 88.76711975058987, 3.0371198974701867, -70.03360293548997, 0.0, 0.0, 0.0
0.38866686820983887, 88.76711975058987, 3.0371198974701867, -70.03360293548997, 0.0, 0.0, 0.0
0.38878393173217773, 88.76711975058987, 3.0371198974701867, -70.03360293548997, 0.0, 0.0, 0.0
0.40541887283325195, 88.76711975058987, 3.0371198974701867, -70.03360293548997, 0.0, 0.0, 0.0
0.4055323600769043, 88.76711975058987, 3.0371198974701867, -70.03360293548997, 0.0, 0.0, 0.0
0.4555206298828125, 88.76711975058987, 3.0371198974701867, -70.03360293548997, 0.0, 0.0, 0.0
0.4556424617767334, 88.76711975058987, 3.0371198974701867, -70.03360293548997, 0.0, 0.0, 0.0
0.4903106689453125, 88.76711975058987, 3.0371198974701867, -70.03360293548997, 0.0, 0.0, 0.0
0.49046993255615234, 88.76711975058987, 3.0371198974701867, -70.03360293548997, 0.0, 0.0, 0.0
0.5072407722473145, 88.76711975058987, 3.0371198974701867, -70.03360293548997, 0.0, 0.0, 0.0
0.5073997974395752, 88.76711975058987, 3.0371198974701867, -70.03360293548997, 0.0, 0.0, 0.0
0.5222132205963135, 88.76711975058987, 3.0371198974701867, -70.03360293548997, 0.0, 0.0, 0.0
0.522334098815918, 88.76711975058987, 3.0371198974701867, -70.03360293548997, 0.0, 0.0, 0.0
0.5388314723968506, 88.76711975058987, 3.0371198974701867, -70.03360293548997, 0.0, 0.0, 0.0
0.5389397144317627, 88.76711975058987, 3.0371198974701867, -70.03360293548997, 0.0, 0.0, 0.0
0.5555551052093506, 88.76711975058987, 3.0371198974701867, -70.03360293548997, 0.0, 0.0, 0.0
0.5556638240814209, 88.76711975058987, 3.0371198974701867, -70.03360293548997, 0.0, 0.0, 0.0
0.60520339012146, 88.76711975058987, 3.0371198974701867, -70.03360293548997, 0.0, 0.0, 0.0
0.605330228805542, 88.76711975058987, 3.0371198974701867, -70.03360293548997, 0.0, 0.0, 0.0
0.6255886554718018, 88.76711975058987, 3.0371198974701867, -70.03360293548997, 0.0, 0.0, 0.0
0.6257050037384033, 88.76711975058987, 3.0371198974701867, -70.03360293548997, 0.0, 0.0, 0.0
0.6570165157318115, 88.76711975058987, 3.0371198974701867, -70.03360293548997, 0.0, 0.0, 0.0
0.6571276187896729, 88.76711975058987, 3.0371198974701867, -70.03360293548997, 0.0, 0.0, 0.0
0.6882486343383789, 88.76711975058987, 3.0371198974701867, -70.03360293548997, 0.0, 0.0, 0.0
0.6883580684661865, 88.76711975058987, 3.0371198974701867, -70.03360293548997, 0.0, 0.0, 0.0
0.7090470790863037, 88.76711975058987, 3.0371198974701867, -70.03360293548997, 0.0, 0.0, 0.0
0.709155797958374, 88.76711975058987, 3.0371198974701867, -70.03360293548997, 0.0, 0.0, 0.0
0.7385842800140381, 88.76711975058987, 3.0371198974701867, -70.03360293548997, 0.0, 0.0, 0.0
0.7386982440948486, 88.76711975058987, 3.0371198974701867, -70.03360293548997, 0.0, 0.0, 0.0
0.7549009323120117, 88.76711975058987, 3.0371198974701867, -70.03360293548997, 0.0, 0.0, 0.0
0.7550175189971924, 88.76711975058987, 3.0371198974701867, -70.03360293548997, 0.0, 0.0, 0.0
0.7719223499298096, 88.76711975058987, 3.0371198974701867, -70.03360293548997, 0.0, 0.0, 0.0
0.7720437049865723, 88.76711975058987, 3.0371198974701867, -70.03360293548997, 0.0, 0.0, 0.0
0.7887296676635742, 88.76711975058987, 3.0371198974701867, -70.03360293548997, 0.0, 0.0, 0.0
0.7888448238372803, 88.76711975058987, 3.0371198974701867, -70.03360293548997, 0.0, 0.0, 0.0
0.8217747211456299, 88.76711975058987, 3.0371198974701867, -70.03360293548997, 0.0, 0.0, 0.0
0.8218848705291748, 88.76711975058987, 3.0371198974701867, -70.03360293548997, 0.0, 0.0, 0.0
0.8386008739471436, 88.76711975058987, 3.0371198974701867, -70.03360293548997, 0.0, 0.0, 0.0
0.8387134075164795, 88.76711975058987, 3.0371198974701867, -70.03360293548997, 0.0, 0.0, 0.0
0.8549849987030029, 88.76711975058987, 3.0371198974701867, -70.03360293548997, 0.0, 0.0, 0.0
0.8550999164581299, 88.76711975058987, 3.0371198974701867, -70.03360293548997, 0.0, 0.0, 0.0
0.8716166019439697, 88.76711975058987, 3.0371198974701867, -70.03360293548997, 0.0, 0.0, 0.0
0.8717272281646729, 88.76711975058987, 3.0371198974701867, -70.03360293548997, 0.0, 0.0, 0.0
0.8887205123901367, 88.76711975058987, 3.0371198974701867, -70.03360293548997, 0.0, 0.0, 0.0
0.8888359069824219, 88.76711975058987, 3.0371198974701867, -70.03360293548997, 0.0, 0.0, 0.0
0.9084417819976807, 88.76711975058987, 3.0371198974701867, -70.03360293548997, 0.0, 0.0, 0.0
0.9085509777069092, 88.76711975058987, 3.0371198974701867, -70.03360293548997, 0.0, 0.0, 0.0
0.9386110305786133, 88.76711975058987, 3.0371198974701867, -70.03360293548997, 0.0, 0.0, 0.0
0.938725471496582, 88.76711975058987, 3.0371198974701867, -70.03360293548997, 0.0, 0.0, 0.0
0.9552357196807861, 88.76711975058987, 3.0371198974701867, -70.03360293548997, 0.0, 0.0, 0.0
0.9553506374359131, 88.76711975058987, 3.0371198974701867, -70.03360293548997, 0.0, 0.0, 0.0
0.9719758033752441, 88.76711975058987, 3.0371198974701867, -70.03360293548997, 0.0, 0.0, 0.0
0.9720995426177979, 88.76711975058987, 3.0371198974701867, -70.03360293548997, 0.0, 0.0, 0.0
0.9886553287506104, 88.76711975058987, 3.0371198974701867, -70.03360293548997, 0.0, 0.0, 0.0
0.9887707233428955, 88.76711975058987, 3.0371198974701867, -70.03360293548997, 0.0, 0.0, 0.0
1.0218908786773682, 88.76711975058987, 3.0371198974701867, -70.03360293548997, 0.0, 0.0, 0.0
1.0220153331756592, 88.76711975058987, 3.0371198974701867, -70.03360293548997, 0.0, 0.0, 0.0
1.0386896133422852, 88.76711975058987, 3.0371198974701867, -70.03360293548997, 0.0, 0.0, 0.0
1.0388062000274658, 88.76711975058987, 3.0371198974701867, -70.03360293548997, 0.0, 0.0, 0.0
1.0550155639648438, 88.76711975058987, 3.0371198974701867, -70.03360293548997, 0.0, 0.0, 0.0
1.0551271438598633, 88.76711975058987, 3.0371198974701867, -70.03360293548997, 0.0, 0.0, 0.0
1.0720293521881104, 88.76711975058987, 3.0371198974701867, -70.03360293548997, 0.0, 0.0, 0.0
1.0721406936645508, 88.76711975058987, 3.0371198974701867, -70.03360293548997, 0.0, 0.0, 0.0
1.0887835025787354, 88.76711975058987, 3.0371198974701867, -70.03360293548997, 0.0, 0.0, 0.0
1.0889074802398682, 88.76711975058987, 3.0371198974701867, -70.03360293548997, 0.0, 0.0, 0.0
1.1219770908355713, 88.76711975058987, 3.0371198974701867, -70.03360293548997, 0.0, 0.0, 0.0
1.1220967769622803, 88.76711975058987, 3.0371198974701867, -70.03360293548997, 0.0, 0.0, 0.0
1.138658046722412, 88.76711975058987, 3.0371198974701867, -70.03360293548997, 0.0, 0.0, 0.0
1.1387724876403809, 88.76711975058987, 3.0371198974701867, -70.03360293548997, 0.0, 0.0, 0.0
1.1552734375, 88.76711975058987, 3.0371198974701867, -70.03360293548997, 0.0, 0.0, 0.0
1.1553902626037598, 88.76711975058987, 3.0371198974701867, -70.03360293548997, 0.0, 0.0, 0.0
1.1792747974395752, 88.76711975058987, 3.0371198974701867, -70.03360293548997, 0.0, 0.0, 0.0
1.1793856620788574, 88.76711975058987, 3.0371198974701867, -70.03360293548997, 0.0, 0.0, 0.0
1.1926467418670654, 88.76711975058987, 3.0371198974701867, -70.03360293548997, 0.0, 0.0, 0.0
1.1927549839019775, 88.76711975058987, 3.0371198974701867, -70.03360293548997, 0.0, 0.0, 0.0
1.2219548225402832, 88.76711975058987, 3.0371198974701867, -70.03360293548997, 0.0, 0.0, 0.0
1.2220768928527832, 88.76711975058987, 3.0371198974701867, -70.03360293548997, 0.0, 0.0, 0.0
1.2386574745178223, 88.76711975058987, 3.0371198974701867, -70.03360293548997, 0.0, 0.0, 0.0
1.2387702465057373, 88.76711975058987, 3.0371198974701867, -70.03360293548997, 0.0, 0.0, 0.0
1.2551660537719727, 88.76711975058987, 3.0371198974701867, -70.03360293548997, 0.0, 0.0, 0.0
1.2552781105041504, 88.76711975058987, 3.0371198974701867, -70.03360293548997, 0.0, 0.0, 0.0
1.2720837593078613, 88.76711975058987, 3.0371198974701867, -70.03360293548997, 0.0, 0.0, 0.0
1.272202968597412, 88.76711975058987, 3.0371198974701867, -70.03360293548997, 0.0, 0.0, 0.0
1.288280963897705, 88.76711975058987, 3.0371198974701867, -70.03360293548997, 0.0, 0.0, 0.0
1.2883970737457275, 88.76711975058987, 3.0371198974701867, -70.03360293548997, 0.0, 0.0, 0.0
1.3220012187957764, 88.76711975058987, 3.0371198974701867, -70.03360293548997, 0.0, 0.0, 0.0
1.3221254348754883, 88.76711975058987, 3.0371198974701867, -70.03360293548997, 0.0, 0.0, 0.0
1.338564157485962, 88.76711975058987, 3.0371198974701867, -70.03360293548997, 0.0, 0.0, 0.0
1.3386778831481934, 88.76711975058987, 3.0371198974701867, -70.03360293548997, 0.0, 0.0, 0.0
1.3691089153289795, 88.76711975058987, 3.0371198974701867, -70.03360293548997, 0.0, 0.0, 0.0
1.3693666458129883, 88.76711975058987, 3.0371198974701867, -70.03360293548997, 0.0, 0.0, 0.0
1.3881332874298096, 88.76711975058987, 3.0371198974701867, -70.03360293548997, 0.0, 0.0, 0.0
1.3882839679718018, 88.76711975058987, 3.0371198974701867, -70.03360293548997, 0.0, 0.0, 0.0
1.4025859832763672, 88.76711975058987, 3.0371198974701867, -70.03360293548997, 0.0, 0.0, 0.0
1.402714490890503, 88.76711975058987, 3.0371198974701867, -70.03360293548997, 0.0, 0.0, 0.0
1.4160888195037842, 88.76711975058987, 3.0371198974701867, -70.03360293548997, 0.0, 0.0, 0.0
1.4162027835845947, 88.76711975058987, 3.0371198974701867, -70.03360293548997, 0.0, 0.0, 0.0
1.4300405979156494, 88.76711975058987, 3.0371198974701867, -70.03360293548997, 0.0, 0.0, 0.0
1.4301483631134033, 88.76711975058987, 3.0371198974701867, -70.03360293548997, 0.0, 0.0, 0.0
1.4571423530578613, 88.76711975058987, 3.0371198974701867, -70.03360293548997, 0.0, 0.0, 0.0
1.457251787185669, 88.76711975058987, 3.0371198974701867, -70.03360293548997, 0.0, 0.0, 0.0
1.471581220626831, 88.76711975058987, 3.0371198974701867, -70.03360293548997, 0.0, 0.0, 0.0
1.471691370010376, 88.76711975058987, 3.0371198974701867, -70.03360293548997, 0.0, 0.0, 0.0
1.4884066581726074, 88.76711975058987, 3.0371198974701867, -70.03360293548997, 0.0, 0.0, 0.0
1.4885156154632568, 88.76711975058987, 3.0371198974701867, -70.03360293548997, 0.0, 0.0, 0.0
1.509260892868042, 88.76711975058987, 3.0371198974701867, -70.03360293548997, 0.0, 0.0, 0.0
1.5093677043914795, 88.76711975058987, 3.0371198974701867, -70.03360293548997, 0.0, 0.0, 0.0
1.555999755859375, 88.76711975058987, 3.0371198974701867, -70.03360293548997, 0.0, 0.0, 0.0
1.5564870834350586, 88.76711975058987, 3.0371198974701867, -70.03360293548997, 0.0, 0.0, 0.0
1.5818202495574951, 88.76711975058987, 3.0371198974701867, -70.03360293548997, 0.0, 0.0, 0.0
1.5819933414459229, 88.76711975058987, 3.0371198974701867, -70.03360293548997, 0.0, 0.0, 0.0
1.605285406112671, 88.76711975058987, 3.0371198974701867, -70.03360293548997, 0.0, 0.0, 0.0
1.6053991317749023, 88.76711975058987, 3.0371198974701867, -70.03360293548997, 0.0, 0.0, 0.0
1.6226847171783447, 88.76711975058987, 3.0371198974701867, -70.03360293548997, 0.0, 0.0, 0.0
1.622802495956421, 88.76711975058987, 3.0371198974701867, -70.03360293548997, 0.0, 0.0, 0.0
1.6383898258209229, 88.76711975058987, 3.0371198974701867, -70.03360293548997, 0.0, 0.0, 0.0
1.638498306274414, 88.76711975058987, 3.0371198974701867, -70.03360293548997, 0.0, 0.0, 0.0
1.6591479778289795, 88.76711975058987, 3.0371198974701867, -70.03360293548997, 0.0, 0.0, 0.0
1.6592564582824707, 88.76711975058987, 3.0371198974701867, -70.03360293548997, 0.0, 0.0, 0.0
1.688577651977539, 88.76711975058987, 3.0371198974701867, -70.03360293548997, 0.0, 0.0, 0.0
1.6886944770812988, 88.76711975058987, 3.0371198974701867, -70.03360293548997, 0.0, 0.0, 0.0
1.7051775455474854, 88.76711975058987, 3.0371198974701867, -70.03360293548997, 0.0, 0.0, 0.0
1.7052903175354004, 88.76711975058987, 3.0371198974701867, -70.03360293548997, 0.0, 0.0, 0.0
1.721893548965454, 88.76711975058987, 3.0371198974701867, -70.03360293548997, 0.0, 0.0, 0.0
1.7220098972320557, 88.76711975058987, 3.0371198974701867, -70.03360293548997, 0.0, 0.0, 0.0
1.7387404441833496, 88.76711975058987, 3.0371198974701867, -70.03360293548997, 0.0, 0.0, 0.0
1.7388544082641602, 88.76711975058987, 3.0371198974701867, -70.03360293548997, 0.0, 0.0, 0.0
1.766355276107788, 88.76711975058987, 3.0371198974701867, -70.03360293548997, 0.0, 0.0, 0.0
1.7666254043579102, 88.76711975058987, 3.0371198974701867, -70.03360293548997, 0.0, 0.0, 0.0
1.7924549579620361, 88.76711975058987, 3.0371198974701867, -70.03360293548997, 0.0, 0.0, 0.0
1.7927298545837402, 88.76711975058987, 3.0371198974701867, -70.03360293548997, 0.0, 0.0, 0.0
1.812863826751709, 88.76711975058987, 3.0371198974701867, -70.03360293548997, 0.0, 0.0, 0.0
1.8130221366882324, 88.76711975058987, 3.0371198974701867, -70.03360293548997, 0.0, 0.0, 0.0
1.829362392425537, 88.76711975058987, 3.0371198974701867, -70.03360293548997, 0.0, 0.0, 0.0
1.8294966220855713, 88.76711975058987, 3.0371198974701867, -70.03360293548997, 0.0, 0.0, 0.0
1.8436083793640137, 88.76711975058987, 3.0371198974701867, -70.03360293548997, 0.0, 0.0, 0.0
1.8437156677246094, 88.76711975058987, 3.0371198974701867, -70.03360293548997, 0.0, 0.0, 0.0
1.8739755153656006, 88.76711975058987, 3.0371198974701867, -70.03360293548997, 0.0, 0.0, 0.0
1.874096393585205, 88.76711975058987, 3.0371198974701867, -70.03360293548997, 0.0, 0.0, 0.0
1.8885321617126465, 88.76711975058987, 3.0371198974701867, -70.03360293548997, 0.0, 0.0, 0.0
1.8886466026306152, 88.76711975058987, 3.0371198974701867, -70.03360293548997, 0.0, 0.0, 0.0
1.9053943157196045, 88.76711975058987, 3.0371198974701867, -70.03360293548997, 0.0, 0.0, 0.0
1.9055097103118896, 88.76711975058987, 3.0371198974701867, -70.03360293548997, 0.0, 0.0, 0.0
1.921950340270996, 88.76711975058987, 3.0371198974701867, -70.03360293548997, 0.0, 0.0, 0.0
1.9220678806304932, 88.76711975058987, 3.0371198974701867, -70.03360293548997, 0.0, 0.0, 0.0
1.938706636428833, 88.76711975058987, 3.0371198974701867, -70.03360293548997, 0.0, 0.0, 0.0
1.9388186931610107, 88.76711975058987, 3.0371198974701867, -70.03360293548997, 0.0, 0.0, 0.0
1.9590344429016113, 88.76711975058987, 3.0371198974701867, -70.03360293548997, 0.0, 0.0, 0.0
1.959141492843628, 88.76711975058987, 3.0371198974701867, -70.03360293548997, 0.0, 0.0, 0.0
2.0059926509857178, 88.76711975058987, 3.0371198974701867, -70.03360293548997, 0.0, 0.0, 0.0
2.006495237350464, 88.76711975058987, 3.0371198974701867, -70.03360293548997, 0.0, 0.0, 0.0
2.028651475906372, 88.76711975058987, 3.0371198974701867, -70.03360293548997, 0.0, 0.0, 0.0
2.0287981033325195, 88.76711975058987, 3.0371198974701867, -70.03360293548997, 0.0, 0.0, 0.0
2.0551185607910156, 88.76711975058987, 3.0371198974701867, -70.03360293548997, 0.0, 0.0, 0.0
2.0552332401275635, 88.76711975058987, 3.0371198974701867, -70.03360293548997, 0.0, 0.0, 0.0
2.0720794200897217, 88.76711975058987, 3.0371198974701867, -70.03360293548997, 0.0, 0.0, 0.0
2.072192668914795, 88.76711975058987, 3.0371198974701867, -70.03360293548997, 0.0, 0.0, 0.0
2.088655471801758, 88.76711975058987, 3.0371198974701867, -70.03360293548997, 0.0, 0.0, 0.0
2.088771104812622, 88.76711975058987, 3.0371198974701867, -70.03360293548997, 0.0, 0.0, 0.0
2.1219735145568848, 88.76711975058987, 3.0371198974701867, -70.03360293548997, 0.0, 0.0, 0.0
2.1220967769622803, 88.76711975058987, 3.0371198974701867, -70.03360293548997, 0.0, 0.0, 0.0
2.139162302017212, 88.76711975058987, 3.0371198974701867, -70.03360293548997, 0.0, 0.0, 0.0
2.1392910480499268, 88.76711975058987, 3.0371198974701867, -70.03360293548997, 0.0, 0.0, 0.0
2.155377149581909, 88.76711975058987, 3.0371198974701867, -70.03360293548997, 0.0, 0.0, 0.0
2.1554903984069824, 88.76711975058987, 3.0371198974701867, -70.03360293548997, 0.0, 0.0, 0.0
2.172051191329956, 88.76711975058987, 3.0371198974701867, -70.03360293548997, 0.0, 0.0, 0.0
2.1721675395965576, 88.76711975058987, 3.0371198974701867, -70.03360293548997, 0.0, 0.0, 0.0
2.1888070106506348, 88.76711975058987, 3.0371198974701867, -70.03360293548997, 0.0, 0.0, 0.0
2.188922166824341, 88.76711975058987, 3.0371198974701867, -70.03360293548997, 0.0, 0.0, 0.0
2.20644474029541, 88.76711975058987, 3.0371198974701867, -70.03360293548997, 0.0, 0.0, 0.0
2.206554651260376, 88.76711975058987, 3.0371198974701867, -70.03360293548997, 0.0, 0.0, 0.0
2.2258923053741455, 88.76711975058987, 3.0371198974701867, -70.03360293548997, 0.0, 0.0, 0.0
2.2259974479675293, 88.76711975058987, 3.0371198974701867, -70.03360293548997, 0.0, 0.0, 0.0
2.255096435546875, 88.76711975058987, 3.0371198974701867, -70.03360293548997, 0.0, 0.0, 0.0
2.2552099227905273, 88.76711975058987, 3.0371198974701867, -70.03360293548997, 0.0, 0.0, 0.0
2.272125005722046, 88.76711975058987, 3.0371198974701867, -70.03360293548997, 0.0, 0.0, 0.0
2.2722387313842773, 88.76711975058987, 3.0371198974701867, -70.03360293548997, 0.0, 0.0, 0.0
2.2882094383239746, 88.76711975058987, 3.0371198974701867, -70.03360293548997, 0.0, 0.0, 0.0
2.2883217334747314, 88.76711975058987, 3.0371198974701867, -70.03360293548997, 0.0, 0.0, 0.0
2.3220832347869873, 88.76711975058987, 3.0371198974701867, -70.03360293548997, 0.0, 0.0, 0.0
2.3221888542175293, 88.76711975058987, 3.0371198974701867, -70.03360293548997, 0.0, 0.0, 0.0
2.3383407592773438, 88.76711975058987, 3.0371198974701867, -70.03360293548997, 0.0, 0.0, 0.0
2.3384456634521484, 88.76711975058987, 3.0371198974701867, -70.03360293548997, 0.0, 0.0, 0.0
2.355226755142212, 88.76711975058987, 3.0371198974701867, -70.03360293548997, 0.0, 0.0, 0.0
2.3553333282470703, 88.76711975058987, 3.0371198974701867, -70.03360293548997, 0.0, 0.0, 0.0
2.3718464374542236, 88.76711975058987, 3.0371198974701867, -70.03360293548997, 0.0, 0.0, 0.0
2.371950387954712, 88.76711975058987, 3.0371198974701867, -70.03360293548997, 0.0, 0.0, 0.0
2.3882899284362793, 88.76711975058987, 3.0371198974701867, -70.03360293548997, 0.0, 0.0, 0.0
2.388397455215454, 88.76711975058987, 3.0371198974701867, -70.03360293548997, 0.0, 0.0, 0.0
2.4217910766601562, 88.76711975058987, 3.0371198974701867, -70.03360293548997, 0.0, 0.0, 0.0
2.421903610229492, 88.76711975058987, 3.0371198974701867, -70.03360293548997, 0.0, 0.0, 0.0
2.4384100437164307, 88.76711975058987, 3.0371198974701867, -70.03360293548997, 0.0, 0.0, 0.0
2.438523292541504, 88.76711975058987, 3.0371198974701867, -70.03360293548997, 0.0, 0.0, 0.0
2.4717772006988525, 88.76711975058987, 3.0371198974701867, -70.03360293548997, 0.0, 0.0, 0.0
2.4718921184539795, 88.76711975058987, 3.0371198974701867, -70.03360293548997, 0.0, 0.0, 0.0
2.5051496028900146, 88.76711975058987, 3.0371198974701867, -70.03360293548997, 0.0, 0.0, 0.0
2.505262613296509, 88.76711975058987, 3.0371198974701867, -70.03360293548997, 0.0, 0.0, 0.0
2.5221550464630127, 88.76711975058987, 3.0371198974701867, -70.03360293548997, 0.0, 0.0, 0.0
2.5222675800323486, 88.76711975058987, 3.0371198974701867, -70.03360293548997, 0.0, 0.0, 0.0
2.5573570728302, 88.76711975058987, 3.0371198974701867, -70.03360293548997, 0.0, 0.0, 0.0
2.5578131675720215, 88.76711975058987, 3.0371198974701867, -70.03360293548997, 0.0, 0.0, 0.0
2.5831172466278076, 88.76711975058987, 3.0371198974701867, -70.03360293548997, 0.0, 0.0, 0.0
2.583275318145752, 88.76711975058987, 3.0371198974701867, -70.03360293548997, 0.0, 0.0, 0.0
2.6055655479431152, 88.76711975058987, 3.0371198974701867, -70.03360293548997, 0.0, 0.0, 0.0
2.6056807041168213, 88.76711975058987, 3.0371198974701867, -70.03360293548997, 0.0, 0.0, 0.0
2.6223721504211426, 88.76711975058987, 3.0371198974701867, -70.03360293548997, 0.0, 0.0, 0.0
2.622483491897583, 88.76711975058987, 3.0371198974701867, -70.03360293548997, 0.0, 0.0, 0.0
2.656853675842285, 88.76711975058987, 3.0371198974701867, -70.03360293548997, 0.0, 0.0, 0.0
2.6569607257843018, 88.76711975058987, 3.0371198974701867, -70.03360293548997, 0.0, 0.0, 0.0
2.6715383529663086, 88.76711975058987, 3.0371198974701867, -70.03360293548997, 0.0, 0.0, 0.0
2.6716480255126953, 88.76711975058987, 3.0371198974701867, -70.03360293548997, 0.0, 0.0, 0.0
2.689319372177124, 88.76711975058987, 3.0371198974701867, -70.03360293548997, 0.0, 0.0, 0.0
2.6894330978393555, 88.76711975058987, 3.0371198974701867, -70.03360293548997, 0.0, 0.0, 0.0
2.705515146255493, 88.76711975058987, 3.0371198974701867, -70.03360293548997, 0.0, 0.0, 0.0
2.705629348754883, 88.76711975058987, 3.0371198974701867, -70.03360293548997, 0.0, 0.0, 0.0
2.7222647666931152, 88.76711975058987, 3.0371198974701867, -70.03360293548997, 0.0, 0.0, 0.0
2.7223739624023438, 88.76711975058987, 3.0371198974701867, -70.03360293548997, 0.0, 0.0, 0.0
2.755049467086792, 88.76711975058987, 3.0371198974701867, -70.03360293548997, 0.0, 0.0, 0.0
2.755164384841919, 88.76711975058987, 3.0371198974701867, -70.03360293548997, 0.0, 0.0, 0.0
2.77252459526062, 88.76711975058987, 3.0371198974701867, -70.03360293548997, 0.0, 0.0, 0.0
2.7726387977600098, 88.76711975058987, 3.0371198974701867, -70.03360293548997, 0.0, 0.0, 0.0
2.7892723083496094, 88.76711975058987, 3.0371198974701867, -70.03360293548997, 0.0, 0.0, 0.0
2.7893877029418945, 88.76711975058987, 3.0371198974701867, -70.03360293548997, 0.0, 0.0, 0.0
2.805293560028076, 88.76711975058987, 3.0371198974701867, -70.03360293548997, 0.0, 0.0, 0.0
2.805405616760254, 88.76711975058987, 3.0371198974701867, -70.03360293548997, 0.0, 0.0, 0.0
2.8217763900756836, 88.76711975058987, 3.0371198974701867, -70.03360293548997, 0.0, 0.0, 0.0
2.821885108947754, 88.76711975058987, 3.0371198974701867, -70.03360293548997, 0.0, 0.0, 0.0
2.8551814556121826, 88.76711975058987, 3.0371198974701867, -70.03360293548997, 0.0, 0.0, 0.0
2.855295419692993, 88.76711975058987, 3.0371198974701867, -70.03360293548997, 0.0, 0.0, 0.0
2.8718578815460205, 88.76711975058987, 3.0371198974701867, -70.03360293548997, 0.0, 0.0, 0.0
2.871971368789673, 88.76711975058987, 3.0371198974701867, -70.03360293548997, 0.0, 0.0, 0.0
2.888664960861206, 88.76711975058987, 3.0371198974701867, -70.03360293548997, 0.0, 0.0, 0.0
2.8887767791748047, 88.76711975058987, 3.0371198974701867, -70.03360293548997, 0.0, 0.0, 0.0
2.905294179916382, 88.76711975058987, 3.0371198974701867, -70.03360293548997, 0.0, 0.0, 0.0
2.9054081439971924, 88.76711975058987, 3.0371198974701867, -70.03360293548997, 0.0, 0.0, 0.0
2.9220643043518066, 88.76711975058987, 3.0371198974701867, -70.03360293548997, 0.0, 0.0, 0.0
2.922177314758301, 88.76711975058987, 3.0371198974701867, -70.03360293548997, 0.0, 0.0, 0.0
2.955579996109009, 88.76711975058987, 3.0371198974701867, -70.03360293548997, 0.0, 0.0, 0.0
2.9557042121887207, 88.76711975058987, 3.0371198974701867, -70.03360293548997, 0.0, 0.0, 0.0
2.97202730178833, 88.76711975058987, 3.0371198974701867, -70.03360293548997, 0.0, 0.0, 0.0
2.9721426963806152, 88.76711975058987, 3.0371198974701867, -70.03360293548997, 0.0, 0.0, 0.0
2.988213300704956, 88.76711975058987, 3.0371198974701867, -70.03360293548997, 0.0, 0.0, 0.0
2.9883248805999756, 88.76711975058987, 3.0371198974701867, -70.03360293548997, 0.0, 0.0, 0.0
3.005215644836426, 88.76711975058987, 3.0371198974701867, -70.03360293548997, 0.0, 0.0, 0.0
3.0053272247314453, 88.76711975058987, 3.0371198974701867, -70.03360293548997, 0.0, 0.0, 0.0
3.0217044353485107, 88.76711975058987, 3.0371198974701867, -70.03360293548997, 0.0, 0.0, 0.0
3.021813154220581, 88.76711975058987, 3.0371198974701867, -70.03360293548997, 0.0, 0.0, 0.0
3.0399582386016846, 88.76711975058987, 3.0371198974701867, -70.03360293548997, 0.0, 0.0, 0.0
3.040074348449707, 88.76711975058987, 3.0371198974701867, -70.03360293548997, 0.0, 0.0, 0.0
3.060068368911743, 88.76711975058987, 3.0371198974701867, -70.03360293548997, 0.0, 0.0, 0.0
3.060176134109497, 88.76711975058987, 3.0371198974701867, -70.03360293548997, 0.0, 0.0, 0.0
3.0885066986083984, 88.76711975058987, 3.0371198974701867, -70.03360293548997, 0.0, 0.0, 0.0
3.0886282920837402, 88.76711975058987, 3.0371198974701867, -70.03360293548997, 0.0, 0.0, 0.0
3.1049296855926514, 88.76711975058987, 3.0371198974701867, -70.03360293548997, 0.0, 0.0, 0.0
3.1050453186035156, 88.76711975058987, 3.0371198974701867, -70.03360293548997, 0.0, 0.0, 0.0
3.1217026710510254, 88.76711975058987, 3.0371198974701867, -70.03360293548997, 0.0, 0.0, 0.0
3.1218149662017822, 88.76711975058987, 3.0371198974701867, -70.03360293548997, 0.0, 0.0, 0.0
3.1396219730377197, 88.76711975058987, 3.0371198974701867, -70.03360293548997, 0.0, 0.0, 0.0
3.1397366523742676, 88.76711975058987, 3.0371198974701867, -70.03360293548997, 0.0, 0.0, 0.0
3.172004222869873, 88.76711975058987, 3.0371198974701867, -70.03360293548997, 0.0, 0.0, 0.0
3.1721200942993164, 88.76711975058987, 3.0371198974701867, -70.03360293548997, 0.0, 0.0, 0.0
3.1885528564453125, 88.76711975058987, 3.0371198974701867, -70.03360293548997, 0.0, 0.0, 0.0
3.1886661052703857, 88.76711975058987, 3.0371198974701867, -70.03360293548997, 0.0, 0.0, 0.0
3.2053563594818115, 88.76711975058987, 3.0371198974701867, -70.03360293548997, 0.0, 0.0, 0.0
3.2054672241210938, 88.76711975058987, 3.0371198974701867, -70.03360293548997, 0.0, 0.0, 0.0
3.2219738960266113, 88.76711975058987, 3.0371198974701867, -70.03360293548997, 0.0, 0.0, 0.0
3.2220916748046875, 88.76711975058987, 3.0371198974701867, -70.03360293548997, 0.0, 0.0, 0.0
3.255095958709717, 88.76711975058987, 3.0371198974701867, -70.03360293548997, 0.0, 0.0, 0.0
3.2552099227905273, 88.76711975058987, 3.0371198974701867, -70.03360293548997, 0.0, 0.0, 0.0
3.2720251083374023, 88.76711975058987, 3.0371198974701867, -70.03360293548997, 0.0, 0.0, 0.0
3.27213978767395, 88.76711975058987, 3.0371198974701867, -70.03360293548997, 0.0, 0.0, 0.0
3.288630723953247, 88.76711975058987, 3.0371198974701867, -70.03360293548997, 0.0, 0.0, 0.0
3.2887425422668457, 88.76711975058987, 3.0371198974701867, -70.03360293548997, 0.0, 0.0, 0.0
3.305314302444458, 88.76711975058987, 3.0371198974701867, -70.03360293548997, 0.0, 0.0, 0.0
3.3054306507110596, 88.76711975058987, 3.0371198974701867, -70.03360293548997, 0.0, 0.0, 0.0
3.322432041168213, 88.76711975058987, 3.0371198974701867, -70.03360293548997, 0.0, 0.0, 0.0
3.3225595951080322, 88.76711975058987, 3.0371198974701867, -70.03360293548997, 0.0, 0.0, 0.0
3.355181932449341, 88.76711975058987, 3.0371198974701867, -70.03360293548997, 0.0, 0.0, 0.0
3.3552935123443604, 88.76711975058987, 3.0371198974701867, -70.03360293548997, 0.0, 0.0, 0.0
3.3719141483306885, 88.76711975058987, 3.0371198974701867, -70.03360293548997, 0.0, 0.0, 0.0
3.3720335960388184, 88.76711975058987, 3.0371198974701867, -70.03360293548997, 0.0, 0.0, 0.0
3.3883957862854004, 88.76711975058987, 3.0371198974701867, -70.03360293548997, 0.0, 0.0, 0.0
3.388504981994629, 88.76711975058987, 3.0371198974701867, -70.03360293548997, 0.0, 0.0, 0.0
3.4055023193359375, 88.76711975058987, 3.0371198974701867, -70.03360293548997, 0.0, 0.0, 0.0
3.4056143760681152, 88.76711975058987, 3.0371198974701867, -70.03360293548997, 0.0, 0.0, 0.0
3.4221279621124268, 88.76711975058987, 3.0371198974701867, -70.03360293548997, 0.0, 0.0, 0.0
3.4222400188446045, 88.76711975058987, 3.0371198974701867, -70.03360293548997, 0.0, 0.0, 0.0
3.4551444053649902, 88.76711975058987, 3.0371198974701867, -70.03360293548997, 0.0, 0.0, 0.0
3.455256223678589, 88.76711975058987, 3.0371198974701867, -70.03360293548997, 0.0, 0.0, 0.0
3.4725611209869385, 88.76711975058987, 3.0371198974701867, -70.03360293548997, 0.0, 0.0, 0.0
3.4726736545562744, 88.76711975058987, 3.0371198974701867, -70.03360293548997, 0.0, 0.0, 0.0
3.488724946975708, 88.76711975058987, 3.0371198974701867, -70.03360293548997, 0.0, 0.0, 0.0
3.4888367652893066, 88.76711975058987, 3.0371198974701867, -70.03360293548997, 0.0, 0.0, 0.0
3.5058822631835938, 88.76711975058987, 3.0371198974701867, -70.03360293548997, 0.0, 0.0, 0.0
3.5059974193573, 88.76711975058987, 3.0371198974701867, -70.03360293548997, 0.0, 0.0, 0.0
3.5226640701293945, 88.76711975058987, 3.0371198974701867, -70.03360293548997, 0.0, 0.0, 0.0
3.5227766036987305, 88.76711975058987, 3.0371198974701867, -70.03360293548997, 0.0, 0.0, 0.0
3.5551822185516357, 88.76711975058987, 3.0371198974701867, -70.03360293548997, 0.0, 0.0, 0.0
3.555297374725342, 88.76711975058987, 3.0371198974701867, -70.03360293548997, 0.0, 0.0, 0.0
3.5726335048675537, 88.76711975058987, 3.0371198974701867, -70.03360293548997, 0.0, 0.0, 0.0
3.572749137878418, 88.76711975058987, 3.0371198974701867, -70.03360293548997, 0.0, 0.0, 0.0
3.5891342163085938, 88.76711975058987, 3.0371198974701867, -70.03360293548997, 0.0, 0.0, 0.0
3.5892465114593506, 88.76711975058987, 3.0371198974701867, -70.03360293548997, 0.0, 0.0, 0.0
3.605154514312744, 88.76711975058987, 3.0371198974701867, -70.03360293548997, 0.0, 0.0, 0.0
3.605266571044922, 88.76711975058987, 3.0371198974701867, -70.03360293548997, 0.0, 0.0, 0.0
3.6226680278778076, 88.76711975058987, 3.0371198974701867, -70.03360293548997, 0.0, 0.0, 0.0
3.6227824687957764, 88.76711975058987, 3.0371198974701867, -70.03360293548997, 0.0, 0.0, 0.0
3.6554651260375977, 88.76711975058987, 3.0371198974701867, -70.03360293548997, 0.0, 0.0, 0.0
3.6555793285369873, 88.76711975058987, 3.0371198974701867, -70.03360293548997, 0.0, 0.0, 0.0
3.6725194454193115, 88.76711975058987, 3.0371198974701867, -70.03360293548997, 0.0, 0.0, 0.0
3.6726303100585938, 88.76711975058987, 3.0371198974701867, -70.03360293548997, 0.0, 0.0, 0.0
3.689230442047119, 88.76711975058987, 3.0371198974701867, -70.03360293548997, 0.0, 0.0, 0.0
3.689344882965088, 88.76711975058987, 3.0371198974701867, -70.03360293548997, 0.0, 0.0, 0.0
3.705141305923462, 88.76711975058987, 3.0371198974701867, -70.03360293548997, 0.0, 0.0, 0.0
3.705254316329956, 88.76711975058987, 3.0371198974701867, -70.03360293548997, 0.0, 0.0, 0.0
3.722609043121338, 88.76711975058987, 3.0371198974701867, -70.03360293548997, 0.0, 0.0, 0.0
3.722722291946411, 88.76711975058987, 3.0371198974701867, -70.03360293548997, 0.0, 0.0, 0.0
3.7557194232940674, 88.76711975058987, 3.0371198974701867, -70.03360293548997, 0.0, 0.0, 0.0
3.7558460235595703, 88.76711975058987, 3.0371198974701867, -70.03360293548997, 0.0, 0.0, 0.0
3.772423028945923, 88.76711975058987, 3.0371198974701867, -70.03360293548997, 0.0, 0.0, 0.0
3.7725348472595215, 88.76711975058987, 3.0371198974701867, -70.03360293548997, 0.0, 0.0, 0.0
3.7889673709869385, 88.76711975058987, 3.0371198974701867, -70.03360293548997, 0.0, 0.0, 0.0
3.7890820503234863, 88.76711975058987, 3.0371198974701867, -70.03360293548997, 0.0, 0.0, 0.0
3.8057591915130615, 88.76711975058987, 3.0371198974701867, -70.03360293548997, 0.0, 0.0, 0.0
3.8058714866638184, 88.76711975058987, 3.0371198974701867, -70.03360293548997, 0.0, 0.0, 0.0
3.8223466873168945, 88.76711975058987, 3.0371198974701867, -70.03360293548997, 0.0, 0.0, 0.0
3.8224596977233887, 88.76711975058987, 3.0371198974701867, -70.03360293548997, 0.0, 0.0, 0.0
3.8553953170776367, 88.76711975058987, 3.0371198974701867, -70.03360293548997, 0.0, 0.0, 0.0
3.8555071353912354, 88.76711975058987, 3.0371198974701867, -70.03360293548997, 0.0, 0.0, 0.0
3.8724710941314697, 88.76711975058987, 3.0371198974701867, -70.03360293548997, 0.0, 0.0, 0.0
3.8725855350494385, 88.76711975058987, 3.0371198974701867, -70.03360293548997, 0.0, 0.0, 0.0
3.889359951019287, 88.76711975058987, 3.0371198974701867, -70.03360293548997, 0.0, 0.0, 0.0
3.889478921890259, 88.76711975058987, 3.0371198974701867, -70.03360293548997, 0.0, 0.0, 0.0
3.905827283859253, 88.76711975058987, 3.0371198974701867, -70.03360293548997, 0.0, 0.0, 0.0
3.905940055847168, 88.76711975058987, 3.0371198974701867, -70.03360293548997, 0.0, 0.0, 0.0
3.9227042198181152, 88.76711975058987, 3.0371198974701867, -70.03360293548997, 0.0, 0.0, 0.0
3.9228179454803467, 88.76711975058987, 3.0371198974701867, -70.03360293548997, 0.0, 0.0, 0.0
3.9552536010742188, 88.76711975058987, 3.0371198974701867, -70.03360293548997, 0.0, 0.0, 0.0
3.9553682804107666, 88.76711975058987, 3.0371198974701867, -70.03360293548997, 0.0, 0.0, 0.0
3.971932888031006, 88.76711975058987, 3.0371198974701867, -70.03360293548997, 0.0, 0.0, 0.0
3.9720473289489746, 88.76711975058987, 3.0371198974701867, -70.03360293548997, 0.0, 0.0, 0.0
3.9885802268981934, 88.76711975058987, 3.0371198974701867, -70.03360293548997, 0.0, 0.0, 0.0
3.988694906234741, 88.76711975058987, 3.0371198974701867, -70.03360293548997, 0.0, 0.0, 0.0
4.005181074142456, 88.76711975058987, 3.0371198974701867, -70.03360293548997, 0.0, 0.0, 0.0
4.005292892456055, 88.76711975058987, 3.0371198974701867, -70.03360293548997, 0.0, 0.0, 0.0
4.021823406219482, 88.76711975058987, 3.0371198974701867, -70.03360293548997, 0.0, 0.0, 0.0
4.02193808555603, 88.76711975058987, 3.0371198974701867, -70.03360293548997, 0.0, 0.0, 0.0
4.039825439453125, 88.76711975058987, 3.0371198974701867, -70.03360293548997, 0.0, 0.0, 0.0
4.039933204650879, 88.76711975058987, 3.0371198974701867, -70.03360293548997, 0.0, 0.0, 0.0
4.07184910774231, 88.76711975058987, 3.0371198974701867, -70.03360293548997, 0.0, 0.0, 0.0
4.071964979171753, 88.76711975058987, 3.0371198974701867, -70.03360293548997, 0.0, 0.0, 0.0
4.089000463485718, 88.76711975058987, 3.0371198974701867, -70.03360293548997, 0.0, 0.0, 0.0
4.0891265869140625, 88.76711975058987, 3.0371198974701867, -70.03360293548997, 0.0, 0.0, 0.0
4.105208873748779, 88.76711975058987, 3.0371198974701867, -70.03360293548997, 0.0, 0.0, 0.0
4.105327129364014, 88.76711975058987, 3.0371198974701867, -70.03360293548997, 0.0, 0.0, 0.0
4.121933698654175, 88.76711975058987, 3.0371198974701867, -70.03360293548997, 0.0, 0.0, 0.0
4.122053623199463, 88.76711975058987, 3.0371198974701867, -70.03360293548997, 0.0, 0.0, 0.0
4.154983997344971, 88.76711975058987, 3.0371198974701867, -70.03360293548997, 0.0, 0.0, 0.0
4.155099868774414, 88.76711975058987, 3.0371198974701867, -70.03360293548997, 0.0, 0.0, 0.0
4.188400506973267, 88.76711975058987, 3.0371198974701867, -70.03360293548997, 0.0, 0.0, 0.0
4.188514947891235, 88.76711975058987, 3.0371198974701867, -70.03360293548997, 0.0, 0.0, 0.0
4.221898078918457, 88.76711975058987, 3.0371198974701867, -70.03360293548997, 0.0, 0.0, 0.0
4.222013473510742, 88.76711975058987, 3.0371198974701867, -70.03360293548997, 0.0, 0.0, 0.0
4.238945960998535, 88.76711975058987, 3.0371198974701867, -70.03360293548997, 0.0, 0.0, 0.0
4.23907470703125, 88.76711975058987, 3.0371198974701867, -70.03360293548997, 0.0, 0.0, 0.0
4.255517244338989, 88.76711975058987, 3.0371198974701867, -70.03360293548997, 0.0, 0.0, 0.0
4.255640268325806, 88.76711975058987, 3.0371198974701867, -70.03360293548997, 0.0, 0.0, 0.0
4.272027015686035, 88.76711975058987, 3.0371198974701867, -70.03360293548997, 0.0, 0.0, 0.0
4.272135496139526, 88.76711975058987, 3.0371198974701867, -70.03360293548997, 0.0, 0.0, 0.0
4.288581132888794, 88.76711975058987, 3.0371198974701867, -70.03360293548997, 0.0, 0.0, 0.0
4.288690805435181, 88.76711975058987, 3.0371198974701867, -70.03360293548997, 0.0, 0.0, 0.0
4.3221399784088135, 88.76711975058987, 3.0371198974701867, -70.03360293548997, 0.0, 0.0, 0.0
4.322246074676514, 88.76711975058987, 3.0371198974701867, -70.03360293548997, 0.0, 0.0, 0.0
4.338302373886108, 88.76711975058987, 3.0371198974701867, -70.03360293548997, 0.0, 0.0, 0.0
4.338407278060913, 88.76711975058987, 3.0371198974701867, -70.03360293548997, 0.0, 0.0, 0.0
4.355266094207764, 88.76711975058987, 3.0371198974701867, -70.03360293548997, 0.0, 0.0, 0.0
4.355374336242676, 88.76711975058987, 3.0371198974701867, -70.03360293548997, 0.0, 0.0, 0.0
4.372138023376465, 88.76711975058987, 3.0371198974701867, -70.03360293548997, 0.0, 0.0, 0.0
4.37224555015564, 88.76711975058987, 3.0371198974701867, -70.03360293548997, 0.0, 0.0, 0.0
4.388315916061401, 88.76711975058987, 3.0371198974701867, -70.03360293548997, 0.0, 0.0, 0.0
4.38842511177063, 88.76711975058987, 3.0371198974701867, -70.03360293548997, 0.0, 0.0, 0.0
4.409100294113159, 88.76711975058987, 3.0371198974701867, -70.03360293548997, 0.0, 0.0, 0.0
4.409203290939331, 88.76711975058987, 3.0371198974701867, -70.03360293548997, 0.0, 0.0, 0.0
4.438424348831177, 88.76711975058987, 3.0371198974701867, -70.03360293548997, 0.0, 0.0, 0.0
4.438536882400513, 88.76711975058987, 3.0371198974701867, -70.03360293548997, 0.0, 0.0, 0.0
4.455248117446899, 88.76711975058987, 3.0371198974701867, -70.03360293548997, 0.0, 0.0, 0.0
4.455359697341919, 88.76711975058987, 3.0371198974701867, -70.03360293548997, 0.0, 0.0, 0.0
4.471983194351196, 88.76711975058987, 3.0371198974701867, -70.03360293548997, 0.0, 0.0, 0.0
4.47210168838501, 88.76711975058987, 3.0371198974701867, -70.03360293548997, 0.0, 0.0, 0.0
4.488593816757202, 88.76711975058987, 3.0371198974701867, -70.03360293548997, 0.0, 0.0, 0.0
4.488701105117798, 88.76711975058987, 3.0371198974701867, -70.03360293548997, 0.0, 0.0, 0.0
4.522116661071777, 88.76711975058987, 3.0371198974701867, -70.03360293548997, 0.0, 0.0, 0.0
4.522221088409424, 88.76711975058987, 3.0371198974701867, -70.03360293548997, 0.0, 0.0, 0.0
4.538114070892334, 88.76711975058987, 3.0371198974701867, -70.03360293548997, 0.0, 0.0, 0.0
4.538216590881348, 88.76711975058987, 3.0371198974701867, -70.03360293548997, 0.0, 0.0, 0.0
4.555805206298828, 88.76711975058987, 3.0371198974701867, -70.03360293548997, 0.0, 0.0, 0.0
4.555914878845215, 88.76711975058987, 3.0371198974701867, -70.03360293548997, 0.0, 0.0, 0.0
4.572683572769165, 88.76711975058987, 3.0371198974701867, -70.03360293548997, 0.0, 0.0, 0.0
4.5727925300598145, 88.76711975058987, 3.0371198974701867, -70.03360293548997, 0.0, 0.0, 0.0
4.589156150817871, 88.76711975058987, 3.0371198974701867, -70.03360293548997, 0.0, 0.0, 0.0
4.589272737503052, 88.76711975058987, 3.0371198974701867, -70.03360293548997, 0.0, 0.0, 0.0
4.62172532081604, 88.76711975058987, 3.0371198974701867, -70.03360293548997, 0.0, 0.0, 0.0
4.621840715408325, 88.76711975058987, 3.0371198974701867, -70.03360293548997, 0.0, 0.0, 0.0
4.6386191844940186, 88.76711975058987, 3.0371198974701867, -70.03360293548997, 0.0, 0.0, 0.0
4.638733148574829, 88.76711975058987, 3.0371198974701867, -70.03360293548997, 0.0, 0.0, 0.0
4.655282020568848, 88.76711975058987, 3.0371198974701867, -70.03360293548997, 0.0, 0.0, 0.0
4.655393838882446, 88.76711975058987, 3.0371198974701867, -70.03360293548997, 0.0, 0.0, 0.0
4.672209739685059, 88.76711975058987, 3.0371198974701867, -70.03360293548997, 0.0, 0.0, 0.0
4.672317028045654, 88.76711975058987, 3.0371198974701867, -70.03360293548997, 0.0, 0.0, 0.0
4.688619375228882, 88.76711975058987, 3.0371198974701867, -70.03360293548997, 0.0, 0.0, 0.0
4.688734292984009, 88.76711975058987, 3.0371198974701867, -70.03360293548997, 0.0, 0.0, 0.0
4.721982479095459, 88.76711975058987, 3.0371198974701867, -70.03360293548997, 0.0, 0.0, 0.0
4.722100734710693, 88.76711975058987, 3.0371198974701867, -70.03360293548997, 0.0, 0.0, 0.0
4.738444089889526, 88.76711975058987, 3.0371198974701867, -70.03360293548997, 0.0, 0.0, 0.0
4.738560676574707, 88.76711975058987, 3.0371198974701867, -70.03360293548997, 0.0, 0.0, 0.0
4.755191326141357, 88.76711975058987, 3.0371198974701867, -70.03360293548997, 0.0, 0.0, 0.0
4.755307197570801, 88.76711975058987, 3.0371198974701867, -70.03360293548997, 0.0, 0.0, 0.0
4.771945238113403, 88.76711975058987, 3.0371198974701867, -70.03360293548997, 0.0, 0.0, 0.0
4.772068738937378, 88.76711975058987, 3.0371198974701867, -70.03360293548997, 0.0, 0.0, 0.0
4.788318395614624, 88.76711975058987, 3.0371198974701867, -70.03360293548997, 0.0, 0.0, 0.0
4.788424730300903, 88.76711975058987, 3.0371198974701867, -70.03360293548997, 0.0, 0.0, 0.0
4.822687149047852, 88.76711975058987, 3.0371198974701867, -70.03360293548997, 0.0, 0.0, 0.0
4.822830438613892, 88.76711975058987, 3.0371198974701867, -70.03360293548997, 0.0, 0.0, 0.0
4.840178489685059, 88.76711975058987, 3.0371198974701867, -70.03360293548997, 0.0, 0.0, 0.0
4.84031867980957, 88.76711975058987, 3.0371198974701867, -70.03360293548997, 0.0, 0.0, 0.0
4.856647968292236, 88.76711975058987, 3.0371198974701867, -70.03360293548997, 0.0, 0.0, 0.0
4.856788635253906, 88.76711975058987, 3.0371198974701867, -70.03360293548997, 0.0, 0.0, 0.0
4.872814416885376, 88.76711975058987, 3.0371198974701867, -70.03360293548997, 0.0, 0.0, 0.0
4.872952938079834, 88.76711975058987, 3.0371198974701867, -70.03360293548997, 0.0, 0.0, 0.0
4.888442516326904, 88.76711975058987, 3.0371198974701867, -70.03360293548997, 0.0, 0.0, 0.0
4.888547897338867, 88.76711975058987, 3.0371198974701867, -70.03360293548997, 0.0, 0.0, 0.0
4.92230749130249, 88.76711975058987, 3.0371198974701867, -70.03360293548997, 0.0, 0.0, 0.0
4.922413110733032, 88.76711975058987, 3.0371198974701867, -70.03360293548997, 0.0, 0.0, 0.0
4.938805103302002, 88.76711975058987, 3.0371198974701867, -70.03360293548997, 0.0, 0.0, 0.0
4.938911199569702, 88.76711975058987, 3.0371198974701867, -70.03360293548997, 0.0, 0.0, 0.0
4.954932689666748, 88.76711975058987, 3.0371198974701867, -70.03360293548997, 0.0, 0.0, 0.0
4.955063343048096, 88.76711975058987, 3.0371198974701867, -70.03360293548997, 0.0, 0.0, 0.0
4.972118139266968, 88.76711975058987, 3.0371198974701867, -70.03360293548997, 0.0, 0.0, 0.0
4.97222638130188, 88.76711975058987, 3.0371198974701867, -70.03360293548997, 0.0, 0.0, 0.0
4.989315032958984, 88.76711975058987, 3.0371198974701867, -70.03360293548997, 0.0, 0.0, 0.0
4.989421844482422, 88.76711975058987, 3.0371198974701867, -70.03360293548997, 0.0, 0.0, 0.0
5.009132623672485, 88.76711975058987, 3.0371198974701867, -70.03360293548997, 0.0, 0.0, 0.0
5.009246110916138, 88.76711975058987, 3.0371198974701867, -70.03360293548997, 0.0, 0.0, 0.0
5.02910041809082, 88.76711975058987, 3.0371198974701867, -70.03360293548997, 0.0, 0.0, 0.0
5.029211044311523, 88.76711975058987, 3.0371198974701867, -70.03360293548997, 0.0, 0.0, 0.0
5.055160284042358, 88.76711975058987, 3.0371198974701867, -70.03360293548997, 0.0, 0.0, 0.0
5.055272102355957, 88.76711975058987, 3.0371198974701867, -70.03360293548997, 0.0, 0.0, 0.0
5.072012186050415, 88.76711975058987, 3.0371198974701867, -70.03360293548997, 0.0, 0.0, 0.0
5.0721259117126465, 88.76711975058987, 3.0371198974701867, -70.03360293548997, 0.0, 0.0, 0.0
5.088343381881714, 88.76711975058987, 3.0371198974701867, -70.03360293548997, 0.0, 0.0, 0.0
5.088453531265259, 88.76711975058987, 3.0371198974701867, -70.03360293548997, 0.0, 0.0, 0.0
5.109233856201172, 88.76711975058987, 3.0371198974701867, -70.03360293548997, 0.0, 0.0, 0.0
5.109338045120239, 88.76711975058987, 3.0371198974701867, -70.03360293548997, 0.0, 0.0, 0.0
5.129024028778076, 88.76711975058987, 3.0371198974701867, -70.03360293548997, 0.0, 0.0, 0.0
5.129135608673096, 88.76711975058987, 3.0371198974701867, -70.03360293548997, 0.0, 0.0, 0.0
