# Timestamp, Fx, Fy, Fz, Tx, Ty, Tz, FemurPosX, FemurPosY, FemurPosZ, FemurQuatW, FemurQuatX, FemurQuatY, FemurQuatZ, TibiaPosX, TibiaPosY, TibiaPosZ, TibiaQuatW, TibiaQuatX, TibiaQuatY, TibiaQuatZ
0.022932767868041992,0.0,0.0,0.0,0.0,0.0,0.0,0.141929,0.402921,0.48194,0.202776,0.621081,0.631556,-0.417465,0.00918282,0.278798,0.0430086,0.673144,0.130379,0.35802,-0.633799
0.023072004318237305,0.0,0.0,0.0,0.0,0.0,0.0,0.141929,0.402921,0.48194,0.202776,0.621081,0.631556,-0.417465,0.00918282,0.278798,0.0430086,0.673144,0.130379,0.35802,-0.633799
0.039801597595214844,0.0,0.0,0.0,0.0,0.0,0.0,0.141944,0.402935,0.481926,0.202747,0.621474,0.631014,-0.417714,0.00916788,0.278808,0.0430185,0.672976,0.130361,0.357862,-0.634069
0.03993821144104004,0.0,0.0,0.0,0.0,0.0,0.0,0.141944,0.402935,0.481926,0.202747,0.621474,0.631014,-0.417714,0.00916788,0.278808,0.0430185,0.672976,0.130361,0.357862,-0.634069
0.05575084686279297,0.0,0.0,0.0,0.0,0.0,0.0,0.141928,0.402923,0.481941,0.202739,0.621084,0.631584,-0.417436,0.00918491,0.278824,0.0430214,0.673303,0.130667,0.35788,-0.633649
0.05587148666381836,0.0,0.0,0.0,0.0,0.0,0.0,0.141928,0.402923,0.481941,0.202739,0.621084,0.631584,-0.417436,0.00918491,0.278824,0.0430214,0.673303,0.130667,0.35788,-0.633649
0.07165956497192383,0.0,0.0,0.0,0.0,0.0,0.0,0.14193,0.40292,0.481941,0.202747,0.621113,0.631566,-0.417416,0.00916929,0.278806,0.0430191,0.672975,0.130343,0.357871,-0.634069
0.07177877426147461,0.0,0.0,0.0,0.0,0.0,0.0,0.14193,0.40292,0.481941,0.202747,0.621113,0.631566,-0.417416,0.00916929,0.278806,0.0430191,0.672975,0.130343,0.357871,-0.634069
0.0893862247467041,0.0,0.0,0.0,0.0,0.0,0.0,0.141929,0.402922,0.48194,0.202697,0.621143,0.631556,-0.417411,0.00918104,0.2788,0.0430088,0.673144,0.130364,0.358066,-0.633776
0.0895082950592041,0.0,0.0,0.0,0.0,0.0,0.0,0.141929,0.402922,0.48194,0.202697,0.621143,0.631556,-0.417411,0.00918104,0.2788,0.0430088,0.673144,0.130364,0.358066,-0.633776
0.10777497291564941,0.0,0.0,0.0,0.0,0.0,0.0,0.141928,0.40292,0.481941,0.202776,0.621086,0.631569,-0.417437,0.00916916,0.278814,0.0430288,0.672993,0.130327,0.357806,-0.63409
0.10790348052978516,0.0,0.0,0.0,0.0,0.0,0.0,0.141928,0.40292,0.481941,0.202776,0.621086,0.631569,-0.417437,0.00916916,0.278814,0.0430288,0.672993,0.130327,0.357806,-0.63409
0.12848448753356934,0.0,0.0,0.0,0.0,0.0,0.0,0.141927,0.402921,0.48194,0.202749,0.621083,0.631613,-0.417389,0.00916789,0.27881,0.0430199,0.672984,0.13037,0.357853,-0.634064
0.12862610816955566,0.0,0.0,0.0,0.0,0.0,0.0,0.141927,0.402921,0.48194,0.202749,0.621083,0.631613,-0.417389,0.00916789,0.27881,0.0430199,0.672984,0.13037,0.357853,-0.634064
0.14832830429077148,0.0,0.0,0.0,0.0,0.0,0.0,0.141909,0.402948,0.481916,0.203424,0.621626,0.6309,-0.41733,0.00917796,0.278829,0.0430679,0.672544,0.129551,0.358194,-0.634506
0.1484689712524414,0.0,0.0,0.0,0.0,0.0,0.0,0.141909,0.402948,0.481916,0.203424,0.621626,0.6309,-0.41733,0.00917796,0.278829,0.0430679,0.672544,0.129551,0.358194,-0.634506
0.17319321632385254,0.0,0.0,0.0,0.0,0.0,0.0,0.141901,0.402951,0.481912,0.203698,0.621468,0.630948,-0.417359,0.00916715,0.27881,0.04302,0.672962,0.130366,0.357848,-0.634092
0.17333602905273438,0.0,0.0,0.0,0.0,0.0,0.0,0.141901,0.402951,0.481912,0.203698,0.621468,0.630948,-0.417359,0.00916715,0.27881,0.04302,0.672962,0.130366,0.357848,-0.634092
0.19028711318969727,0.0,0.0,0.0,0.0,0.0,0.0,0.141928,0.402925,0.481941,0.202717,0.621124,0.63154,-0.417455,0.00916819,0.278809,0.0430193,0.672971,0.130355,0.357854,-0.634081
0.1904294490814209,0.0,0.0,0.0,0.0,0.0,0.0,0.141928,0.402925,0.481941,0.202717,0.621124,0.63154,-0.417455,0.00916819,0.278809,0.0430193,0.672971,0.130355,0.357854,-0.634081
0.2218797206878662,0.0,0.0,0.0,0.0,0.0,0.0,0.141926,0.402925,0.48194,0.202721,0.621102,0.631576,-0.417431,0.00916764,0.278809,0.0430192,0.672978,0.130354,0.357875,-0.634061
0.22199296951293945,0.0,0.0,0.0,0.0,0.0,0.0,0.141926,0.402925,0.48194,0.202721,0.621102,0.631576,-0.417431,0.00916764,0.278809,0.0430192,0.672978,0.130354,0.357875,-0.634061
0.2387535572052002,0.0,0.0,0.0,0.0,0.0,0.0,0.141926,0.402925,0.48194,0.202721,0.621102,0.631576,-0.417431,0.00916764,0.278809,0.0430192,0.672978,0.130354,0.357875,-0.634061
0.23887062072753906,0.0,0.0,0.0,0.0,0.0,0.0,0.141926,0.402925,0.48194,0.202721,0.621102,0.631576,-0.417431,0.00916764,0.278809,0.0430192,0.672978,0.130354,0.357875,-0.634061
0.2550392150878906,0.0,0.0,0.0,0.0,0.0,0.0,0.141929,0.402922,0.481941,0.202758,0.621106,0.631584,-0.417396,0.00916877,0.278804,0.0430163,0.672859,0.130138,0.357897,-0.63422
0.25514769554138184,0.0,0.0,0.0,0.0,0.0,0.0,0.141929,0.402922,0.481941,0.202758,0.621106,0.631584,-0.417396,0.00916877,0.278804,0.0430163,0.672859,0.130138,0.357897,-0.63422
0.2717757225036621,0.0,0.0,0.0,0.0,0.0,0.0,0.141919,0.402922,0.481935,0.202987,0.620961,0.631605,-0.417468,0.00916535,0.278805,0.0430133,0.672871,0.130123,0.357924,-0.634195
0.2718791961669922,0.0,0.0,0.0,0.0,0.0,0.0,0.141919,0.402922,0.481935,0.202987,0.620961,0.631605,-0.417468,0.00916535,0.278805,0.0430133,0.672871,0.130123,0.357924,-0.634195
0.28879308700561523,0.0,0.0,0.0,0.0,0.0,0.0,0.141907,0.402946,0.481916,0.203444,0.62157,0.630916,-0.417382,0.00917957,0.278797,0.0430092,0.673132,0.130399,0.358061,-0.633784
0.28890347480773926,0.0,0.0,0.0,0.0,0.0,0.0,0.141907,0.402946,0.481916,0.203444,0.62157,0.630916,-0.417382,0.00917957,0.278797,0.0430092,0.673132,0.130399,0.358061,-0.633784
0.3217134475708008,0.0,0.0,0.0,0.0,0.0,0.0,0.141929,0.40292,0.48194,0.202717,0.621105,0.631563,-0.417448,0.00918205,0.278821,0.0430216,0.673286,0.13065,0.357866,-0.633679
0.3218231201171875,0.0,0.0,0.0,0.0,0.0,0.0,0.141929,0.40292,0.48194,0.202717,0.621105,0.631563,-0.417448,0.00918205,0.278821,0.0430216,0.673286,0.13065,0.357866,-0.633679
0.3386690616607666,0.0,0.0,0.0,0.0,0.0,0.0,0.141928,0.402922,0.481941,0.202784,0.621044,0.631621,-0.417419,0.00917727,0.278827,0.0430643,0.672416,0.129385,0.358265,-0.634635
0.3387928009033203,0.0,0.0,0.0,0.0,0.0,0.0,0.141928,0.402922,0.481941,0.202784,0.621044,0.631621,-0.417419,0.00917727,0.278827,0.0430643,0.672416,0.129385,0.358265,-0.634635
0.35541796684265137,0.0,0.0,0.0,0.0,0.0,0.0,0.141929,0.40292,0.481941,0.202735,0.62111,0.6316,-0.417375,0.00917935,0.2788,0.043008,0.673141,0.130394,0.358023,-0.633797
0.3555302619934082,0.0,0.0,0.0,0.0,0.0,0.0,0.141929,0.40292,0.481941,0.202735,0.62111,0.6316,-0.417375,0.00917935,0.2788,0.043008,0.673141,0.130394,0.358023,-0.633797
0.37178468704223633,0.0,0.0,0.0,0.0,0.0,0.0,0.14193,0.402924,0.481942,0.202726,0.621104,0.631577,-0.417423,0.00916854,0.278812,0.0430138,0.672868,0.130131,0.35796,-0.634176
0.3718907833099365,0.0,0.0,0.0,0.0,0.0,0.0,0.14193,0.402924,0.481942,0.202726,0.621104,0.631577,-0.417423,0.00916854,0.278812,0.0430138,0.672868,0.130131,0.35796,-0.634176
0.38840723037719727,0.0,0.0,0.0,0.0,0.0,0.0,0.141911,0.402949,0.481917,0.203441,0.621579,0.630942,-0.417329,0.00916896,0.278812,0.0430168,0.672993,0.130359,0.357875,-0.634045
0.3885161876678467,0.0,0.0,0.0,0.0,0.0,0.0,0.141911,0.402949,0.481917,0.203441,0.621579,0.630942,-0.417329,0.00916896,0.278812,0.0430168,0.672993,0.130359,0.357875,-0.634045
0.436342716217041,0.0,0.0,0.0,0.0,0.0,0.0,0.14193,0.402922,0.481941,0.202748,0.621081,0.631597,-0.417417,0.00916785,0.278813,0.0430182,0.672969,0.130371,0.357871,-0.63407
0.4366159439086914,0.0,0.0,0.0,0.0,0.0,0.0,0.14193,0.402922,0.481941,0.202748,0.621081,0.631597,-0.417417,0.00916785,0.278813,0.0430182,0.672969,0.130371,0.357871,-0.63407
0.454620361328125,0.0,0.0,0.0,0.0,0.0,0.0,0.141928,0.402923,0.481942,0.202746,0.6211,0.631588,-0.417402,0.00919173,0.278823,0.0430641,0.672597,0.129358,0.3584,-0.634373
0.4547598361968994,0.0,0.0,0.0,0.0,0.0,0.0,0.141928,0.402923,0.481942,0.202746,0.6211,0.631588,-0.417402,0.00919173,0.278823,0.0430641,0.672597,0.129358,0.3584,-0.634373
0.47371554374694824,0.0,0.0,0.0,0.0,0.0,0.0,0.141926,0.40292,0.481942,0.202753,0.621104,0.631572,-0.417419,0.009193,0.27884,0.043066,0.672763,0.129663,0.358305,-0.634189
0.47382473945617676,0.0,0.0,0.0,0.0,0.0,0.0,0.141926,0.40292,0.481942,0.202753,0.621104,0.631572,-0.417419,0.009193,0.27884,0.043066,0.672763,0.129663,0.358305,-0.634189
0.5050561428070068,0.0,0.0,0.0,0.0,0.0,0.0,0.141927,0.402921,0.481941,0.202748,0.621087,0.631582,-0.417431,0.00917912,0.2788,0.0430098,0.673116,0.130372,0.358052,-0.633811
0.5051710605621338,0.0,0.0,0.0,0.0,0.0,0.0,0.141927,0.402921,0.481941,0.202748,0.621087,0.631582,-0.417431,0.00917912,0.2788,0.0430098,0.673116,0.130372,0.358052,-0.633811
0.5219371318817139,0.0,0.0,0.0,0.0,0.0,0.0,0.141925,0.402923,0.48194,0.202758,0.621094,0.631558,-0.417452,0.00916412,0.278809,0.0430184,0.672963,0.130354,0.35785,-0.634092
0.5220515727996826,0.0,0.0,0.0,0.0,0.0,0.0,0.141925,0.402923,0.48194,0.202758,0.621094,0.631558,-0.417452,0.00916412,0.278809,0.0430184,0.672963,0.130354,0.35785,-0.634092
0.5385894775390625,0.0,0.0,0.0,0.0,0.0,0.0,0.141927,0.402923,0.481942,0.202758,0.621098,0.631577,-0.417417,0.0091887,0.278821,0.0430584,0.672689,0.129586,0.358398,-0.63423
0.5387134552001953,0.0,0.0,0.0,0.0,0.0,0.0,0.141927,0.402923,0.481942,0.202758,0.621098,0.631577,-0.417417,0.0091887,0.278821,0.0430584,0.672689,0.129586,0.358398,-0.63423
0.5550997257232666,0.0,0.0,0.0,0.0,0.0,0.0,0.141926,0.402922,0.48194,0.202792,0.621103,0.631543,-0.417445,0.00916517,0.278809,0.043018,0.672991,0.130347,0.357861,-0.634058
0.5552124977111816,0.0,0.0,0.0,0.0,0.0,0.0,0.141926,0.402922,0.48194,0.202792,0.621103,0.631543,-0.417445,0.00916517,0.278809,0.043018,0.672991,0.130347,0.357861,-0.634058
0.589137077331543,0.0,0.0,0.0,0.0,0.0,0.0,0.141906,0.402947,0.481917,0.203434,0.621603,0.63088,-0.41739,0.00918514,0.278817,0.0430558,0.672544,0.129395,0.358469,-0.634383
0.5892643928527832,0.0,0.0,0.0,0.0,0.0,0.0,0.141906,0.402947,0.481917,0.203434,0.621603,0.63088,-0.41739,0.00918514,0.278817,0.0430558,0.672544,0.129395,0.358469,-0.634383
0.6204941272735596,0.0,0.0,0.0,0.0,0.0,0.0,0.141925,0.402924,0.481941,0.202774,0.621086,0.631589,-0.417409,0.00917629,0.2788,0.0430097,0.673149,0.130376,0.358047,-0.633779
0.6207811832427979,0.0,0.0,0.0,0.0,0.0,0.0,0.141925,0.402924,0.481941,0.202774,0.621086,0.631589,-0.417409,0.00917629,0.2788,0.0430097,0.673149,0.130376,0.358047,-0.633779
0.6391506195068359,0.0,0.0,0.0,0.0,0.0,0.0,0.141925,0.402922,0.48194,0.202753,0.621116,0.631551,-0.417432,0.009193,0.278812,0.0430063,0.673363,0.130454,0.358132,-0.633486
0.6392853260040283,0.0,0.0,0.0,0.0,0.0,0.0,0.141925,0.402922,0.48194,0.202753,0.621116,0.631551,-0.417432,0.009193,0.278812,0.0430063,0.673363,0.130454,0.358132,-0.633486
0.6573448181152344,0.0,0.0,0.0,0.0,0.0,0.0,0.141926,0.402923,0.48194,0.202762,0.62109,0.631558,-0.417456,0.00916536,0.27881,0.0430256,0.672907,0.130061,0.35787,-0.6342
0.6574561595916748,0.0,0.0,0.0,0.0,0.0,0.0,0.141926,0.402923,0.48194,0.202762,0.62109,0.631558,-0.417456,0.00916536,0.27881,0.0430256,0.672907,0.130061,0.35787,-0.6342
0.6777167320251465,0.0,0.0,0.0,0.0,0.0,0.0,0.141926,0.402921,0.481941,0.202769,0.621076,0.63159,-0.417425,0.00918506,0.278818,0.0430576,0.672583,0.129366,0.358446,-0.63436
0.6778314113616943,0.0,0.0,0.0,0.0,0.0,0.0,0.141926,0.402921,0.481941,0.202769,0.621076,0.63159,-0.417425,0.00918506,0.278818,0.0430576,0.672583,0.129366,0.358446,-0.63436
0.7057051658630371,0.0,0.0,0.0,0.0,0.0,0.0,0.141906,0.402947,0.481916,0.203449,0.621601,0.630884,-0.41738,0.00918468,0.278819,0.0430625,0.672699,0.12954,0.35837,-0.634245
0.7058219909667969,0.0,0.0,0.0,0.0,0.0,0.0,0.141906,0.402947,0.481916,0.203449,0.621601,0.630884,-0.41738,0.00918468,0.278819,0.0430625,0.672699,0.12954,0.35837,-0.634245
0.7217998504638672,0.0,0.0,0.0,0.0,0.0,0.0,0.141926,0.402923,0.48194,0.202751,0.621125,0.631559,-0.417408,0.00918468,0.278817,0.0430558,0.672589,0.129391,0.358456,-0.634344
0.7219059467315674,0.0,0.0,0.0,0.0,0.0,0.0,0.141926,0.402923,0.48194,0.202751,0.621125,0.631559,-0.417408,0.00918468,0.278817,0.0430558,0.672589,0.129391,0.358456,-0.634344
0.7385811805725098,0.0,0.0,0.0,0.0,0.0,0.0,0.141925,0.402921,0.48194,0.202772,0.621128,0.631534,-0.41743,0.00906319,0.278724,0.0431537,0.671755,0.129112,0.355388,-0.637005
0.7387006282806396,0.0,0.0,0.0,0.0,0.0,0.0,0.141925,0.402921,0.48194,0.202772,0.621128,0.631534,-0.41743,0.00906319,0.278724,0.0431537,0.671755,0.129112,0.355388,-0.637005
0.7726292610168457,0.0,0.0,0.0,0.0,0.0,0.0,0.141924,0.402921,0.48194,0.20273,0.62112,0.631552,-0.417435,0.00918546,0.278817,0.0430584,0.672704,0.129567,0.358367,-0.634236
0.7727673053741455,0.0,0.0,0.0,0.0,0.0,0.0,0.141924,0.402921,0.48194,0.20273,0.62112,0.631552,-0.417435,0.00918546,0.278817,0.0430584,0.672704,0.129567,0.358367,-0.634236
0.7895636558532715,0.0,0.0,0.0,0.0,0.0,0.0,0.141925,0.402921,0.481942,0.202716,0.621156,0.631537,-0.417411,0.00917425,0.278828,0.0430697,0.672554,0.12955,0.358155,-0.634518
0.7897031307220459,0.0,0.0,0.0,0.0,0.0,0.0,0.141925,0.402921,0.481942,0.202716,0.621156,0.631537,-0.417411,0.00917425,0.278828,0.0430697,0.672554,0.12955,0.358155,-0.634518
0.8062610626220703,0.0,0.0,0.0,0.0,0.0,0.0,0.141907,0.402949,0.481918,0.203418,0.62161,0.630895,-0.417365,0.00918707,0.278821,0.0430591,0.672698,0.129554,0.35837,-0.634243
0.8063979148864746,0.0,0.0,0.0,0.0,0.0,0.0,0.141907,0.402949,0.481918,0.203418,0.62161,0.630895,-0.417365,0.00918707,0.278821,0.0430591,0.672698,0.129554,0.35837,-0.634243
0.8228118419647217,0.0,0.0,0.0,0.0,0.0,0.0,0.141926,0.402923,0.481944,0.202717,0.621133,0.631544,-0.417434,0.00917862,0.278799,0.0430091,0.673158,0.130365,0.358055,-0.633767
0.8229434490203857,0.0,0.0,0.0,0.0,0.0,0.0,0.141926,0.402923,0.481944,0.202717,0.621133,0.631544,-0.417434,0.00917862,0.278799,0.0430091,0.673158,0.130365,0.358055,-0.633767
0.838939905166626,0.0,0.0,0.0,0.0,0.0,0.0,0.141908,0.402947,0.481916,0.203456,0.621641,0.63087,-0.417338,0.00916395,0.27881,0.0430195,0.672981,0.130354,0.357864,-0.634065
0.8390491008758545,0.0,0.0,0.0,0.0,0.0,0.0,0.141908,0.402947,0.481916,0.203456,0.621641,0.63087,-0.417338,0.00916395,0.27881,0.0430195,0.672981,0.130354,0.357864,-0.634065
0.8718454837799072,0.0,0.0,0.0,0.0,0.0,0.0,0.141928,0.402919,0.481943,0.202728,0.621121,0.631601,-0.417362,0.00917801,0.278797,0.0430046,0.673018,0.130161,0.358099,-0.633933
0.8719534873962402,0.0,0.0,0.0,0.0,0.0,0.0,0.141928,0.402919,0.481943,0.202728,0.621121,0.631601,-0.417362,0.00917801,0.278797,0.0430046,0.673018,0.130161,0.358099,-0.633933
0.8885455131530762,0.0,0.0,0.0,0.0,0.0,0.0,0.141928,0.402919,0.481943,0.202728,0.621121,0.631601,-0.417362,0.00917801,0.278797,0.0430046,0.673018,0.130161,0.358099,-0.633933
0.8886518478393555,0.0,0.0,0.0,0.0,0.0,0.0,0.141928,0.402919,0.481943,0.202728,0.621121,0.631601,-0.417362,0.00917801,0.278797,0.0430046,0.673018,0.130161,0.358099,-0.633933
0.9054262638092041,0.0,0.0,0.0,0.0,0.0,0.0,0.141929,0.402923,0.481943,0.202727,0.621123,0.631567,-0.41741,0.0091674,0.278809,0.0430184,0.672994,0.130362,0.357873,-0.634043
0.9055397510528564,0.0,0.0,0.0,0.0,0.0,0.0,0.141929,0.402923,0.481943,0.202727,0.621123,0.631567,-0.41741,0.0091674,0.278809,0.0430184,0.672994,0.130362,0.357873,-0.634043
0.9225244522094727,0.0,0.0,0.0,0.0,0.0,0.0,0.141928,0.40292,0.481942,0.202712,0.621105,0.631569,-0.417442,0.00917572,0.278826,0.0430637,0.672433,0.129359,0.358294,-0.634607
0.9226498603820801,0.0,0.0,0.0,0.0,0.0,0.0,0.141928,0.40292,0.481942,0.202712,0.621105,0.631569,-0.417442,0.00917572,0.278826,0.0430637,0.672433,0.129359,0.358294,-0.634607
0.9389729499816895,0.0,0.0,0.0,0.0,0.0,0.0,0.14193,0.40292,0.481941,0.202751,0.621114,0.631567,-0.417413,0.00917956,0.278799,0.0430084,0.673148,0.130367,0.358045,-0.633782
0.939096212387085,0.0,0.0,0.0,0.0,0.0,0.0,0.14193,0.40292,0.481941,0.202751,0.621114,0.631567,-0.417413,0.00917956,0.278799,0.0430084,0.673148,0.130367,0.358045,-0.633782
0.972257137298584,0.0,0.0,0.0,0.0,0.0,0.0,0.141931,0.402921,0.481943,0.202745,0.621127,0.631573,-0.417386,0.00919315,0.278822,0.0430681,0.672752,0.12953,0.358289,-0.634236
0.9723811149597168,0.0,0.0,0.0,0.0,0.0,0.0,0.141931,0.402921,0.481943,0.202745,0.621127,0.631573,-0.417386,0.00919315,0.278822,0.0430681,0.672752,0.12953,0.358289,-0.634236
0.9888942241668701,0.0,0.0,0.0,0.0,0.0,0.0,0.141931,0.402922,0.481942,0.202766,0.621087,0.631575,-0.417432,0.00918108,0.278801,0.0430094,0.673115,0.130394,0.358051,-0.633808
0.989018440246582,0.0,0.0,0.0,0.0,0.0,0.0,0.141931,0.402922,0.481942,0.202766,0.621087,0.631575,-0.417432,0.00918108,0.278801,0.0430094,0.673115,0.130394,0.358051,-0.633808
1.0053861141204834,0.0,0.0,0.0,0.0,0.0,0.0,0.141929,0.402919,0.481943,0.202725,0.621107,0.631576,-0.417421,0.00918977,0.278816,0.0430554,0.672564,0.129399,0.358447,-0.634373
1.0055053234100342,0.0,0.0,0.0,0.0,0.0,0.0,0.141929,0.402919,0.481943,0.202725,0.621107,0.631576,-0.417421,0.00918977,0.278816,0.0430554,0.672564,0.129399,0.358447,-0.634373
1.0219700336456299,0.0,0.0,0.0,0.0,0.0,0.0,0.14193,0.402923,0.481942,0.202735,0.62109,0.631599,-0.417406,0.00918163,0.278794,0.0430067,0.67304,0.13009,0.358109,-0.633917
1.0220868587493896,0.0,0.0,0.0,0.0,0.0,0.0,0.14193,0.402923,0.481942,0.202735,0.62109,0.631599,-0.417406,0.00918163,0.278794,0.0430067,0.67304,0.13009,0.358109,-0.633917
1.0385525226593018,0.0,0.0,0.0,0.0,0.0,0.0,0.141911,0.402948,0.481917,0.203462,0.621608,0.630921,-0.417307,0.00919834,0.278809,0.0430079,0.673378,0.130439,0.358113,-0.633484
1.0386686325073242,0.0,0.0,0.0,0.0,0.0,0.0,0.141911,0.402948,0.481917,0.203462,0.621608,0.630921,-0.417307,0.00919834,0.278809,0.0430079,0.673378,0.130439,0.358113,-0.633484
1.0719139575958252,0.0,0.0,0.0,0.0,0.0,0.0,0.14193,0.402924,0.481942,0.202717,0.62112,0.631609,-0.417356,0.00918236,0.278799,0.0430096,0.673121,0.130363,0.358028,-0.633822
1.0720226764678955,0.0,0.0,0.0,0.0,0.0,0.0,0.14193,0.402924,0.481942,0.202717,0.62112,0.631609,-0.417356,0.00918236,0.278799,0.0430096,0.673121,0.130363,0.358028,-0.633822
1.0887045860290527,0.0,0.0,0.0,0.0,0.0,0.0,0.141908,0.402946,0.481914,0.203451,0.62159,0.630895,-0.417377,0.00919173,0.278818,0.043053,0.672578,0.129393,0.358442,-0.634363
1.0888283252716064,0.0,0.0,0.0,0.0,0.0,0.0,0.141908,0.402946,0.481914,0.203451,0.62159,0.630895,-0.417377,0.00919173,0.278818,0.043053,0.672578,0.129393,0.358442,-0.634363
1.1049840450286865,0.0,0.0,0.0,0.0,0.0,0.0,0.141929,0.402922,0.48194,0.202728,0.621092,0.631583,-0.417432,0.00917995,0.278798,0.0430022,0.673003,0.130141,0.358125,-0.633937
1.105088472366333,0.0,0.0,0.0,0.0,0.0,0.0,0.141929,0.402922,0.48194,0.202728,0.621092,0.631583,-0.417432,0.00917995,0.278798,0.0430022,0.673003,0.130141,0.358125,-0.633937
1.1217215061187744,0.0,0.0,0.0,0.0,0.0,0.0,0.14191,0.402949,0.481915,0.203433,0.621592,0.630917,-0.417351,0.00919172,0.27882,0.0430523,0.672579,0.129381,0.358451,-0.634359
1.1218311786651611,0.0,0.0,0.0,0.0,0.0,0.0,0.14191,0.402949,0.481915,0.203433,0.621592,0.630917,-0.417351,0.00919172,0.27882,0.0430523,0.672579,0.129381,0.358451,-0.634359
1.138916254043579,0.0,0.0,0.0,0.0,0.0,0.0,0.14191,0.402949,0.481915,0.203433,0.621592,0.630917,-0.417351,0.00919172,0.27882,0.0430523,0.672579,0.129381,0.358451,-0.634359
1.1390297412872314,0.0,0.0,0.0,0.0,0.0,0.0,0.14191,0.402949,0.481915,0.203433,0.621592,0.630917,-0.417351,0.00919172,0.27882,0.0430523,0.672579,0.129381,0.358451,-0.634359
1.15751051902771,0.0,0.0,0.0,0.0,0.0,0.0,0.14191,0.402949,0.481916,0.203437,0.621575,0.630933,-0.41735,0.00918407,0.278798,0.0430053,0.673147,0.130377,0.358022,-0.633794
1.1576173305511475,0.0,0.0,0.0,0.0,0.0,0.0,0.14191,0.402949,0.481916,0.203437,0.621575,0.630933,-0.41735,0.00918407,0.278798,0.0430053,0.673147,0.130377,0.358022,-0.633794
1.1886184215545654,0.0,0.0,0.0,0.0,0.0,0.0,0.141909,0.402947,0.481914,0.20345,0.621579,0.630924,-0.417352,0.00918081,0.278825,0.0430612,0.672439,0.129379,0.3583,-0.634592
1.18874192237854,0.0,0.0,0.0,0.0,0.0,0.0,0.141909,0.402947,0.481914,0.20345,0.621579,0.630924,-0.417352,0.00918081,0.278825,0.0430612,0.672439,0.129379,0.3583,-0.634592
1.2053990364074707,0.0,0.0,0.0,0.0,0.0,0.0,0.141911,0.402948,0.481918,0.203416,0.621602,0.630929,-0.417327,0.00918409,0.278796,0.0430032,0.673029,0.130134,0.358097,-0.633927
1.2055113315582275,0.0,0.0,0.0,0.0,0.0,0.0,0.141911,0.402948,0.481918,0.203416,0.621602,0.630929,-0.417327,0.00918409,0.278796,0.0430032,0.673029,0.130134,0.358097,-0.633927
1.222038745880127,0.0,0.0,0.0,0.0,0.0,0.0,0.141929,0.40292,0.481939,0.202808,0.621021,0.631617,-0.417447,0.00919503,0.278815,0.0430569,0.67272,0.129561,0.358319,-0.634247
1.2221510410308838,0.0,0.0,0.0,0.0,0.0,0.0,0.141929,0.40292,0.481939,0.202808,0.621021,0.631617,-0.417447,0.00919503,0.278815,0.0430569,0.67272,0.129561,0.358319,-0.634247
1.2387890815734863,0.0,0.0,0.0,0.0,0.0,0.0,0.141912,0.40295,0.481917,0.20345,0.621587,0.630923,-0.41734,0.0091843,0.278802,0.0430063,0.673127,0.130395,0.358046,-0.633799
1.2389028072357178,0.0,0.0,0.0,0.0,0.0,0.0,0.141912,0.40295,0.481917,0.20345,0.621587,0.630923,-0.41734,0.0091843,0.278802,0.0430063,0.673127,0.130395,0.358046,-0.633799
1.2718276977539062,0.0,0.0,0.0,0.0,0.0,0.0,0.14193,0.402925,0.481942,0.202747,0.621063,0.631612,-0.417423,0.00919655,0.278818,0.043057,0.672711,0.129556,0.358353,-0.634238
1.271939754486084,0.0,0.0,0.0,0.0,0.0,0.0,0.14193,0.402925,0.481942,0.202747,0.621063,0.631612,-0.417423,0.00919655,0.278818,0.043057,0.672711,0.129556,0.358353,-0.634238
1.2886197566986084,0.0,0.0,0.0,0.0,0.0,0.0,0.14193,0.402923,0.481941,0.202787,0.621071,0.631618,-0.417381,0.00918533,0.2788,0.0430129,0.673058,0.130128,0.358027,-0.633937
1.2887377738952637,0.0,0.0,0.0,0.0,0.0,0.0,0.14193,0.402923,0.481941,0.202787,0.621071,0.631618,-0.417381,0.00918533,0.2788,0.0430129,0.673058,0.130128,0.358027,-0.633937
1.3049936294555664,0.0,0.0,0.0,0.0,0.0,0.0,0.14193,0.402919,0.481942,0.202725,0.621092,0.631604,-0.417402,0.00918515,0.278796,0.043006,0.673156,0.130382,0.357987,-0.633803
1.305102825164795,0.0,0.0,0.0,0.0,0.0,0.0,0.14193,0.402919,0.481942,0.202725,0.621092,0.631604,-0.417402,0.00918515,0.278796,0.043006,0.673156,0.130382,0.357987,-0.633803
1.3224992752075195,0.0,0.0,0.0,0.0,0.0,0.0,0.14193,0.402922,0.481942,0.202719,0.621122,0.631584,-0.41739,0.00920102,0.27885,0.0430855,0.672189,0.129443,0.358581,-0.634686
1.3226230144500732,0.0,0.0,0.0,0.0,0.0,0.0,0.14193,0.402922,0.481942,0.202719,0.621122,0.631584,-0.41739,0.00920102,0.27885,0.0430855,0.672189,0.129443,0.358581,-0.634686
1.3387236595153809,0.0,0.0,0.0,0.0,0.0,0.0,0.141929,0.402918,0.48194,0.20278,0.621071,0.631567,-0.417462,0.00919504,0.278816,0.0430574,0.6727,0.129595,0.358325,-0.634257
1.3388404846191406,0.0,0.0,0.0,0.0,0.0,0.0,0.141929,0.402918,0.48194,0.20278,0.621071,0.631567,-0.417462,0.00919504,0.278816,0.0430574,0.6727,0.129595,0.358325,-0.634257
1.3716368675231934,0.0,0.0,0.0,0.0,0.0,0.0,0.141928,0.402921,0.481941,0.202775,0.621068,0.631583,-0.417443,0.00919489,0.278813,0.0430532,0.672578,0.129405,0.358424,-0.63437
1.3717503547668457,0.0,0.0,0.0,0.0,0.0,0.0,0.141928,0.402921,0.481941,0.202775,0.621068,0.631583,-0.417443,0.00919489,0.278813,0.0430532,0.672578,0.129405,0.358424,-0.63437
1.3886301517486572,0.0,0.0,0.0,0.0,0.0,0.0,0.14193,0.402922,0.481941,0.202752,0.621082,0.631605,-0.417403,0.00919955,0.278812,0.0430101,0.673466,0.130664,0.35801,-0.633403
1.3887481689453125,0.0,0.0,0.0,0.0,0.0,0.0,0.14193,0.402922,0.481941,0.202752,0.621082,0.631605,-0.417403,0.00919955,0.278812,0.0430101,0.673466,0.130664,0.35801,-0.633403
1.4054138660430908,0.0,0.0,0.0,0.0,0.0,0.0,0.14193,0.402922,0.481942,0.202738,0.621114,0.631596,-0.417373,0.00919566,0.278816,0.0430541,0.672589,0.129381,0.358465,-0.63434
1.4055290222167969,0.0,0.0,0.0,0.0,0.0,0.0,0.14193,0.402922,0.481942,0.202738,0.621114,0.631596,-0.417373,0.00919566,0.278816,0.0430541,0.672589,0.129381,0.358465,-0.63434
1.4218995571136475,0.0,0.0,0.0,0.0,0.0,0.0,0.141945,0.402936,0.481927,0.202772,0.621452,0.631045,-0.417688,0.00917053,0.278803,0.0430125,0.672863,0.130105,0.357916,-0.634211
1.4220142364501953,0.0,0.0,0.0,0.0,0.0,0.0,0.141945,0.402936,0.481927,0.202772,0.621452,0.631045,-0.417688,0.00917053,0.278803,0.0430125,0.672863,0.130105,0.357916,-0.634211
1.4387454986572266,0.0,0.0,0.0,0.0,0.0,0.0,0.141931,0.402922,0.481942,0.202787,0.621084,0.631608,-0.417376,0.00917272,0.278808,0.0430163,0.672983,0.130348,0.357872,-0.634059
1.4388561248779297,0.0,0.0,0.0,0.0,0.0,0.0,0.141931,0.402922,0.481942,0.202787,0.621084,0.631608,-0.417376,0.00917272,0.278808,0.0430163,0.672983,0.130348,0.357872,-0.634059
1.4580607414245605,0.0,0.0,0.0,0.0,0.0,0.0,0.14193,0.402922,0.481942,0.202736,0.621122,0.631579,-0.417389,0.00917898,0.278839,0.0430442,0.672507,0.130267,0.358074,-0.634467
1.4581704139709473,0.0,0.0,0.0,0.0,0.0,0.0,0.14193,0.402922,0.481942,0.202736,0.621122,0.631579,-0.417389,0.00917898,0.278839,0.0430442,0.672507,0.130267,0.358074,-0.634467
1.4779691696166992,0.0,0.0,0.0,0.0,0.0,0.0,0.141929,0.402923,0.481943,0.202735,0.621098,0.631614,-0.417373,0.0091833,0.278797,0.0430019,0.673013,0.130153,0.358084,-0.633947
1.4780824184417725,0.0,0.0,0.0,0.0,0.0,0.0,0.141929,0.402923,0.481943,0.202735,0.621098,0.631614,-0.417373,0.0091833,0.278797,0.0430019,0.673013,0.130153,0.358084,-0.633947
1.5203123092651367,0.0,0.0,0.0,0.0,0.0,0.0,0.14193,0.402921,0.481943,0.202742,0.621135,0.631549,-0.417411,0.00919381,0.278818,0.0430583,0.67269,0.129567,0.358374,-0.634246
1.5205798149108887,0.0,0.0,0.0,0.0,0.0,0.0,0.14193,0.402921,0.481943,0.202742,0.621135,0.631549,-0.417411,0.00919381,0.278818,0.0430583,0.67269,0.129567,0.358374,-0.634246
1.5370979309082031,0.0,0.0,0.0,0.0,0.0,0.0,0.14193,0.402923,0.481942,0.202711,0.621109,0.631582,-0.417417,0.00918321,0.278827,0.0430617,0.672436,0.129395,0.358261,-0.634614
1.5372512340545654,0.0,0.0,0.0,0.0,0.0,0.0,0.14193,0.402923,0.481942,0.202711,0.621109,0.631582,-0.417417,0.00918321,0.278827,0.0430617,0.672436,0.129395,0.358261,-0.634614
1.551483392715454,0.0,0.0,0.0,0.0,0.0,0.0,0.141928,0.402921,0.481942,0.202761,0.621082,0.6316,-0.417404,0.0091938,0.278818,0.0430577,0.672713,0.129577,0.358367,-0.634224
1.5516092777252197,0.0,0.0,0.0,0.0,0.0,0.0,0.141928,0.402921,0.481942,0.202761,0.621082,0.6316,-0.417404,0.0091938,0.278818,0.0430577,0.672713,0.129577,0.358367,-0.634224
1.5652740001678467,0.0,0.0,0.0,0.0,0.0,0.0,0.141929,0.402922,0.481941,0.202708,0.621133,0.631554,-0.417424,0.0091837,0.278797,0.0430013,0.673032,0.130151,0.358086,-0.633926
1.5653917789459229,0.0,0.0,0.0,0.0,0.0,0.0,0.141929,0.402922,0.481941,0.202708,0.621133,0.631554,-0.417424,0.0091837,0.278797,0.0430013,0.673032,0.130151,0.358086,-0.633926
1.5793249607086182,0.0,0.0,0.0,0.0,0.0,0.0,0.141929,0.402922,0.481942,0.202755,0.621051,0.631612,-0.417435,0.00918373,0.278799,0.0430067,0.673147,0.130401,0.358038,-0.63378
1.579432487487793,0.0,0.0,0.0,0.0,0.0,0.0,0.141929,0.402922,0.481942,0.202755,0.621051,0.631612,-0.417435,0.00918373,0.278799,0.0430067,0.673147,0.130401,0.358038,-0.63378
1.5975635051727295,0.0,0.0,0.0,0.0,0.0,0.0,0.141928,0.40292,0.48194,0.202787,0.621081,0.631582,-0.417421,0.00918141,0.278798,0.0430016,0.673017,0.130164,0.358118,-0.633922
1.597681999206543,0.0,0.0,0.0,0.0,0.0,0.0,0.141928,0.40292,0.48194,0.202787,0.621081,0.631582,-0.417421,0.00918141,0.278798,0.0430016,0.673017,0.130164,0.358118,-0.633922
1.6185145378112793,0.0,0.0,0.0,0.0,0.0,0.0,0.141931,0.402924,0.481941,0.202754,0.621082,0.631588,-0.417427,0.00918225,0.278799,0.0430085,0.673149,0.130377,0.358034,-0.633785
1.6186318397521973,0.0,0.0,0.0,0.0,0.0,0.0,0.141931,0.402924,0.481941,0.202754,0.621082,0.631588,-0.417427,0.00918225,0.278799,0.0430085,0.673149,0.130377,0.358034,-0.633785
1.6379585266113281,0.0,0.0,0.0,0.0,0.0,0.0,0.141922,0.402964,0.481897,0.20367,0.621841,0.630399,-0.417648,0.00918144,0.278802,0.0430054,0.673126,0.130423,0.358068,-0.633781
1.6380724906921387,0.0,0.0,0.0,0.0,0.0,0.0,0.141922,0.402964,0.481897,0.20367,0.621841,0.630399,-0.417648,0.00918144,0.278802,0.0430054,0.673126,0.130423,0.358068,-0.633781
1.6583058834075928,0.0,0.0,0.0,0.0,0.0,0.0,0.141911,0.402949,0.481916,0.203451,0.621584,0.630915,-0.417357,0.00919267,0.27882,0.0430528,0.672575,0.129392,0.358449,-0.634362
1.6584196090698242,0.0,0.0,0.0,0.0,0.0,0.0,0.141911,0.402949,0.481916,0.203451,0.621584,0.630915,-0.417357,0.00919267,0.27882,0.0430528,0.672575,0.129392,0.358449,-0.634362
1.688965082168579,0.0,0.0,0.0,0.0,0.0,0.0,0.141911,0.40295,0.481916,0.203429,0.62161,0.630911,-0.417336,0.00919542,0.27882,0.0430568,0.672723,0.129562,0.358369,-0.634215
1.689098596572876,0.0,0.0,0.0,0.0,0.0,0.0,0.141911,0.40295,0.481916,0.203429,0.62161,0.630911,-0.417336,0.00919542,0.27882,0.0430568,0.672723,0.129562,0.358369,-0.634215
1.7061774730682373,0.0,0.0,0.0,0.0,0.0,0.0,0.14191,0.402947,0.481918,0.20343,0.621617,0.630882,-0.417368,0.00919861,0.278849,0.0430807,0.672109,0.129268,0.358647,-0.63477
1.706310749053955,0.0,0.0,0.0,0.0,0.0,0.0,0.14191,0.402947,0.481918,0.20343,0.621617,0.630882,-0.417368,0.00919861,0.278849,0.0430807,0.672109,0.129268,0.358647,-0.63477
1.7228314876556396,0.0,0.0,0.0,0.0,0.0,0.0,0.141929,0.40288,0.481971,0.207115,0.618691,0.629515,-0.421943,0.0091816,0.278801,0.0430027,0.673006,0.130199,0.358124,-0.633923
1.7229626178741455,0.0,0.0,0.0,0.0,0.0,0.0,0.141929,0.40288,0.481971,0.207115,0.618691,0.629515,-0.421943,0.0091816,0.278801,0.0430027,0.673006,0.130199,0.358124,-0.633923
1.7387332916259766,0.0,0.0,0.0,0.0,0.0,0.0,0.141929,0.40288,0.481971,0.207115,0.618691,0.629515,-0.421943,0.0091816,0.278801,0.0430027,0.673006,0.130199,0.358124,-0.633923
1.7388415336608887,0.0,0.0,0.0,0.0,0.0,0.0,0.141929,0.40288,0.481971,0.207115,0.618691,0.629515,-0.421943,0.0091816,0.278801,0.0430027,0.673006,0.130199,0.358124,-0.633923
1.7577638626098633,0.0,0.0,0.0,0.0,0.0,0.0,0.14191,0.402945,0.481918,0.203443,0.621579,0.630922,-0.417358,0.00919152,0.278818,0.0430522,0.672575,0.129407,0.358442,-0.634362
1.7579114437103271,0.0,0.0,0.0,0.0,0.0,0.0,0.14191,0.402945,0.481918,0.203443,0.621579,0.630922,-0.417358,0.00919152,0.278818,0.0430522,0.672575,0.129407,0.358442,-0.634362
1.788452386856079,0.0,0.0,0.0,0.0,0.0,0.0,0.141928,0.40292,0.481942,0.202767,0.621034,0.631627,-0.417432,0.00918351,0.278799,0.0430054,0.673146,0.13039,0.358061,-0.633771
1.7885675430297852,0.0,0.0,0.0,0.0,0.0,0.0,0.141928,0.40292,0.481942,0.202767,0.621034,0.631627,-0.417432,0.00918351,0.278799,0.0430054,0.673146,0.13039,0.358061,-0.633771
1.821847677230835,0.0,0.0,0.0,0.0,0.0,0.0,0.141929,0.40292,0.481943,0.202718,0.621113,0.631577,-0.417414,0.00919189,0.278819,0.043052,0.672568,0.129415,0.358463,-0.634357
1.821962833404541,0.0,0.0,0.0,0.0,0.0,0.0,0.141929,0.40292,0.481943,0.202718,0.621113,0.631577,-0.417414,0.00919189,0.278819,0.043052,0.672568,0.129415,0.358463,-0.634357
1.8554482460021973,0.0,0.0,0.0,0.0,0.0,0.0,0.141929,0.402922,0.481944,0.20272,0.621148,0.631544,-0.417412,0.00908944,0.278761,0.0432392,0.670913,0.12796,0.356088,-0.637732
1.8555629253387451,0.0,0.0,0.0,0.0,0.0,0.0,0.141929,0.402922,0.481944,0.20272,0.621148,0.631544,-0.417412,0.00908944,0.278761,0.0432392,0.670913,0.12796,0.356088,-0.637732
1.872574806213379,0.0,0.0,0.0,0.0,0.0,0.0,0.141929,0.402922,0.481941,0.202774,0.621053,0.631599,-0.417443,0.00919152,0.278818,0.0430529,0.672581,0.129371,0.358451,-0.634358
1.8726921081542969,0.0,0.0,0.0,0.0,0.0,0.0,0.141929,0.402922,0.481941,0.202774,0.621053,0.631599,-0.417443,0.00919152,0.278818,0.0430529,0.672581,0.129371,0.358451,-0.634358
1.8888249397277832,0.0,0.0,0.0,0.0,0.0,0.0,0.141927,0.40292,0.481941,0.20273,0.621114,0.631545,-0.417455,0.00919371,0.278817,0.0430566,0.6727,0.129583,0.35835,-0.634246
1.888939380645752,0.0,0.0,0.0,0.0,0.0,0.0,0.141927,0.40292,0.481941,0.20273,0.621114,0.631545,-0.417455,0.00919371,0.278817,0.0430566,0.6727,0.129583,0.35835,-0.634246
1.9052040576934814,0.0,0.0,0.0,0.0,0.0,0.0,0.141928,0.402922,0.48194,0.202791,0.621074,0.631609,-0.417389,0.00918135,0.278798,0.0430033,0.673019,0.130136,0.358092,-0.63394
1.9053173065185547,0.0,0.0,0.0,0.0,0.0,0.0,0.141928,0.402922,0.48194,0.202791,0.621074,0.631609,-0.417389,0.00918135,0.278798,0.0430033,0.673019,0.130136,0.358092,-0.63394
1.9221320152282715,0.0,0.0,0.0,0.0,0.0,0.0,0.141928,0.402922,0.481942,0.202788,0.62108,0.63156,-0.417456,0.00919464,0.278821,0.0430615,0.672629,0.129361,0.3584,-0.634338
1.9222478866577148,0.0,0.0,0.0,0.0,0.0,0.0,0.141928,0.402922,0.481942,0.202788,0.62108,0.63156,-0.417456,0.00919464,0.278821,0.0430615,0.672629,0.129361,0.3584,-0.634338
1.9553322792053223,0.0,0.0,0.0,0.0,0.0,0.0,0.141929,0.402923,0.481942,0.202746,0.621096,0.631576,-0.417428,0.00919293,0.27882,0.0430569,0.672694,0.129603,0.358357,-0.634245
1.9554476737976074,0.0,0.0,0.0,0.0,0.0,0.0,0.141929,0.402923,0.481942,0.202746,0.621096,0.631576,-0.417428,0.00919293,0.27882,0.0430569,0.672694,0.129603,0.358357,-0.634245
1.9717254638671875,0.0,0.0,0.0,0.0,0.0,0.0,0.141927,0.40292,0.481943,0.202769,0.621089,0.631579,-0.417423,0.00916766,0.278804,0.0430135,0.672881,0.130113,0.357909,-0.634195
1.9718329906463623,0.0,0.0,0.0,0.0,0.0,0.0,0.141927,0.40292,0.481943,0.202769,0.621089,0.631579,-0.417423,0.00916766,0.278804,0.0430135,0.672881,0.130113,0.357909,-0.634195
1.9885976314544678,0.0,0.0,0.0,0.0,0.0,0.0,0.141929,0.402922,0.481942,0.202774,0.621092,0.63158,-0.417413,0.00919244,0.278819,0.0430582,0.672716,0.129586,0.35836,-0.634223
1.9887170791625977,0.0,0.0,0.0,0.0,0.0,0.0,0.141929,0.402922,0.481942,0.202774,0.621092,0.63158,-0.417413,0.00919244,0.278819,0.0430582,0.672716,0.129586,0.35836,-0.634223
2.0051255226135254,0.0,0.0,0.0,0.0,0.0,0.0,0.141927,0.40292,0.481944,0.202751,0.621088,0.631588,-0.417418,0.00917982,0.278824,0.0430622,0.672428,0.129402,0.358276,-0.634613
2.0052382946014404,0.0,0.0,0.0,0.0,0.0,0.0,0.141927,0.40292,0.481944,0.202751,0.621088,0.631588,-0.417418,0.00917982,0.278824,0.0430622,0.672428,0.129402,0.358276,-0.634613
2.0217039585113525,0.0,0.0,0.0,0.0,0.0,0.0,0.141926,0.402921,0.481943,0.202744,0.621098,0.631571,-0.417432,0.00919228,0.278817,0.0430594,0.672708,0.129557,0.358366,-0.634234
2.021815776824951,0.0,0.0,0.0,0.0,0.0,0.0,0.141926,0.402921,0.481943,0.202744,0.621098,0.631571,-0.417432,0.00919228,0.278817,0.0430594,0.672708,0.129557,0.358366,-0.634234
2.054871082305908,0.0,0.0,0.0,0.0,0.0,0.0,0.141928,0.402921,0.481944,0.202746,0.621111,0.631581,-0.417397,0.00916718,0.278804,0.0430143,0.672876,0.130103,0.357906,-0.634204
2.0549800395965576,0.0,0.0,0.0,0.0,0.0,0.0,0.141928,0.402921,0.481944,0.202746,0.621111,0.631581,-0.417397,0.00916718,0.278804,0.0430143,0.672876,0.130103,0.357906,-0.634204
2.0717759132385254,0.0,0.0,0.0,0.0,0.0,0.0,0.141908,0.402948,0.48192,0.203438,0.621598,0.630943,-0.417301,0.00919273,0.278817,0.0430598,0.672707,0.129567,0.358377,-0.634227
2.0718865394592285,0.0,0.0,0.0,0.0,0.0,0.0,0.141908,0.402948,0.48192,0.203438,0.621598,0.630943,-0.417301,0.00919273,0.278817,0.0430598,0.672707,0.129567,0.358377,-0.634227
2.088925838470459,0.0,0.0,0.0,0.0,0.0,0.0,0.141928,0.402919,0.481943,0.202725,0.621125,0.631527,-0.417469,0.00918187,0.278796,0.0430095,0.673154,0.130357,0.358057,-0.633772
2.089040517807007,0.0,0.0,0.0,0.0,0.0,0.0,0.141928,0.402919,0.481943,0.202725,0.621125,0.631527,-0.417469,0.00918187,0.278796,0.0430095,0.673154,0.130357,0.358057,-0.633772
2.1051547527313232,0.0,0.0,0.0,0.0,0.0,0.0,0.141928,0.40292,0.481944,0.202791,0.621092,0.631586,-0.417396,0.00918308,0.278796,0.0430093,0.673128,0.130394,0.358002,-0.633822
2.1052660942077637,0.0,0.0,0.0,0.0,0.0,0.0,0.141928,0.40292,0.481944,0.202791,0.621092,0.631586,-0.417396,0.00918308,0.278796,0.0430093,0.673128,0.130394,0.358002,-0.633822
2.121992826461792,0.0,0.0,0.0,0.0,0.0,0.0,0.141929,0.402961,0.481906,0.203461,0.621962,0.630351,-0.417643,0.00918334,0.278794,0.0430099,0.673163,0.130369,0.358051,-0.633763
2.1221070289611816,0.0,0.0,0.0,0.0,0.0,0.0,0.141929,0.402961,0.481906,0.203461,0.621962,0.630351,-0.417643,0.00918334,0.278794,0.0430099,0.673163,0.130369,0.358051,-0.633763
2.1550068855285645,0.0,0.0,0.0,0.0,0.0,0.0,0.141911,0.402946,0.48192,0.203422,0.621639,0.630869,-0.41736,0.00918284,0.278796,0.0430094,0.673135,0.1304,0.358036,-0.633794
2.155117988586426,0.0,0.0,0.0,0.0,0.0,0.0,0.141911,0.402946,0.48192,0.203422,0.621639,0.630869,-0.41736,0.00918284,0.278796,0.0430094,0.673135,0.1304,0.358036,-0.633794
2.172024726867676,0.0,0.0,0.0,0.0,0.0,0.0,0.141909,0.402946,0.48192,0.203415,0.621638,0.630903,-0.417312,0.00919298,0.278813,0.043057,0.672608,0.12936,0.358443,-0.634337
2.1721415519714355,0.0,0.0,0.0,0.0,0.0,0.0,0.141909,0.402946,0.48192,0.203415,0.621638,0.630903,-0.417312,0.00919298,0.278813,0.043057,0.672608,0.12936,0.358443,-0.634337
2.1882855892181396,0.0,0.0,0.0,0.0,0.0,0.0,0.141929,0.40292,0.481945,0.202741,0.621118,0.631569,-0.417408,0.00918309,0.278794,0.0430062,0.673036,0.130139,0.358119,-0.633907
2.1883926391601562,0.0,0.0,0.0,0.0,0.0,0.0,0.141929,0.40292,0.481945,0.202741,0.621118,0.631569,-0.417408,0.00918309,0.278794,0.0430062,0.673036,0.130139,0.358119,-0.633907
2.204850435256958,0.0,0.0,0.0,0.0,0.0,0.0,0.141927,0.402918,0.481943,0.202747,0.621117,0.631553,-0.41743,0.00917071,0.278804,0.0430184,0.672994,0.130343,0.35785,-0.63406
2.204961061477661,0.0,0.0,0.0,0.0,0.0,0.0,0.141927,0.402918,0.481943,0.202747,0.621117,0.631553,-0.41743,0.00917071,0.278804,0.0430184,0.672994,0.130343,0.35785,-0.63406
2.221815824508667,0.0,0.0,0.0,0.0,0.0,0.0,0.141927,0.40292,0.481945,0.202794,0.621076,0.631579,-0.41743,0.00919417,0.278817,0.0430597,0.672722,0.129562,0.358344,-0.63423
2.2219274044036865,0.0,0.0,0.0,0.0,0.0,0.0,0.141927,0.40292,0.481945,0.202794,0.621076,0.631579,-0.41743,0.00919417,0.278817,0.0430597,0.672722,0.129562,0.358344,-0.63423
2.2416951656341553,0.0,0.0,0.0,0.0,0.0,0.0,0.14193,0.402961,0.481905,0.203474,0.62194,0.630354,-0.417665,0.0091811,0.278797,0.0430086,0.673136,0.130367,0.358066,-0.633783
2.2418065071105957,0.0,0.0,0.0,0.0,0.0,0.0,0.14193,0.402961,0.481905,0.203474,0.62194,0.630354,-0.417665,0.0091811,0.278797,0.0430086,0.673136,0.130367,0.358066,-0.633783
2.272566795349121,0.0,0.0,0.0,0.0,0.0,0.0,0.141928,0.402919,0.481944,0.202758,0.62109,0.631596,-0.4174,0.00919031,0.278814,0.0430552,0.672585,0.129363,0.35845,-0.634356
2.272704601287842,0.0,0.0,0.0,0.0,0.0,0.0,0.141928,0.402919,0.481944,0.202758,0.62109,0.631596,-0.4174,0.00919031,0.278814,0.0430552,0.672585,0.129363,0.35845,-0.634356
2.289686441421509,0.0,0.0,0.0,0.0,0.0,0.0,0.141939,0.40294,0.481926,0.202978,0.621363,0.631058,-0.4177,0.00918719,0.278859,0.0430894,0.671953,0.129264,0.358489,-0.635025
2.2898221015930176,0.0,0.0,0.0,0.0,0.0,0.0,0.141939,0.40294,0.481926,0.202978,0.621363,0.631058,-0.4177,0.00918719,0.278859,0.0430894,0.671953,0.129264,0.358489,-0.635025
2.306574821472168,0.0,0.0,0.0,0.0,0.0,0.0,0.141926,0.402918,0.481943,0.202785,0.621084,0.631564,-0.417444,0.00918366,0.278795,0.0430031,0.673045,0.130136,0.358098,-0.633909
2.3067166805267334,0.0,0.0,0.0,0.0,0.0,0.0,0.141926,0.402918,0.481943,0.202785,0.621084,0.631564,-0.417444,0.00918366,0.278795,0.0430031,0.673045,0.130136,0.358098,-0.633909
2.3226029872894287,0.0,0.0,0.0,0.0,0.0,0.0,0.141945,0.402937,0.481929,0.202807,0.621435,0.63102,-0.417733,0.00917003,0.278809,0.0430181,0.67298,0.130355,0.357859,-0.634068
2.3227386474609375,0.0,0.0,0.0,0.0,0.0,0.0,0.141945,0.402937,0.481929,0.202807,0.621435,0.63102,-0.417733,0.00917003,0.278809,0.0430181,0.67298,0.130355,0.357859,-0.634068
2.342803716659546,0.0,0.0,0.0,0.0,0.0,0.0,0.141926,0.402878,0.481971,0.207103,0.618673,0.629509,-0.421984,0.00918196,0.278796,0.0430092,0.673142,0.130342,0.35801,-0.633813
2.342930555343628,0.0,0.0,0.0,0.0,0.0,0.0,0.141926,0.402878,0.481971,0.207103,0.618673,0.629509,-0.421984,0.00918196,0.278796,0.0430092,0.673142,0.130342,0.35801,-0.633813
2.372541904449463,0.0,0.0,0.0,0.0,0.0,0.0,0.141928,0.40292,0.481944,0.202741,0.62113,0.631561,-0.417403,0.00919319,0.278817,0.0430575,0.672727,0.129568,0.358349,-0.634221
2.3726747035980225,0.0,0.0,0.0,0.0,0.0,0.0,0.141928,0.40292,0.481944,0.202741,0.62113,0.631561,-0.417403,0.00919319,0.278817,0.0430575,0.672727,0.129568,0.358349,-0.634221
2.3899831771850586,0.0,0.0,0.0,0.0,0.0,0.0,0.141928,0.402919,0.481944,0.202726,0.621131,0.631574,-0.417388,0.00916752,0.278806,0.0430131,0.672863,0.130137,0.357913,-0.634207
2.3901116847991943,0.0,0.0,0.0,0.0,0.0,0.0,0.141928,0.402919,0.481944,0.202726,0.621131,0.631574,-0.417388,0.00916752,0.278806,0.0430131,0.672863,0.130137,0.357913,-0.634207
2.41682505607605,0.0,0.0,0.0,0.0,0.0,0.0,0.141911,0.402949,0.481919,0.203431,0.621616,0.630902,-0.417338,0.009209,0.278832,0.0430624,0.673046,0.129852,0.358344,-0.633827
2.416957378387451,0.0,0.0,0.0,0.0,0.0,0.0,0.141911,0.402949,0.481919,0.203431,0.621616,0.630902,-0.417338,0.009209,0.278832,0.0430624,0.673046,0.129852,0.358344,-0.633827
2.430882215499878,0.0,0.0,0.0,0.0,0.0,0.0,0.141928,0.402921,0.481944,0.202729,0.621117,0.631594,-0.417376,0.0091925,0.278817,0.0430592,0.6727,0.129582,0.358339,-0.634252
2.4310033321380615,0.0,0.0,0.0,0.0,0.0,0.0,0.141928,0.402921,0.481944,0.202729,0.621117,0.631594,-0.417376,0.0091925,0.278817,0.0430592,0.6727,0.129582,0.358339,-0.634252
2.4439265727996826,0.0,0.0,0.0,0.0,0.0,0.0,0.141931,0.402921,0.481943,0.202752,0.621119,0.631583,-0.41738,0.00918441,0.278796,0.0430112,0.673161,0.130376,0.358019,-0.633781
2.444037914276123,0.0,0.0,0.0,0.0,0.0,0.0,0.141931,0.402921,0.481943,0.202752,0.621119,0.631583,-0.41738,0.00918441,0.278796,0.0430112,0.673161,0.130376,0.358019,-0.633781
2.462191104888916,0.0,0.0,0.0,0.0,0.0,0.0,0.14193,0.402921,0.481943,0.202726,0.621144,0.631564,-0.417384,0.0091823,0.278796,0.0430099,0.673154,0.130374,0.358057,-0.633768
2.4622998237609863,0.0,0.0,0.0,0.0,0.0,0.0,0.14193,0.402921,0.481943,0.202726,0.621144,0.631564,-0.417384,0.0091823,0.278796,0.0430099,0.673154,0.130374,0.358057,-0.633768
2.481867790222168,0.0,0.0,0.0,0.0,0.0,0.0,0.141929,0.402921,0.481943,0.202745,0.621082,0.631599,-0.417415,0.00918062,0.278795,0.0430112,0.673126,0.130346,0.358014,-0.633827
2.4819769859313965,0.0,0.0,0.0,0.0,0.0,0.0,0.141929,0.402921,0.481943,0.202745,0.621082,0.631599,-0.417415,0.00918062,0.278795,0.0430112,0.673126,0.130346,0.358014,-0.633827
2.5023725032806396,0.0,0.0,0.0,0.0,0.0,0.0,0.14193,0.402922,0.481943,0.202732,0.621098,0.6316,-0.417396,0.00919421,0.278816,0.0430615,0.67271,0.129559,0.358366,-0.634231
2.502481698989868,0.0,0.0,0.0,0.0,0.0,0.0,0.14193,0.402922,0.481943,0.202732,0.621098,0.6316,-0.417396,0.00919421,0.278816,0.0430615,0.67271,0.129559,0.358366,-0.634231
2.522799253463745,0.0,0.0,0.0,0.0,0.0,0.0,0.141928,0.402881,0.481972,0.207108,0.618668,0.629516,-0.421979,0.0091822,0.278793,0.0430046,0.673045,0.130149,0.358133,-0.633887
2.5229127407073975,0.0,0.0,0.0,0.0,0.0,0.0,0.141928,0.402881,0.481972,0.207108,0.618668,0.629516,-0.421979,0.0091822,0.278793,0.0430046,0.673045,0.130149,0.358133,-0.633887
2.555417537689209,0.0,0.0,0.0,0.0,0.0,0.0,0.14193,0.402923,0.481945,0.202706,0.621106,0.631624,-0.417359,0.00918164,0.278823,0.0430665,0.672436,0.129379,0.358236,-0.634632
2.5555336475372314,0.0,0.0,0.0,0.0,0.0,0.0,0.14193,0.402923,0.481945,0.202706,0.621106,0.631624,-0.417359,0.00918164,0.278823,0.0430665,0.672436,0.129379,0.358236,-0.634632
2.571932554244995,0.0,0.0,0.0,0.0,0.0,0.0,0.14193,0.402922,0.481942,0.202737,0.62112,0.631579,-0.417391,0.00918189,0.278823,0.0430648,0.672454,0.129379,0.35828,-0.634589
2.5720462799072266,0.0,0.0,0.0,0.0,0.0,0.0,0.14193,0.402922,0.481942,0.202737,0.62112,0.631579,-0.417391,0.00918189,0.278823,0.0430648,0.672454,0.129379,0.35828,-0.634589
2.588373899459839,0.0,0.0,0.0,0.0,0.0,0.0,0.141932,0.402923,0.481945,0.202703,0.621124,0.631576,-0.417407,0.00918007,0.278824,0.0430703,0.672535,0.129539,0.358168,-0.634533
2.588487386703491,0.0,0.0,0.0,0.0,0.0,0.0,0.141932,0.402923,0.481945,0.202703,0.621124,0.631576,-0.417407,0.00918007,0.278824,0.0430703,0.672535,0.129539,0.358168,-0.634533
2.6051485538482666,0.0,0.0,0.0,0.0,0.0,0.0,0.14191,0.402947,0.481918,0.203393,0.621614,0.630901,-0.417363,0.00918309,0.278794,0.0430049,0.673021,0.130167,0.358117,-0.633917
2.605262279510498,0.0,0.0,0.0,0.0,0.0,0.0,0.14191,0.402947,0.481918,0.203393,0.621614,0.630901,-0.417363,0.00918309,0.278794,0.0430049,0.673021,0.130167,0.358117,-0.633917
2.621938705444336,0.0,0.0,0.0,0.0,0.0,0.0,0.14193,0.402922,0.481945,0.202769,0.621099,0.631585,-0.417398,0.00919363,0.278817,0.0430596,0.6727,0.129582,0.358355,-0.634244
2.622058629989624,0.0,0.0,0.0,0.0,0.0,0.0,0.14193,0.402922,0.481945,0.202769,0.621099,0.631585,-0.417398,0.00919363,0.278817,0.0430596,0.6727,0.129582,0.358355,-0.634244
2.6551718711853027,0.0,0.0,0.0,0.0,0.0,0.0,0.141927,0.40292,0.481944,0.202729,0.621094,0.631573,-0.417442,0.00919259,0.278816,0.0430541,0.672603,0.129416,0.358453,-0.634325
2.6552867889404297,0.0,0.0,0.0,0.0,0.0,0.0,0.141927,0.40292,0.481944,0.202729,0.621094,0.631573,-0.417442,0.00919259,0.278816,0.0430541,0.672603,0.129416,0.358453,-0.634325
2.6910111904144287,0.0,0.0,0.0,0.0,0.0,0.0,0.141912,0.402948,0.481919,0.203433,0.621623,0.630909,-0.417316,0.00918425,0.278798,0.0430172,0.673057,0.130058,0.358063,-0.633932
2.691471815109253,0.0,0.0,0.0,0.0,0.0,0.0,0.141912,0.402948,0.481919,0.203433,0.621623,0.630909,-0.417316,0.00918425,0.278798,0.0430172,0.673057,0.130058,0.358063,-0.633932
2.7178986072540283,0.0,0.0,0.0,0.0,0.0,0.0,0.14191,0.402949,0.481919,0.203449,0.621599,0.630907,-0.417347,0.00919311,0.278818,0.0430549,0.672594,0.129373,0.358467,-0.634335
2.718068838119507,0.0,0.0,0.0,0.0,0.0,0.0,0.14191,0.402949,0.481919,0.203449,0.621599,0.630907,-0.417347,0.00919311,0.278818,0.0430549,0.672594,0.129373,0.358467,-0.634335
2.7384111881256104,0.0,0.0,0.0,0.0,0.0,0.0,0.141931,0.402923,0.481943,0.202746,0.621124,0.631574,-0.417389,0.00918439,0.2788,0.0430083,0.673143,0.130421,0.358027,-0.633786
2.7385244369506836,0.0,0.0,0.0,0.0,0.0,0.0,0.141931,0.402923,0.481943,0.202746,0.621124,0.631574,-0.417389,0.00918439,0.2788,0.0430083,0.673143,0.130421,0.358027,-0.633786
2.7551724910736084,0.0,0.0,0.0,0.0,0.0,0.0,0.141931,0.402923,0.481943,0.202746,0.621096,0.631605,-0.417383,0.00918346,0.27883,0.0430725,0.672463,0.129373,0.358201,-0.634625
2.755282402038574,0.0,0.0,0.0,0.0,0.0,0.0,0.141931,0.402923,0.481943,0.202746,0.621096,0.631605,-0.417383,0.00918346,0.27883,0.0430725,0.672463,0.129373,0.358201,-0.634625
2.788513422012329,0.0,0.0,0.0,0.0,0.0,0.0,0.141911,0.402947,0.481918,0.203436,0.621587,0.630926,-0.417345,0.00918618,0.278796,0.0430085,0.673166,0.13038,0.358008,-0.633782
2.788632869720459,0.0,0.0,0.0,0.0,0.0,0.0,0.141911,0.402947,0.481918,0.203436,0.621587,0.630926,-0.417345,0.00918618,0.278796,0.0430085,0.673166,0.13038,0.358008,-0.633782
2.805112838745117,0.0,0.0,0.0,0.0,0.0,0.0,0.141929,0.402921,0.481943,0.202738,0.621121,0.63155,-0.417433,0.00920022,0.278831,0.0430907,0.672271,0.128524,0.358594,-0.634779
2.8052237033843994,0.0,0.0,0.0,0.0,0.0,0.0,0.141929,0.402921,0.481943,0.202738,0.621121,0.63155,-0.417433,0.00920022,0.278831,0.0430907,0.672271,0.128524,0.358594,-0.634779
2.8219518661499023,0.0,0.0,0.0,0.0,0.0,0.0,0.141928,0.402922,0.481945,0.202737,0.621094,0.631572,-0.41744,0.00917264,0.278808,0.0430168,0.672973,0.130403,0.357827,-0.634083
2.822061777114868,0.0,0.0,0.0,0.0,0.0,0.0,0.141928,0.402922,0.481945,0.202737,0.621094,0.631572,-0.41744,0.00917264,0.278808,0.0430168,0.672973,0.130403,0.357827,-0.634083
2.838653326034546,0.0,0.0,0.0,0.0,0.0,0.0,0.14191,0.402947,0.481918,0.203428,0.62165,0.630884,-0.417317,0.00918234,0.278799,0.0430097,0.673118,0.13039,0.358037,-0.633814
2.8387694358825684,0.0,0.0,0.0,0.0,0.0,0.0,0.14191,0.402947,0.481918,0.203428,0.62165,0.630884,-0.417317,0.00918234,0.278799,0.0430097,0.673118,0.13039,0.358037,-0.633814
2.855957269668579,0.0,0.0,0.0,0.0,0.0,0.0,0.141929,0.40292,0.481944,0.202741,0.6211,0.631574,-0.417428,0.00918074,0.278826,0.0430683,0.672552,0.129584,0.35814,-0.634521
2.8560662269592285,0.0,0.0,0.0,0.0,0.0,0.0,0.141929,0.40292,0.481944,0.202741,0.6211,0.631574,-0.417428,0.00918074,0.278826,0.0430683,0.672552,0.129584,0.35814,-0.634521
2.8895657062530518,0.0,0.0,0.0,0.0,0.0,0.0,0.141911,0.402949,0.481919,0.203389,0.621641,0.63088,-0.417356,0.00918104,0.278826,0.0430689,0.672543,0.129551,0.358189,-0.63451
2.8897042274475098,0.0,0.0,0.0,0.0,0.0,0.0,0.141911,0.402949,0.481919,0.203389,0.621641,0.63088,-0.417356,0.00918104,0.278826,0.0430689,0.672543,0.129551,0.358189,-0.63451
2.906012773513794,0.0,0.0,0.0,0.0,0.0,0.0,0.14191,0.402945,0.481919,0.20347,0.621588,0.6309,-0.417365,0.00917052,0.278805,0.0430177,0.67299,0.130354,0.357874,-0.634049
2.9061439037323,0.0,0.0,0.0,0.0,0.0,0.0,0.14191,0.402945,0.481919,0.20347,0.621588,0.6309,-0.417365,0.00917052,0.278805,0.0430177,0.67299,0.130354,0.357874,-0.634049
2.923208475112915,0.0,0.0,0.0,0.0,0.0,0.0,0.141928,0.402878,0.481972,0.207151,0.618644,0.629544,-0.42195,0.00918118,0.278825,0.0430681,0.672539,0.129564,0.358171,-0.634522
2.9233458042144775,0.0,0.0,0.0,0.0,0.0,0.0,0.141928,0.402878,0.481972,0.207151,0.618644,0.629544,-0.42195,0.00918118,0.278825,0.0430681,0.672539,0.129564,0.358171,-0.634522
2.939774513244629,0.0,0.0,0.0,0.0,0.0,0.0,0.141909,0.402946,0.481918,0.203437,0.621608,0.630888,-0.41737,0.0090762,0.27876,0.0431861,0.671306,0.129258,0.355471,-0.637402
2.9399003982543945,0.0,0.0,0.0,0.0,0.0,0.0,0.141909,0.402946,0.481918,0.203437,0.621608,0.630888,-0.41737,0.0090762,0.27876,0.0431861,0.671306,0.129258,0.355471,-0.637402
2.9550812244415283,0.0,0.0,0.0,0.0,0.0,0.0,0.141908,0.402905,0.481948,0.207792,0.619162,0.628853,-0.421905,0.00918323,0.278796,0.043009,0.673145,0.130348,0.358044,-0.63379
2.955191135406494,0.0,0.0,0.0,0.0,0.0,0.0,0.141908,0.402905,0.481948,0.207792,0.619162,0.628853,-0.421905,0.00918323,0.278796,0.043009,0.673145,0.130348,0.358044,-0.63379
2.9888756275177,0.0,0.0,0.0,0.0,0.0,0.0,0.141928,0.40292,0.481945,0.202739,0.62112,0.63154,-0.41745,0.00916963,0.278801,0.0430148,0.672872,0.130117,0.357924,-0.634195
2.9889872074127197,0.0,0.0,0.0,0.0,0.0,0.0,0.141928,0.40292,0.481945,0.202739,0.62112,0.63154,-0.41745,0.00916963,0.278801,0.0430148,0.672872,0.130117,0.357924,-0.634195
3.022357940673828,0.0,0.0,0.0,0.0,0.0,0.0,0.141928,0.402919,0.481942,0.202783,0.621111,0.631581,-0.417379,0.00918396,0.278796,0.0430065,0.673144,0.130397,0.358058,-0.633774
3.022493600845337,0.0,0.0,0.0,0.0,0.0,0.0,0.141928,0.402919,0.481942,0.202783,0.621111,0.631581,-0.417379,0.00918396,0.278796,0.0430065,0.673144,0.130397,0.358058,-0.633774
3.059296131134033,0.0,0.0,0.0,0.0,0.0,0.0,0.141929,0.402922,0.481945,0.202726,0.62113,0.63155,-0.417426,0.00919402,0.278813,0.0430551,0.672591,0.129399,0.358415,-0.634363
3.059504508972168,0.0,0.0,0.0,0.0,0.0,0.0,0.141929,0.402922,0.481945,0.202726,0.62113,0.63155,-0.417426,0.00919402,0.278813,0.0430551,0.672591,0.129399,0.358415,-0.634363
3.0801374912261963,0.0,0.0,0.0,0.0,0.0,0.0,0.14193,0.402921,0.481944,0.202785,0.621093,0.631565,-0.41743,0.00916935,0.278804,0.0430132,0.672867,0.130152,0.357958,-0.634174
3.0803427696228027,0.0,0.0,0.0,0.0,0.0,0.0,0.14193,0.402921,0.481944,0.202785,0.621093,0.631565,-0.41743,0.00916935,0.278804,0.0430132,0.672867,0.130152,0.357958,-0.634174
3.099529981613159,0.0,0.0,0.0,0.0,0.0,0.0,0.141929,0.40292,0.481944,0.202778,0.621128,0.631561,-0.417387,0.00919422,0.278814,0.0430626,0.672704,0.12957,0.35835,-0.634244
3.099775791168213,0.0,0.0,0.0,0.0,0.0,0.0,0.141929,0.40292,0.481944,0.202778,0.621128,0.631561,-0.417387,0.00919422,0.278814,0.0430626,0.672704,0.12957,0.35835,-0.634244
3.1181018352508545,0.0,0.0,0.0,0.0,0.0,0.0,0.141931,0.402921,0.481945,0.20271,0.621142,0.63158,-0.417371,0.00918185,0.278796,0.0430107,0.673125,0.130394,0.358007,-0.633823
3.1182708740234375,0.0,0.0,0.0,0.0,0.0,0.0,0.141931,0.402921,0.481945,0.20271,0.621142,0.63158,-0.417371,0.00918185,0.278796,0.0430107,0.673125,0.130394,0.358007,-0.633823
3.13474702835083,0.0,0.0,0.0,0.0,0.0,0.0,0.141929,0.402921,0.481943,0.202729,0.621121,0.631574,-0.417401,0.00916966,0.278804,0.0430189,0.672989,0.130348,0.357859,-0.63406
3.1348626613616943,0.0,0.0,0.0,0.0,0.0,0.0,0.141929,0.402921,0.481943,0.202729,0.621121,0.631574,-0.417401,0.00916966,0.278804,0.0430189,0.672989,0.130348,0.357859,-0.63406
3.146019458770752,0.0,0.0,0.0,0.0,0.0,0.0,0.141929,0.402918,0.481944,0.202725,0.621136,0.63157,-0.417386,0.0091922,0.278813,0.0430613,0.672695,0.12958,0.358357,-0.634247
3.146122694015503,0.0,0.0,0.0,0.0,0.0,0.0,0.141929,0.402918,0.481944,0.202725,0.621136,0.63157,-0.417386,0.0091922,0.278813,0.0430613,0.672695,0.12958,0.358357,-0.634247
3.161832332611084,0.0,0.0,0.0,0.0,0.0,0.0,0.141928,0.402921,0.481944,0.202734,0.621106,0.631577,-0.417416,0.00919462,0.278819,0.0430712,0.67275,0.129523,0.358236,-0.634269
3.161935567855835,0.0,0.0,0.0,0.0,0.0,0.0,0.141928,0.402921,0.481944,0.202734,0.621106,0.631577,-0.417416,0.00919462,0.278819,0.0430712,0.67275,0.129523,0.358236,-0.634269
3.1814897060394287,0.0,0.0,0.0,0.0,0.0,0.0,0.14191,0.402944,0.48192,0.203424,0.621625,0.630878,-0.417366,0.0091681,0.2788,0.0430157,0.672882,0.130106,0.357925,-0.634186
3.1815929412841797,0.0,0.0,0.0,0.0,0.0,0.0,0.14191,0.402944,0.48192,0.203424,0.621625,0.630878,-0.417366,0.0091681,0.2788,0.0430157,0.672882,0.130106,0.357925,-0.634186
3.2050483226776123,0.0,0.0,0.0,0.0,0.0,0.0,0.141911,0.402947,0.481919,0.203417,0.621621,0.630891,-0.417355,0.00919274,0.278813,0.0430576,0.672591,0.129343,0.358449,-0.634355
3.205157518386841,0.0,0.0,0.0,0.0,0.0,0.0,0.141911,0.402947,0.481919,0.203417,0.621621,0.630891,-0.417355,0.00919274,0.278813,0.0430576,0.672591,0.129343,0.358449,-0.634355
3.2218871116638184,0.0,0.0,0.0,0.0,0.0,0.0,0.14193,0.40292,0.481945,0.202748,0.621129,0.631567,-0.417391,0.00918184,0.278795,0.0430109,0.673124,0.130383,0.358033,-0.633811
3.2219982147216797,0.0,0.0,0.0,0.0,0.0,0.0,0.14193,0.40292,0.481945,0.202748,0.621129,0.631567,-0.417391,0.00918184,0.278795,0.0430109,0.673124,0.130383,0.358033,-0.633811
3.255213499069214,0.0,0.0,0.0,0.0,0.0,0.0,0.14193,0.402919,0.481945,0.202754,0.621117,0.631561,-0.417414,0.0091789,0.278822,0.0430643,0.672451,0.129382,0.358276,-0.634593
3.2553293704986572,0.0,0.0,0.0,0.0,0.0,0.0,0.14193,0.402919,0.481945,0.202754,0.621117,0.631561,-0.417414,0.0091789,0.278822,0.0430643,0.672451,0.129382,0.358276,-0.634593
3.2717208862304688,0.0,0.0,0.0,0.0,0.0,0.0,0.141946,0.402936,0.481931,0.202745,0.621447,0.631041,-0.417714,0.00918375,0.278796,0.0430092,0.67316,0.130367,0.358017,-0.633785
3.2718355655670166,0.0,0.0,0.0,0.0,0.0,0.0,0.141946,0.402936,0.481931,0.202745,0.621447,0.631041,-0.417714,0.00918375,0.278796,0.0430092,0.67316,0.130367,0.358017,-0.633785
3.2886295318603516,0.0,0.0,0.0,0.0,0.0,0.0,0.141929,0.402919,0.481943,0.202732,0.621127,0.631544,-0.417437,0.00921006,0.27883,0.0430608,0.67304,0.129877,0.358367,-0.633815
3.2887468338012695,0.0,0.0,0.0,0.0,0.0,0.0,0.141929,0.402919,0.481943,0.202732,0.621127,0.631544,-0.417437,0.00921006,0.27883,0.0430608,0.67304,0.129877,0.358367,-0.633815
3.305220127105713,0.0,0.0,0.0,0.0,0.0,0.0,0.14193,0.402921,0.481943,0.202729,0.621121,0.631561,-0.417422,0.00907095,0.278724,0.0431581,0.671841,0.129322,0.355287,-0.636927
3.3053340911865234,0.0,0.0,0.0,0.0,0.0,0.0,0.14193,0.402921,0.481943,0.202729,0.621121,0.631561,-0.417422,0.00907095,0.278724,0.0431581,0.671841,0.129322,0.355287,-0.636927
3.3219246864318848,0.0,0.0,0.0,0.0,0.0,0.0,0.141909,0.402947,0.481919,0.203381,0.621632,0.630888,-0.41736,0.00916949,0.278806,0.0430183,0.672964,0.130388,0.357851,-0.634083
3.3220367431640625,0.0,0.0,0.0,0.0,0.0,0.0,0.141909,0.402947,0.481919,0.203381,0.621632,0.630888,-0.41736,0.00916949,0.278806,0.0430183,0.672964,0.130388,0.357851,-0.634083
3.3730154037475586,0.0,0.0,0.0,0.0,0.0,0.0,0.14193,0.402921,0.481944,0.202688,0.621112,0.631593,-0.417407,0.00918341,0.278796,0.043005,0.67301,0.13016,0.358103,-0.633939
3.3733816146850586,0.0,0.0,0.0,0.0,0.0,0.0,0.14193,0.402921,0.481944,0.202688,0.621112,0.631593,-0.417407,0.00918341,0.278796,0.043005,0.67301,0.13016,0.358103,-0.633939
3.392918348312378,0.0,0.0,0.0,0.0,0.0,0.0,0.14193,0.402922,0.481942,0.202732,0.621089,0.631597,-0.417413,0.00919664,0.278811,0.0430559,0.672619,0.129356,0.35844,-0.634327
3.393066883087158,0.0,0.0,0.0,0.0,0.0,0.0,0.14193,0.402922,0.481942,0.202732,0.621089,0.631597,-0.417413,0.00919664,0.278811,0.0430559,0.672619,0.129356,0.35844,-0.634327
3.4218075275421143,0.0,0.0,0.0,0.0,0.0,0.0,0.141949,0.402942,0.481929,0.202856,0.621399,0.631142,-0.417579,0.009195,0.278814,0.0430596,0.672718,0.129563,0.358341,-0.634236
3.421924114227295,0.0,0.0,0.0,0.0,0.0,0.0,0.141949,0.402942,0.481929,0.202856,0.621399,0.631142,-0.417579,0.009195,0.278814,0.0430596,0.672718,0.129563,0.358341,-0.634236
3.438812017440796,0.0,0.0,0.0,0.0,0.0,0.0,0.141928,0.40292,0.481942,0.202743,0.621093,0.631577,-0.417432,0.00921213,0.278828,0.0430601,0.673054,0.129898,0.35833,-0.633818
3.4389257431030273,0.0,0.0,0.0,0.0,0.0,0.0,0.141928,0.40292,0.481942,0.202743,0.621093,0.631577,-0.417432,0.00921213,0.278828,0.0430601,0.673054,0.129898,0.35833,-0.633818
3.455282688140869,0.0,0.0,0.0,0.0,0.0,0.0,0.14193,0.402922,0.481942,0.202742,0.621107,0.631579,-0.417409,0.00918353,0.278796,0.0430093,0.673139,0.130374,0.358048,-0.633789
3.455399513244629,0.0,0.0,0.0,0.0,0.0,0.0,0.14193,0.402922,0.481942,0.202742,0.621107,0.631579,-0.417409,0.00918353,0.278796,0.0430093,0.673139,0.130374,0.358048,-0.633789
3.471971273422241,0.0,0.0,0.0,0.0,0.0,0.0,0.141909,0.402947,0.481918,0.203427,0.621593,0.630921,-0.417347,0.00918483,0.278799,0.0430145,0.673064,0.130114,0.358069,-0.63391
3.472083330154419,0.0,0.0,0.0,0.0,0.0,0.0,0.141909,0.402947,0.481918,0.203427,0.621593,0.630921,-0.417347,0.00918483,0.278799,0.0430145,0.673064,0.130114,0.358069,-0.63391
3.5051028728485107,0.0,0.0,0.0,0.0,0.0,0.0,0.14191,0.402949,0.481917,0.203422,0.621576,0.630933,-0.417355,0.00918328,0.278794,0.0430042,0.673027,0.130145,0.35811,-0.633919
3.5052177906036377,0.0,0.0,0.0,0.0,0.0,0.0,0.14191,0.402949,0.481917,0.203422,0.621576,0.630933,-0.417355,0.00918328,0.278794,0.0430042,0.673027,0.130145,0.35811,-0.633919
3.541041851043701,0.0,0.0,0.0,0.0,0.0,0.0,0.141931,0.402921,0.481942,0.202756,0.621108,0.631579,-0.417399,0.00918352,0.278827,0.0430804,0.672597,0.129505,0.358087,-0.63452
3.5415408611297607,0.0,0.0,0.0,0.0,0.0,0.0,0.141931,0.402921,0.481942,0.202756,0.621108,0.631579,-0.417399,0.00918352,0.278827,0.0430804,0.672597,0.129505,0.358087,-0.63452
3.5680861473083496,0.0,0.0,0.0,0.0,0.0,0.0,0.141929,0.402922,0.48194,0.202781,0.62107,0.63156,-0.417473,0.00918163,0.278821,0.0430664,0.672441,0.129373,0.358262,-0.634613
3.568263292312622,0.0,0.0,0.0,0.0,0.0,0.0,0.141929,0.402922,0.48194,0.202781,0.62107,0.63156,-0.417473,0.00918163,0.278821,0.0430664,0.672441,0.129373,0.358262,-0.634613
3.589475631713867,0.0,0.0,0.0,0.0,0.0,0.0,0.141929,0.402922,0.48194,0.202736,0.621077,0.631591,-0.417437,0.00918149,0.278823,0.0430694,0.672565,0.129543,0.358178,-0.634495
3.5896103382110596,0.0,0.0,0.0,0.0,0.0,0.0,0.141929,0.402922,0.48194,0.202736,0.621077,0.631591,-0.417437,0.00918149,0.278823,0.0430694,0.672565,0.129543,0.358178,-0.634495
3.606369733810425,0.0,0.0,0.0,0.0,0.0,0.0,0.141929,0.402923,0.48194,0.202757,0.621076,0.631597,-0.417421,0.00917117,0.278802,0.0430204,0.672998,0.130357,0.357854,-0.634052
3.606506109237671,0.0,0.0,0.0,0.0,0.0,0.0,0.141929,0.402923,0.48194,0.202757,0.621076,0.631597,-0.417421,0.00917117,0.278802,0.0430204,0.672998,0.130357,0.357854,-0.634052
3.6390373706817627,0.0,0.0,0.0,0.0,0.0,0.0,0.141928,0.402879,0.481968,0.207148,0.618626,0.629556,-0.421962,0.00918266,0.278793,0.0430105,0.673159,0.130334,0.358036,-0.633782
3.639158010482788,0.0,0.0,0.0,0.0,0.0,0.0,0.141928,0.402879,0.481968,0.207148,0.618626,0.629556,-0.421962,0.00918266,0.278793,0.0430105,0.673159,0.130334,0.358036,-0.633782
3.655693531036377,0.0,0.0,0.0,0.0,0.0,0.0,0.14193,0.402922,0.481939,0.202753,0.621069,0.631613,-0.417409,0.00918078,0.278823,0.0430706,0.672567,0.129514,0.358183,-0.634496
3.6558148860931396,0.0,0.0,0.0,0.0,0.0,0.0,0.14193,0.402922,0.481939,0.202753,0.621069,0.631613,-0.417409,0.00918078,0.278823,0.0430706,0.672567,0.129514,0.358183,-0.634496
3.6720142364501953,0.0,0.0,0.0,0.0,0.0,0.0,0.14193,0.402921,0.48194,0.202764,0.621046,0.63161,-0.417441,0.00918478,0.278794,0.0430098,0.673157,0.130372,0.358038,-0.633776
3.6721320152282715,0.0,0.0,0.0,0.0,0.0,0.0,0.14193,0.402921,0.48194,0.202764,0.621046,0.63161,-0.417441,0.00918478,0.278794,0.0430098,0.673157,0.130372,0.358038,-0.633776
3.6893227100372314,0.0,0.0,0.0,0.0,0.0,0.0,0.14193,0.402921,0.48194,0.202764,0.621046,0.63161,-0.417441,0.00918478,0.278794,0.0430098,0.673157,0.130372,0.358038,-0.633776
3.689445734024048,0.0,0.0,0.0,0.0,0.0,0.0,0.14193,0.402921,0.48194,0.202764,0.621046,0.63161,-0.417441,0.00918478,0.278794,0.0430098,0.673157,0.130372,0.358038,-0.633776
3.7050886154174805,0.0,0.0,0.0,0.0,0.0,0.0,0.141948,0.402938,0.481927,0.202743,0.621438,0.631057,-0.417705,0.0091811,0.278823,0.0430685,0.672558,0.129562,0.358178,-0.634498
3.7051990032196045,0.0,0.0,0.0,0.0,0.0,0.0,0.141948,0.402938,0.481927,0.202743,0.621438,0.631057,-0.417705,0.0091811,0.278823,0.0430685,0.672558,0.129562,0.358178,-0.634498
3.7384164333343506,0.0,0.0,0.0,0.0,0.0,0.0,0.14193,0.402921,0.481942,0.202774,0.621062,0.631587,-0.417447,0.00917115,0.278802,0.0430207,0.67299,0.130347,0.35784,-0.63407
3.738534450531006,0.0,0.0,0.0,0.0,0.0,0.0,0.14193,0.402921,0.481942,0.202774,0.621062,0.631587,-0.417447,0.00917115,0.278802,0.0430207,0.67299,0.130347,0.35784,-0.63407
3.754889965057373,0.0,0.0,0.0,0.0,0.0,0.0,0.14191,0.402947,0.481915,0.203427,0.621605,0.630935,-0.417308,0.00918075,0.278822,0.0430648,0.672437,0.129378,0.358262,-0.634616
3.7549960613250732,0.0,0.0,0.0,0.0,0.0,0.0,0.14191,0.402947,0.481915,0.203427,0.621605,0.630935,-0.417308,0.00918075,0.278822,0.0430648,0.672437,0.129378,0.358262,-0.634616
3.7717440128326416,0.0,0.0,0.0,0.0,0.0,0.0,0.141929,0.402922,0.481943,0.20276,0.621116,0.631568,-0.417402,0.00916919,0.278801,0.0430203,0.673011,0.130356,0.357867,-0.634031
3.771853446960449,0.0,0.0,0.0,0.0,0.0,0.0,0.141929,0.402922,0.481943,0.20276,0.621116,0.631568,-0.417402,0.00916919,0.278801,0.0430203,0.673011,0.130356,0.357867,-0.634031
3.788778066635132,0.0,0.0,0.0,0.0,0.0,0.0,0.14193,0.402921,0.481942,0.202729,0.621104,0.631579,-0.417419,0.0091794,0.27882,0.0430713,0.67256,0.129545,0.358153,-0.634513
3.7888901233673096,0.0,0.0,0.0,0.0,0.0,0.0,0.14193,0.402921,0.481942,0.202729,0.621104,0.631579,-0.417419,0.0091794,0.27882,0.0430713,0.67256,0.129545,0.358153,-0.634513
3.805210590362549,0.0,0.0,0.0,0.0,0.0,0.0,0.141909,0.402947,0.481917,0.203395,0.621637,0.6309,-0.417329,0.00916965,0.278802,0.0430209,0.672994,0.130354,0.357861,-0.634052
3.8053224086761475,0.0,0.0,0.0,0.0,0.0,0.0,0.141909,0.402947,0.481917,0.203395,0.621637,0.6309,-0.417329,0.00916965,0.278802,0.0430209,0.672994,0.130354,0.357861,-0.634052
3.838597297668457,0.0,0.0,0.0,0.0,0.0,0.0,0.14193,0.402922,0.481944,0.202719,0.621117,0.631589,-0.417389,0.00917061,0.278802,0.0430194,0.673003,0.130355,0.35783,-0.63406
3.838714361190796,0.0,0.0,0.0,0.0,0.0,0.0,0.14193,0.402922,0.481944,0.202719,0.621117,0.631589,-0.417389,0.00917061,0.278802,0.0430194,0.673003,0.130355,0.35783,-0.63406
3.8552653789520264,0.0,0.0,0.0,0.0,0.0,0.0,0.141929,0.402921,0.481943,0.202715,0.621105,0.631587,-0.417412,0.00913626,0.278785,0.0430194,0.672448,0.130611,0.357753,-0.634639
3.855377674102783,0.0,0.0,0.0,0.0,0.0,0.0,0.141929,0.402921,0.481943,0.202715,0.621105,0.631587,-0.417412,0.00913626,0.278785,0.0430194,0.672448,0.130611,0.357753,-0.634639
3.872371196746826,0.0,0.0,0.0,0.0,0.0,0.0,0.141929,0.40292,0.481943,0.202751,0.621113,0.63156,-0.417424,0.00916871,0.278802,0.0430195,0.672996,0.130352,0.357834,-0.634066
3.872483253479004,0.0,0.0,0.0,0.0,0.0,0.0,0.141929,0.40292,0.481943,0.202751,0.621113,0.63156,-0.417424,0.00916871,0.278802,0.0430195,0.672996,0.130352,0.357834,-0.634066
3.8894784450531006,0.0,0.0,0.0,0.0,0.0,0.0,0.141929,0.40292,0.481943,0.202751,0.621113,0.63156,-0.417424,0.00916871,0.278802,0.0430195,0.672996,0.130352,0.357834,-0.634066
3.8895933628082275,0.0,0.0,0.0,0.0,0.0,0.0,0.141929,0.40292,0.481943,0.202751,0.621113,0.63156,-0.417424,0.00916871,0.278802,0.0430195,0.672996,0.130352,0.357834,-0.634066
3.9058470726013184,0.0,0.0,0.0,0.0,0.0,0.0,0.141929,0.40292,0.481945,0.202778,0.621097,0.631555,-0.417441,0.00917111,0.278802,0.0430187,0.672999,0.130353,0.357848,-0.634055
3.9059627056121826,0.0,0.0,0.0,0.0,0.0,0.0,0.141929,0.40292,0.481945,0.202778,0.621097,0.631555,-0.417441,0.00917111,0.278802,0.0430187,0.672999,0.130353,0.357848,-0.634055
3.9248383045196533,0.0,0.0,0.0,0.0,0.0,0.0,0.141909,0.402947,0.481918,0.203447,0.621585,0.630891,-0.417394,0.0091691,0.278805,0.0430171,0.672976,0.130381,0.357847,-0.634074
3.924940824508667,0.0,0.0,0.0,0.0,0.0,0.0,0.141909,0.402947,0.481918,0.203447,0.621585,0.630891,-0.417394,0.0091691,0.278805,0.0430171,0.672976,0.130381,0.357847,-0.634074
3.955286741256714,0.0,0.0,0.0,0.0,0.0,0.0,0.141909,0.402904,0.481946,0.2078,0.619158,0.628865,-0.42189,0.00916978,0.278802,0.0430137,0.672869,0.130142,0.357962,-0.634171
3.9553959369659424,0.0,0.0,0.0,0.0,0.0,0.0,0.141909,0.402904,0.481946,0.2078,0.619158,0.628865,-0.42189,0.00916978,0.278802,0.0430137,0.672869,0.130142,0.357962,-0.634171
3.972482204437256,0.0,0.0,0.0,0.0,0.0,0.0,0.14193,0.402921,0.481944,0.202727,0.62113,0.631565,-0.417402,0.00918115,0.278798,0.0430056,0.67298,0.130153,0.358131,-0.633956
3.972593069076538,0.0,0.0,0.0,0.0,0.0,0.0,0.14193,0.402921,0.481944,0.202727,0.62113,0.631565,-0.417402,0.00918115,0.278798,0.0430056,0.67298,0.130153,0.358131,-0.633956
3.9887428283691406,0.0,0.0,0.0,0.0,0.0,0.0,0.14193,0.402919,0.481943,0.202748,0.621128,0.631534,-0.417443,0.00919506,0.278815,0.0430585,0.672729,0.129567,0.358368,-0.634209
3.988856077194214,0.0,0.0,0.0,0.0,0.0,0.0,0.14193,0.402919,0.481943,0.202748,0.621128,0.631534,-0.417443,0.00919506,0.278815,0.0430585,0.672729,0.129567,0.358368,-0.634209
4.004845857620239,0.0,0.0,0.0,0.0,0.0,0.0,0.141929,0.40292,0.481943,0.202753,0.621117,0.631594,-0.417365,0.00919472,0.278814,0.04306,0.672701,0.129557,0.358314,-0.634271
4.004956007003784,0.0,0.0,0.0,0.0,0.0,0.0,0.141929,0.40292,0.481943,0.202753,0.621117,0.631594,-0.417365,0.00919472,0.278814,0.04306,0.672701,0.129557,0.358314,-0.634271
4.024785757064819,0.0,0.0,0.0,0.0,0.0,0.0,0.141929,0.40292,0.481943,0.20279,0.621093,0.631566,-0.417425,0.00919711,0.278822,0.0430688,0.672745,0.129523,0.358281,-0.634249
4.024892330169678,0.0,0.0,0.0,0.0,0.0,0.0,0.141929,0.40292,0.481943,0.20279,0.621093,0.631566,-0.417425,0.00919711,0.278822,0.0430688,0.672745,0.129523,0.358281,-0.634249
4.055130958557129,0.0,0.0,0.0,0.0,0.0,0.0,0.141929,0.402921,0.481944,0.202758,0.621127,0.631571,-0.417383,0.00917101,0.278806,0.0430186,0.672974,0.130357,0.357821,-0.634095
4.055248260498047,0.0,0.0,0.0,0.0,0.0,0.0,0.141929,0.402921,0.481944,0.202758,0.621127,0.631571,-0.417383,0.00917101,0.278806,0.0430186,0.672974,0.130357,0.357821,-0.634095
4.07297682762146,0.0,0.0,0.0,0.0,0.0,0.0,0.14191,0.402947,0.481918,0.203442,0.621599,0.630898,-0.417366,0.0091816,0.278796,0.0430033,0.673035,0.130139,0.358117,-0.633908
4.073096990585327,0.0,0.0,0.0,0.0,0.0,0.0,0.14191,0.402947,0.481918,0.203442,0.621599,0.630898,-0.417366,0.0091816,0.278796,0.0430033,0.673035,0.130139,0.358117,-0.633908
4.0895702838897705,0.0,0.0,0.0,0.0,0.0,0.0,0.14193,0.402961,0.481905,0.20345,0.621946,0.630369,-0.417643,0.00919238,0.278816,0.0430592,0.672709,0.129558,0.358362,-0.634235
4.089705944061279,0.0,0.0,0.0,0.0,0.0,0.0,0.14193,0.402961,0.481905,0.20345,0.621946,0.630369,-0.417643,0.00919238,0.278816,0.0430592,0.672709,0.129558,0.358362,-0.634235
4.105508089065552,0.0,0.0,0.0,0.0,0.0,0.0,0.141911,0.402948,0.48192,0.203387,0.621636,0.630906,-0.417324,0.00919544,0.27882,0.0430691,0.672736,0.129543,0.358265,-0.634265
4.105620384216309,0.0,0.0,0.0,0.0,0.0,0.0,0.141911,0.402948,0.48192,0.203387,0.621636,0.630906,-0.417324,0.00919544,0.27882,0.0430691,0.672736,0.129543,0.358265,-0.634265
4.1249144077301025,0.0,0.0,0.0,0.0,0.0,0.0,0.141931,0.40292,0.481944,0.202723,0.621121,0.631568,-0.417415,0.00918076,0.278824,0.0430679,0.672556,0.129593,0.35818,-0.634493
4.1250221729278564,0.0,0.0,0.0,0.0,0.0,0.0,0.141931,0.40292,0.481944,0.202723,0.621121,0.631568,-0.417415,0.00918076,0.278824,0.0430679,0.672556,0.129593,0.35818,-0.634493
4.155819654464722,0.0,0.0,0.0,0.0,0.0,0.0,0.141924,0.402923,0.481939,0.203013,0.621005,0.631624,-0.41736,0.0091921,0.278815,0.043054,0.672546,0.129402,0.358437,-0.634398
4.155946493148804,0.0,0.0,0.0,0.0,0.0,0.0,0.141924,0.402923,0.481939,0.203013,0.621005,0.631624,-0.41736,0.0091921,0.278815,0.043054,0.672546,0.129402,0.358437,-0.634398
4.171903371810913,0.0,0.0,0.0,0.0,0.0,0.0,0.141929,0.402922,0.481944,0.202689,0.621111,0.6316,-0.417397,0.00918029,0.278821,0.0430644,0.67243,0.129376,0.358243,-0.634635
4.172017574310303,0.0,0.0,0.0,0.0,0.0,0.0,0.141929,0.402922,0.481944,0.202689,0.621111,0.6316,-0.417397,0.00918029,0.278821,0.0430644,0.67243,0.129376,0.358243,-0.634635
4.1894001960754395,0.0,0.0,0.0,0.0,0.0,0.0,0.141929,0.402919,0.481943,0.202758,0.621093,0.631573,-0.417431,0.00918311,0.278797,0.0430067,0.673128,0.130403,0.35807,-0.633782
4.189513444900513,0.0,0.0,0.0,0.0,0.0,0.0,0.141929,0.402919,0.481943,0.202758,0.621093,0.631573,-0.417431,0.00918311,0.278797,0.0430067,0.673128,0.130403,0.35807,-0.633782
4.205753326416016,0.0,0.0,0.0,0.0,0.0,0.0,0.141931,0.402921,0.481943,0.202786,0.621118,0.631562,-0.417397,0.00916884,0.278804,0.0430143,0.672856,0.130137,0.357909,-0.634216
4.205867767333984,0.0,0.0,0.0,0.0,0.0,0.0,0.141931,0.402921,0.481943,0.202786,0.621118,0.631562,-0.417397,0.00916884,0.278804,0.0430143,0.672856,0.130137,0.357909,-0.634216
4.224941253662109,0.0,0.0,0.0,0.0,0.0,0.0,0.141911,0.402948,0.481917,0.203433,0.621599,0.630911,-0.417351,0.00918264,0.278795,0.0430036,0.673014,0.130147,0.358125,-0.633925
4.225049257278442,0.0,0.0,0.0,0.0,0.0,0.0,0.141911,0.402948,0.481917,0.203433,0.621599,0.630911,-0.417351,0.00918264,0.278795,0.0430036,0.673014,0.130147,0.358125,-0.633925
4.255067348480225,0.0,0.0,0.0,0.0,0.0,0.0,0.14193,0.402922,0.481942,0.202757,0.621094,0.6316,-0.417388,0.00916913,0.278802,0.0430147,0.672868,0.130115,0.357904,-0.634211
4.255183458328247,0.0,0.0,0.0,0.0,0.0,0.0,0.14193,0.402922,0.481942,0.202757,0.621094,0.6316,-0.417388,0.00916913,0.278802,0.0430147,0.672868,0.130115,0.357904,-0.634211
4.272167921066284,0.0,0.0,0.0,0.0,0.0,0.0,0.141929,0.402922,0.481943,0.202723,0.621128,0.631561,-0.417413,0.00916956,0.278803,0.0430196,0.672995,0.13032,0.357843,-0.634069
4.27227783203125,0.0,0.0,0.0,0.0,0.0,0.0,0.141929,0.402922,0.481943,0.202723,0.621128,0.631561,-0.417413,0.00916956,0.278803,0.0430196,0.672995,0.13032,0.357843,-0.634069
4.289557456970215,0.0,0.0,0.0,0.0,0.0,0.0,0.141929,0.402922,0.481944,0.20271,0.621118,0.631578,-0.417409,0.0091932,0.278812,0.0430564,0.672586,0.129391,0.358423,-0.634365
4.289685964584351,0.0,0.0,0.0,0.0,0.0,0.0,0.141929,0.402922,0.481944,0.20271,0.621118,0.631578,-0.417409,0.0091932,0.278812,0.0430564,0.672586,0.129391,0.358423,-0.634365
4.305617809295654,0.0,0.0,0.0,0.0,0.0,0.0,0.141931,0.402922,0.481944,0.202718,0.621124,0.631579,-0.417395,0.00917272,0.278809,0.0430297,0.673025,0.130343,0.357774,-0.634071
4.305733919143677,0.0,0.0,0.0,0.0,0.0,0.0,0.141931,0.402922,0.481944,0.202718,0.621124,0.631579,-0.417395,0.00917272,0.278809,0.0430297,0.673025,0.130343,0.357774,-0.634071
4.3385539054870605,0.0,0.0,0.0,0.0,0.0,0.0,0.14193,0.402919,0.481944,0.202761,0.621079,0.631601,-0.417408,0.00917913,0.27882,0.0430649,0.672421,0.129366,0.358277,-0.634628
4.338667869567871,0.0,0.0,0.0,0.0,0.0,0.0,0.14193,0.402919,0.481944,0.202761,0.621079,0.631601,-0.417408,0.00917913,0.27882,0.0430649,0.672421,0.129366,0.358277,-0.634628
4.356461524963379,0.0,0.0,0.0,0.0,0.0,0.0,0.141911,0.402948,0.481918,0.203447,0.621589,0.630949,-0.417301,0.00919417,0.278816,0.043059,0.672691,0.129584,0.358364,-0.634248
4.356587886810303,0.0,0.0,0.0,0.0,0.0,0.0,0.141911,0.402948,0.481918,0.203447,0.621589,0.630949,-0.417301,0.00919417,0.278816,0.043059,0.672691,0.129584,0.358364,-0.634248
4.372463941574097,0.0,0.0,0.0,0.0,0.0,0.0,0.141931,0.40292,0.481945,0.202723,0.621087,0.631608,-0.417403,0.0091946,0.278814,0.043059,0.672711,0.129552,0.358334,-0.63425
4.372575759887695,0.0,0.0,0.0,0.0,0.0,0.0,0.141931,0.40292,0.481945,0.202723,0.621087,0.631608,-0.417403,0.0091946,0.278814,0.043059,0.672711,0.129552,0.358334,-0.63425
4.389957904815674,0.0,0.0,0.0,0.0,0.0,0.0,0.141931,0.402922,0.481944,0.202748,0.621099,0.63158,-0.417417,0.00918215,0.278823,0.043071,0.672544,0.129523,0.358166,-0.634527
4.3900816440582275,0.0,0.0,0.0,0.0,0.0,0.0,0.141931,0.402922,0.481944,0.202748,0.621099,0.63158,-0.417417,0.00918215,0.278823,0.043071,0.672544,0.129523,0.358166,-0.634527
4.405253887176514,0.0,0.0,0.0,0.0,0.0,0.0,0.14193,0.402921,0.481943,0.202743,0.621107,0.631597,-0.417381,0.00918187,0.278796,0.0430096,0.673123,0.130355,0.358047,-0.63381
4.405368804931641,0.0,0.0,0.0,0.0,0.0,0.0,0.14193,0.402921,0.481943,0.202743,0.621107,0.631597,-0.417381,0.00918187,0.278796,0.0430096,0.673123,0.130355,0.358047,-0.63381
4.438945293426514,0.0,0.0,0.0,0.0,0.0,0.0,0.141911,0.402947,0.481919,0.203379,0.621609,0.630934,-0.417327,0.00919346,0.278815,0.0430553,0.672574,0.129409,0.35844,-0.634365
4.439054012298584,0.0,0.0,0.0,0.0,0.0,0.0,0.141911,0.402947,0.481919,0.203379,0.621609,0.630934,-0.417327,0.00919346,0.278815,0.0430553,0.672574,0.129409,0.35844,-0.634365
4.455945253372192,0.0,0.0,0.0,0.0,0.0,0.0,0.14193,0.402922,0.481943,0.202707,0.621102,0.631585,-0.417424,0.00919261,0.278817,0.0430562,0.672585,0.129357,0.358466,-0.634349
4.456054449081421,0.0,0.0,0.0,0.0,0.0,0.0,0.14193,0.402922,0.481943,0.202707,0.621102,0.631585,-0.417424,0.00919261,0.278817,0.0430562,0.672585,0.129357,0.358466,-0.634349
4.4724602699279785,0.0,0.0,0.0,0.0,0.0,0.0,0.141929,0.40292,0.481943,0.202726,0.621082,0.631599,-0.417423,0.00919341,0.278814,0.0430549,0.672594,0.129347,0.358455,-0.634348
4.472567081451416,0.0,0.0,0.0,0.0,0.0,0.0,0.141929,0.40292,0.481943,0.202726,0.621082,0.631599,-0.417423,0.00919341,0.278814,0.0430549,0.672594,0.129347,0.358455,-0.634348
4.489372491836548,0.0,0.0,0.0,0.0,0.0,0.0,0.141929,0.40292,0.481943,0.202726,0.621096,0.631612,-0.417382,0.00917147,0.278803,0.0430189,0.672991,0.130328,0.357853,-0.634065
4.489482164382935,0.0,0.0,0.0,0.0,0.0,0.0,0.141929,0.40292,0.481943,0.202726,0.621096,0.631612,-0.417382,0.00917147,0.278803,0.0430189,0.672991,0.130328,0.357853,-0.634065
4.505404949188232,0.0,0.0,0.0,0.0,0.0,0.0,0.14191,0.402907,0.481947,0.207817,0.619154,0.628868,-0.421884,0.00919443,0.278815,0.0430553,0.672604,0.129381,0.358442,-0.634337
4.505513429641724,0.0,0.0,0.0,0.0,0.0,0.0,0.14191,0.402907,0.481947,0.207817,0.619154,0.628868,-0.421884,0.00919443,0.278815,0.0430553,0.672604,0.129381,0.358442,-0.634337
4.538768529891968,0.0,0.0,0.0,0.0,0.0,0.0,0.141929,0.402923,0.481943,0.202741,0.621088,0.631602,-0.417402,0.00918173,0.278825,0.0430628,0.672418,0.129394,0.358242,-0.634644
4.538888692855835,0.0,0.0,0.0,0.0,0.0,0.0,0.141929,0.402923,0.481943,0.202741,0.621088,0.631602,-0.417402,0.00918173,0.278825,0.0430628,0.672418,0.129394,0.358242,-0.634644
4.555331468582153,0.0,0.0,0.0,0.0,0.0,0.0,0.14191,0.402947,0.481917,0.203454,0.621614,0.630893,-0.417344,0.00918274,0.278823,0.0430616,0.672439,0.129373,0.358244,-0.634626
4.555447578430176,0.0,0.0,0.0,0.0,0.0,0.0,0.14191,0.402947,0.481917,0.203454,0.621614,0.630893,-0.417344,0.00918274,0.278823,0.0430616,0.672439,0.129373,0.358244,-0.634626
4.571847200393677,0.0,0.0,0.0,0.0,0.0,0.0,0.14191,0.402949,0.481919,0.203388,0.621652,0.630892,-0.417322,0.00917216,0.278804,0.0430118,0.672861,0.130153,0.357915,-0.634205
4.571958065032959,0.0,0.0,0.0,0.0,0.0,0.0,0.14191,0.402949,0.481919,0.203388,0.621652,0.630892,-0.417322,0.00917216,0.278804,0.0430118,0.672861,0.130153,0.357915,-0.634205
4.588769197463989,0.0,0.0,0.0,0.0,0.0,0.0,0.141909,0.402948,0.481918,0.2034,0.621622,0.630872,-0.417391,0.00918381,0.278799,0.0430072,0.673131,0.130364,0.358043,-0.633802
4.588886022567749,0.0,0.0,0.0,0.0,0.0,0.0,0.141909,0.402948,0.481918,0.2034,0.621622,0.630872,-0.417391,0.00918381,0.278799,0.0430072,0.673131,0.130364,0.358043,-0.633802
4.605363130569458,0.0,0.0,0.0,0.0,0.0,0.0,0.141908,0.402948,0.481919,0.203416,0.621607,0.630923,-0.417328,0.00918179,0.278823,0.0430617,0.672459,0.129365,0.358264,-0.634595
4.605478286743164,0.0,0.0,0.0,0.0,0.0,0.0,0.141908,0.402948,0.481919,0.203416,0.621607,0.630923,-0.417328,0.00918179,0.278823,0.0430617,0.672459,0.129365,0.358264,-0.634595
4.639077425003052,0.0,0.0,0.0,0.0,0.0,0.0,0.141929,0.402922,0.481943,0.202745,0.621097,0.631557,-0.417455,0.00917384,0.278811,0.0430224,0.672905,0.130069,0.357872,-0.6342
4.6392011642456055,0.0,0.0,0.0,0.0,0.0,0.0,0.141929,0.402922,0.481943,0.202745,0.621097,0.631557,-0.417455,0.00917384,0.278811,0.0430224,0.672905,0.130069,0.357872,-0.6342
4.6565210819244385,0.0,0.0,0.0,0.0,0.0,0.0,0.141928,0.402921,0.481945,0.202754,0.6211,0.631573,-0.417421,0.00918376,0.2788,0.0430075,0.673136,0.130377,0.358038,-0.633796
4.656650543212891,0.0,0.0,0.0,0.0,0.0,0.0,0.141928,0.402921,0.481945,0.202754,0.6211,0.631573,-0.417421,0.00918376,0.2788,0.0430075,0.673136,0.130377,0.358038,-0.633796
4.672152757644653,0.0,0.0,0.0,0.0,0.0,0.0,0.14191,0.40295,0.481919,0.203382,0.62165,0.630922,-0.417283,0.00919381,0.278818,0.0430523,0.672576,0.129406,0.358434,-0.634366
4.672271251678467,0.0,0.0,0.0,0.0,0.0,0.0,0.14191,0.40295,0.481919,0.203382,0.62165,0.630922,-0.417283,0.00919381,0.278818,0.0430523,0.672576,0.129406,0.358434,-0.634366
4.690073728561401,0.0,0.0,0.0,0.0,0.0,0.0,0.14191,0.40295,0.481919,0.203382,0.62165,0.630922,-0.417283,0.00919381,0.278818,0.0430523,0.672576,0.129406,0.358434,-0.634366
4.690202951431274,0.0,0.0,0.0,0.0,0.0,0.0,0.14191,0.40295,0.481919,0.203382,0.62165,0.630922,-0.417283,0.00919381,0.278818,0.0430523,0.672576,0.129406,0.358434,-0.634366
4.706024408340454,0.0,0.0,0.0,0.0,0.0,0.0,0.141929,0.402922,0.481943,0.202727,0.621123,0.631542,-0.417447,0.00918238,0.2788,0.0430022,0.673009,0.130176,0.358123,-0.633925
4.706139087677002,0.0,0.0,0.0,0.0,0.0,0.0,0.141929,0.402922,0.481943,0.202727,0.621123,0.631542,-0.417447,0.00918238,0.2788,0.0430022,0.673009,0.130176,0.358123,-0.633925
4.738602638244629,0.0,0.0,0.0,0.0,0.0,0.0,0.141929,0.402924,0.481944,0.202726,0.621128,0.631603,-0.417349,0.00919416,0.27882,0.0430577,0.672699,0.129577,0.358356,-0.634245
4.73871636390686,0.0,0.0,0.0,0.0,0.0,0.0,0.141929,0.402924,0.481944,0.202726,0.621128,0.631603,-0.417349,0.00919416,0.27882,0.0430577,0.672699,0.129577,0.358356,-0.634245
4.755467176437378,0.0,0.0,0.0,0.0,0.0,0.0,0.141928,0.402918,0.481944,0.202749,0.621108,0.631554,-0.417442,0.00919203,0.278813,0.043054,0.672591,0.129377,0.358443,-0.634351
4.755571365356445,0.0,0.0,0.0,0.0,0.0,0.0,0.141928,0.402918,0.481944,0.202749,0.621108,0.631554,-0.417442,0.00919203,0.278813,0.043054,0.672591,0.129377,0.358443,-0.634351
4.771665096282959,0.0,0.0,0.0,0.0,0.0,0.0,0.14193,0.402921,0.481945,0.2027,0.621133,0.631567,-0.417408,0.00918404,0.278797,0.0430091,0.673139,0.130374,0.358015,-0.633807
4.771780252456665,0.0,0.0,0.0,0.0,0.0,0.0,0.14193,0.402921,0.481945,0.2027,0.621133,0.631567,-0.417408,0.00918404,0.278797,0.0430091,0.673139,0.130374,0.358015,-0.633807
4.789193868637085,0.0,0.0,0.0,0.0,0.0,0.0,0.141929,0.40292,0.481943,0.202765,0.621094,0.631568,-0.417434,0.00919373,0.278815,0.0430542,0.672579,0.129383,0.358445,-0.634362
4.789303779602051,0.0,0.0,0.0,0.0,0.0,0.0,0.141929,0.40292,0.481943,0.202765,0.621094,0.631568,-0.417434,0.00919373,0.278815,0.0430542,0.672579,0.129383,0.358445,-0.634362
4.805358409881592,0.0,0.0,0.0,0.0,0.0,0.0,0.141929,0.402919,0.481946,0.20272,0.621131,0.631566,-0.417403,0.00918159,0.278823,0.0430703,0.67253,0.129572,0.358134,-0.634551
4.8054656982421875,0.0,0.0,0.0,0.0,0.0,0.0,0.141929,0.402919,0.481946,0.20272,0.621131,0.631566,-0.417403,0.00918159,0.278823,0.0430703,0.67253,0.129572,0.358134,-0.634551
4.838623046875,0.0,0.0,0.0,0.0,0.0,0.0,0.14191,0.402948,0.481918,0.203419,0.621625,0.630903,-0.41733,0.00919303,0.278815,0.0430559,0.672582,0.129378,0.358429,-0.634368
4.838752031326294,0.0,0.0,0.0,0.0,0.0,0.0,0.14191,0.402948,0.481918,0.203419,0.621625,0.630903,-0.41733,0.00919303,0.278815,0.0430559,0.672582,0.129378,0.358429,-0.634368
4.856441259384155,0.0,0.0,0.0,0.0,0.0,0.0,0.14193,0.402921,0.481945,0.202733,0.6211,0.631589,-0.417408,0.00918409,0.278802,0.0430201,0.673149,0.130325,0.357982,-0.633826
4.856564044952393,0.0,0.0,0.0,0.0,0.0,0.0,0.14193,0.402921,0.481945,0.202733,0.6211,0.631589,-0.417408,0.00918409,0.278802,0.0430201,0.673149,0.130325,0.357982,-0.633826
4.8723227977752686,0.0,0.0,0.0,0.0,0.0,0.0,0.141928,0.402922,0.481944,0.202698,0.621131,0.631575,-0.4174,0.00918365,0.278797,0.0430024,0.673024,0.130159,0.358088,-0.633932
4.872446060180664,0.0,0.0,0.0,0.0,0.0,0.0,0.141928,0.402922,0.481944,0.202698,0.621131,0.631575,-0.4174,0.00918365,0.278797,0.0430024,0.673024,0.130159,0.358088,-0.633932
4.889550447463989,0.0,0.0,0.0,0.0,0.0,0.0,0.14193,0.40292,0.481944,0.202725,0.621145,0.631553,-0.4174,0.00917977,0.278824,0.0430705,0.672525,0.129574,0.35816,-0.634541
4.889678239822388,0.0,0.0,0.0,0.0,0.0,0.0,0.14193,0.40292,0.481944,0.202725,0.621145,0.631553,-0.4174,0.00917977,0.278824,0.0430705,0.672525,0.129574,0.35816,-0.634541
4.905266284942627,0.0,0.0,0.0,0.0,0.0,0.0,0.14193,0.402964,0.481905,0.203448,0.621977,0.630381,-0.417581,0.00919405,0.278816,0.0430586,0.672724,0.129561,0.358389,-0.634203
4.905380964279175,0.0,0.0,0.0,0.0,0.0,0.0,0.14193,0.402964,0.481905,0.203448,0.621977,0.630381,-0.417581,0.00919405,0.278816,0.0430586,0.672724,0.129561,0.358389,-0.634203
4.938530921936035,0.0,0.0,0.0,0.0,0.0,0.0,0.141929,0.402922,0.481946,0.202719,0.621116,0.631574,-0.417414,0.00919414,0.278814,0.0430589,0.672705,0.129585,0.358335,-0.634249
4.938645362854004,0.0,0.0,0.0,0.0,0.0,0.0,0.141929,0.402922,0.481946,0.202719,0.621116,0.631574,-0.417414,0.00919414,0.278814,0.0430589,0.672705,0.129585,0.358335,-0.634249
4.95549464225769,0.0,0.0,0.0,0.0,0.0,0.0,0.141909,0.402946,0.481919,0.203411,0.621655,0.630883,-0.417318,0.00916981,0.278805,0.043018,0.672982,0.130328,0.357856,-0.634073
4.955607891082764,0.0,0.0,0.0,0.0,0.0,0.0,0.141909,0.402946,0.481919,0.203411,0.621655,0.630883,-0.417318,0.00916981,0.278805,0.043018,0.672982,0.130328,0.357856,-0.634073
4.9719014167785645,0.0,0.0,0.0,0.0,0.0,0.0,0.141927,0.402919,0.481945,0.20273,0.62112,0.631567,-0.417413,0.0091813,0.278796,0.0430104,0.673117,0.13037,0.35805,-0.633811
4.972015619277954,0.0,0.0,0.0,0.0,0.0,0.0,0.141927,0.402919,0.481945,0.20273,0.62112,0.631567,-0.417413,0.0091813,0.278796,0.0430104,0.673117,0.13037,0.35805,-0.633811
