# Timestamp, Fx, Fy, Fz, Tx, Ty, Tz, FemurPosX, FemurPosY, FemurPosZ, FemurQuatW, FemurQuatX, FemurQuatY, FemurQuatZ, TibiaPosX, TibiaPosY, TibiaPosZ, TibiaQuatW, TibiaQuatX, TibiaQuatY, TibiaQuatZ
0.02248072624206543,0.0,0.0,0.0,0.0,0.0,0.0,0.141999,0.403029,0.482359,0.206039,0.624356,0.628312,-0.415874,0.135421,0.274119,0.0305759,0.556458,0.346854,0.112801,-0.746541
0.022620677947998047,0.0,0.0,0.0,0.0,0.0,0.0,0.141999,0.403029,0.482359,0.206039,0.624356,0.628312,-0.415874,0.135421,0.274119,0.0305759,0.556458,0.346854,0.112801,-0.746541
0.05579113960266113,0.0,0.0,0.0,0.0,0.0,0.0,0.142008,0.403029,0.482378,0.205458,0.624168,0.62853,-0.416114,0.135426,0.274105,0.0305282,0.557581,0.346573,0.110392,-0.746194
0.055925607681274414,0.0,0.0,0.0,0.0,0.0,0.0,0.142008,0.403029,0.482378,0.205458,0.624168,0.62853,-0.416114,0.135426,0.274105,0.0305282,0.557581,0.346573,0.110392,-0.746194
0.07256102561950684,0.0,0.0,0.0,0.0,0.0,0.0,0.142028,0.403011,0.482308,0.2107,0.622494,0.626757,-0.418667,0.135423,0.274121,0.0305766,0.556467,0.346864,0.112806,-0.746529
0.0726931095123291,0.0,0.0,0.0,0.0,0.0,0.0,0.142028,0.403011,0.482308,0.2107,0.622494,0.626757,-0.418667,0.135423,0.274121,0.0305766,0.556467,0.346864,0.112806,-0.746529
0.08934259414672852,0.0,0.0,0.0,0.0,0.0,0.0,0.14201,0.403027,0.482382,0.205445,0.62422,0.628515,-0.416066,0.135418,0.274031,0.0305354,0.55796,0.346211,0.110466,-0.746067
0.08948254585266113,0.0,0.0,0.0,0.0,0.0,0.0,0.14201,0.403027,0.482382,0.205445,0.62422,0.628515,-0.416066,0.135418,0.274031,0.0305354,0.55796,0.346211,0.110466,-0.746067
0.10489463806152344,0.0,0.0,0.0,0.0,0.0,0.0,0.141999,0.403029,0.482358,0.206063,0.624352,0.628306,-0.415878,0.135427,0.2741,0.0305135,0.557488,0.346696,0.110612,-0.746173
0.10500764846801758,0.0,0.0,0.0,0.0,0.0,0.0,0.141999,0.403029,0.482358,0.206063,0.624352,0.628306,-0.415878,0.135427,0.2741,0.0305135,0.557488,0.346696,0.110612,-0.746173
0.13831686973571777,0.0,0.0,0.0,0.0,0.0,0.0,0.142002,0.403051,0.482367,0.204054,0.62553,0.628517,-0.414778,0.135426,0.274096,0.0305161,0.557511,0.346629,0.110589,-0.74619
0.1384429931640625,0.0,0.0,0.0,0.0,0.0,0.0,0.142002,0.403051,0.482367,0.204054,0.62553,0.628517,-0.414778,0.135426,0.274096,0.0305161,0.557511,0.346629,0.110589,-0.74619
0.154649019241333,0.0,0.0,0.0,0.0,0.0,0.0,0.142007,0.403029,0.482378,0.20548,0.624136,0.628557,-0.416111,0.135566,0.274217,0.0305531,0.556331,0.349769,0.1105,-0.745619
0.15476083755493164,0.0,0.0,0.0,0.0,0.0,0.0,0.142007,0.403029,0.482378,0.20548,0.624136,0.628557,-0.416111,0.135566,0.274217,0.0305531,0.556331,0.349769,0.1105,-0.745619
0.17142915725708008,0.0,0.0,0.0,0.0,0.0,0.0,0.141995,0.40301,0.482401,0.209864,0.622104,0.625915,-0.420921,0.135555,0.274154,0.0305598,0.556495,0.350366,0.111136,-0.745121
0.1715402603149414,0.0,0.0,0.0,0.0,0.0,0.0,0.141995,0.40301,0.482401,0.209864,0.622104,0.625915,-0.420921,0.135555,0.274154,0.0305598,0.556495,0.350366,0.111136,-0.745121
0.18814444541931152,0.0,0.0,0.0,0.0,0.0,0.0,0.141998,0.403052,0.482369,0.204038,0.625548,0.628477,-0.414819,0.135382,0.274229,0.0304617,0.555397,0.347993,0.110428,-0.747155
0.18825674057006836,0.0,0.0,0.0,0.0,0.0,0.0,0.141998,0.403052,0.482369,0.204038,0.625548,0.628477,-0.414819,0.135382,0.274229,0.0304617,0.555397,0.347993,0.110428,-0.747155
0.20514488220214844,0.0,0.0,0.0,0.0,0.0,0.0,0.142006,0.403037,0.482371,0.205666,0.624277,0.628347,-0.416125,0.135425,0.274106,0.0305272,0.557562,0.346577,0.110407,-0.746203
0.20525574684143066,0.0,0.0,0.0,0.0,0.0,0.0,0.142006,0.403037,0.482371,0.205666,0.624277,0.628347,-0.416125,0.135425,0.274106,0.0305272,0.557562,0.346577,0.110407,-0.746203
0.22153234481811523,0.0,0.0,0.0,0.0,0.0,0.0,0.142008,0.403015,0.482391,0.208795,0.62186,0.627419,-0.419572,0.135383,0.274231,0.0304599,0.55537,0.348013,0.110401,-0.74717
0.22164273262023926,0.0,0.0,0.0,0.0,0.0,0.0,0.142008,0.403015,0.482391,0.208795,0.62186,0.627419,-0.419572,0.135383,0.274231,0.0304599,0.55537,0.348013,0.110401,-0.74717
0.2550032138824463,0.0,0.0,0.0,0.0,0.0,0.0,0.142001,0.403011,0.482398,0.209887,0.622084,0.625963,-0.420868,0.135428,0.274098,0.0305156,0.557512,0.346653,0.110572,-0.746181
0.25511765480041504,0.0,0.0,0.0,0.0,0.0,0.0,0.142001,0.403011,0.482398,0.209887,0.622084,0.625963,-0.420868,0.135428,0.274098,0.0305156,0.557512,0.346653,0.110572,-0.746181
0.2717905044555664,0.0,0.0,0.0,0.0,0.0,0.0,0.142005,0.403027,0.482357,0.206035,0.624359,0.628342,-0.415826,0.135427,0.274105,0.0305299,0.556941,0.347267,0.112019,-0.746106
0.27190184593200684,0.0,0.0,0.0,0.0,0.0,0.0,0.142005,0.403027,0.482357,0.206035,0.624359,0.628342,-0.415826,0.135427,0.274105,0.0305299,0.556941,0.347267,0.112019,-0.746106
0.2881784439086914,0.0,0.0,0.0,0.0,0.0,0.0,0.142,0.403032,0.482359,0.20603,0.624353,0.628313,-0.415882,0.135373,0.27417,0.030476,0.555806,0.347599,0.110364,-0.747044
0.28829050064086914,0.0,0.0,0.0,0.0,0.0,0.0,0.142,0.403032,0.482359,0.20603,0.624353,0.628313,-0.415882,0.135373,0.27417,0.030476,0.555806,0.347599,0.110364,-0.747044
0.3046896457672119,0.0,0.0,0.0,0.0,0.0,0.0,0.141998,0.403034,0.482358,0.205992,0.624331,0.628368,-0.415852,0.135415,0.274027,0.0305518,0.557545,0.346695,0.111967,-0.745929
0.3047962188720703,0.0,0.0,0.0,0.0,0.0,0.0,0.141998,0.403034,0.482358,0.205992,0.624331,0.628368,-0.415852,0.135415,0.274027,0.0305518,0.557545,0.346695,0.111967,-0.745929
0.32167673110961914,0.0,0.0,0.0,0.0,0.0,0.0,0.14201,0.403027,0.482379,0.205516,0.624187,0.628492,-0.416115,0.135427,0.274102,0.0305309,0.55696,0.347268,0.112017,-0.746092
0.32178688049316406,0.0,0.0,0.0,0.0,0.0,0.0,0.14201,0.403027,0.482379,0.205516,0.624187,0.628492,-0.416115,0.135427,0.274102,0.0305309,0.55696,0.347268,0.112017,-0.746092
0.3549234867095947,0.0,0.0,0.0,0.0,0.0,0.0,0.142001,0.403032,0.48238,0.205459,0.624137,0.62851,-0.416191,0.135427,0.2741,0.0305152,0.557538,0.346675,0.11061,-0.746145
0.35503554344177246,0.0,0.0,0.0,0.0,0.0,0.0,0.142001,0.403032,0.48238,0.205459,0.624137,0.62851,-0.416191,0.135427,0.2741,0.0305152,0.557538,0.346675,0.11061,-0.746145
0.3714029788970947,0.0,0.0,0.0,0.0,0.0,0.0,0.142007,0.403029,0.482377,0.205504,0.624115,0.628544,-0.41615,0.135428,0.2741,0.0305147,0.557524,0.346662,0.110591,-0.746165
0.37151503562927246,0.0,0.0,0.0,0.0,0.0,0.0,0.142007,0.403029,0.482377,0.205504,0.624115,0.628544,-0.41615,0.135428,0.2741,0.0305147,0.557524,0.346662,0.110591,-0.746165
0.38808393478393555,0.0,0.0,0.0,0.0,0.0,0.0,0.141999,0.403053,0.482345,0.204605,0.625679,0.62835,-0.414534,0.135427,0.274105,0.0305297,0.55692,0.347274,0.11198,-0.746124
0.38820338249206543,0.0,0.0,0.0,0.0,0.0,0.0,0.141999,0.403053,0.482345,0.204605,0.625679,0.62835,-0.414534,0.135427,0.274105,0.0305297,0.55692,0.347274,0.11198,-0.746124
0.4047553539276123,0.0,0.0,0.0,0.0,0.0,0.0,0.142003,0.403031,0.482382,0.20545,0.624223,0.628466,-0.416132,0.135428,0.274099,0.0305141,0.557502,0.346692,0.110571,-0.74617
0.4048635959625244,0.0,0.0,0.0,0.0,0.0,0.0,0.142003,0.403031,0.482382,0.20545,0.624223,0.628466,-0.416132,0.135428,0.274099,0.0305141,0.557502,0.346692,0.110571,-0.74617
0.42168140411376953,0.0,0.0,0.0,0.0,0.0,0.0,0.142003,0.403018,0.482394,0.208788,0.621882,0.627405,-0.419563,0.135423,0.274121,0.0305766,0.556452,0.346866,0.112767,-0.746544
0.42179226875305176,0.0,0.0,0.0,0.0,0.0,0.0,0.142003,0.403018,0.482394,0.208788,0.621882,0.627405,-0.419563,0.135423,0.274121,0.0305766,0.556452,0.346866,0.112767,-0.746544
0.4549136161804199,0.0,0.0,0.0,0.0,0.0,0.0,0.142001,0.402995,0.482406,0.210412,0.621834,0.625667,-0.421415,0.135421,0.274124,0.030575,0.556423,0.346873,0.112818,-0.746555
0.45502686500549316,0.0,0.0,0.0,0.0,0.0,0.0,0.142001,0.402995,0.482406,0.210412,0.621834,0.625667,-0.421415,0.135421,0.274124,0.030575,0.556423,0.346873,0.112818,-0.746555
0.47135043144226074,0.0,0.0,0.0,0.0,0.0,0.0,0.141999,0.402993,0.482411,0.210385,0.621904,0.625627,-0.421384,0.13542,0.274119,0.0305749,0.556404,0.346889,0.112765,-0.746571
0.47145605087280273,0.0,0.0,0.0,0.0,0.0,0.0,0.141999,0.402993,0.482411,0.210385,0.621904,0.625627,-0.421384,0.13542,0.274119,0.0305749,0.556404,0.346889,0.112765,-0.746571
0.4882214069366455,0.0,0.0,0.0,0.0,0.0,0.0,0.142008,0.403026,0.482371,0.205568,0.624151,0.628446,-0.416212,0.135414,0.274029,0.0305506,0.557507,0.346701,0.111932,-0.745959
0.48833441734313965,0.0,0.0,0.0,0.0,0.0,0.0,0.142008,0.403026,0.482371,0.205568,0.624151,0.628446,-0.416212,0.135414,0.274029,0.0305506,0.557507,0.346701,0.111932,-0.745959
0.5047369003295898,0.0,0.0,0.0,0.0,0.0,0.0,0.141997,0.402998,0.482409,0.210376,0.621825,0.625659,-0.421457,0.135417,0.274032,0.030533,0.557966,0.346202,0.110494,-0.746063
0.5048477649688721,0.0,0.0,0.0,0.0,0.0,0.0,0.141997,0.402998,0.482409,0.210376,0.621825,0.625659,-0.421457,0.135417,0.274032,0.030533,0.557966,0.346202,0.110494,-0.746063
0.5214378833770752,0.0,0.0,0.0,0.0,0.0,0.0,0.142008,0.403028,0.482377,0.20546,0.624156,0.628554,-0.416095,0.135427,0.274098,0.0305151,0.557485,0.346629,0.11054,-0.746217
0.5215475559234619,0.0,0.0,0.0,0.0,0.0,0.0,0.142008,0.403028,0.482377,0.20546,0.624156,0.628554,-0.416095,0.135427,0.274098,0.0305151,0.557485,0.346629,0.11054,-0.746217
0.554919958114624,0.0,0.0,0.0,0.0,0.0,0.0,0.142002,0.402992,0.482406,0.210382,0.621843,0.625649,-0.421443,0.135388,0.274022,0.0305412,0.557317,0.346236,0.111534,-0.746377
0.555039644241333,0.0,0.0,0.0,0.0,0.0,0.0,0.142002,0.402992,0.482406,0.210382,0.621843,0.625649,-0.421443,0.135388,0.274022,0.0305412,0.557317,0.346236,0.111534,-0.746377
0.5716373920440674,0.0,0.0,0.0,0.0,0.0,0.0,0.142007,0.403011,0.482399,0.209873,0.622171,0.625914,-0.420819,0.135511,0.27429,0.0305154,0.554577,0.350706,0.110271,-0.746519
0.5717501640319824,0.0,0.0,0.0,0.0,0.0,0.0,0.142007,0.403011,0.482399,0.209873,0.622171,0.625914,-0.420819,0.135511,0.27429,0.0305154,0.554577,0.350706,0.110271,-0.746519
0.5884542465209961,0.0,0.0,0.0,0.0,0.0,0.0,0.141998,0.403042,0.482377,0.205248,0.624235,0.628555,-0.416079,0.135418,0.274034,0.0305315,0.557948,0.346261,0.11053,-0.746043
0.5885660648345947,0.0,0.0,0.0,0.0,0.0,0.0,0.141998,0.403042,0.482377,0.205248,0.624235,0.628555,-0.416079,0.135418,0.274034,0.0305315,0.557948,0.346261,0.11053,-0.746043
0.6050827503204346,0.0,0.0,0.0,0.0,0.0,0.0,0.141997,0.403031,0.482359,0.205994,0.624291,0.628371,-0.415905,0.135427,0.274104,0.0305253,0.557549,0.346606,0.110376,-0.746204
0.605198860168457,0.0,0.0,0.0,0.0,0.0,0.0,0.141997,0.403031,0.482359,0.205994,0.624291,0.628371,-0.415905,0.135427,0.274104,0.0305253,0.557549,0.346606,0.110376,-0.746204
0.6219966411590576,0.0,0.0,0.0,0.0,0.0,0.0,0.141998,0.402997,0.48241,0.21035,0.621858,0.625646,-0.421441,0.135374,0.274174,0.0304758,0.555796,0.34765,0.110409,-0.747021
0.622105598449707,0.0,0.0,0.0,0.0,0.0,0.0,0.141998,0.402997,0.48241,0.21035,0.621858,0.625646,-0.421441,0.135374,0.274174,0.0304758,0.555796,0.34765,0.110409,-0.747021
0.6550626754760742,0.0,0.0,0.0,0.0,0.0,0.0,0.142005,0.403027,0.482359,0.206036,0.624355,0.628358,-0.415808,0.135425,0.274105,0.0305297,0.556911,0.347255,0.111999,-0.746137
0.655179500579834,0.0,0.0,0.0,0.0,0.0,0.0,0.142005,0.403027,0.482359,0.206036,0.624355,0.628358,-0.415808,0.135425,0.274105,0.0305297,0.556911,0.347255,0.111999,-0.746137
0.6722407341003418,0.0,0.0,0.0,0.0,0.0,0.0,0.142006,0.402992,0.482408,0.210385,0.6219,0.625626,-0.421391,0.135428,0.274106,0.0305296,0.55693,0.347288,0.11205,-0.746099
0.6723527908325195,0.0,0.0,0.0,0.0,0.0,0.0,0.142006,0.402992,0.482408,0.210385,0.6219,0.625626,-0.421391,0.135428,0.274106,0.0305296,0.55693,0.347288,0.11205,-0.746099
0.688936710357666,0.0,0.0,0.0,0.0,0.0,0.0,0.142002,0.403031,0.482356,0.206053,0.624285,0.628379,-0.415872,0.135425,0.274105,0.0305321,0.556942,0.347243,0.112004,-0.746118
0.6890497207641602,0.0,0.0,0.0,0.0,0.0,0.0,0.142002,0.403031,0.482356,0.206053,0.624285,0.628379,-0.415872,0.135425,0.274105,0.0305321,0.556942,0.347243,0.112004,-0.746118
0.7056686878204346,0.0,0.0,0.0,0.0,0.0,0.0,0.142006,0.403028,0.482376,0.20548,0.624129,0.628526,-0.416168,0.135416,0.274032,0.0305325,0.557912,0.34624,0.110484,-0.746087
0.7057759761810303,0.0,0.0,0.0,0.0,0.0,0.0,0.142006,0.403028,0.482376,0.20548,0.624129,0.628526,-0.416168,0.135416,0.274032,0.0305325,0.557912,0.34624,0.110484,-0.746087
0.7215988636016846,0.0,0.0,0.0,0.0,0.0,0.0,0.141988,0.403008,0.482406,0.210141,0.621869,0.625743,-0.421385,0.135426,0.274107,0.0305301,0.55692,0.347295,0.112019,-0.746109
0.7217087745666504,0.0,0.0,0.0,0.0,0.0,0.0,0.141988,0.403008,0.482406,0.210141,0.621869,0.625743,-0.421385,0.135426,0.274107,0.0305301,0.55692,0.347295,0.112019,-0.746109
0.7549781799316406,0.0,0.0,0.0,0.0,0.0,0.0,0.142008,0.403029,0.482378,0.205494,0.62413,0.628537,-0.416143,0.135384,0.274234,0.0304604,0.555422,0.348033,0.110481,-0.74711
0.7550911903381348,0.0,0.0,0.0,0.0,0.0,0.0,0.142008,0.403029,0.482378,0.205494,0.62413,0.628537,-0.416143,0.135384,0.274234,0.0304604,0.555422,0.348033,0.110481,-0.74711
0.7715167999267578,0.0,0.0,0.0,0.0,0.0,0.0,0.142008,0.403027,0.482378,0.20549,0.624215,0.628455,-0.416141,0.135426,0.274101,0.0305141,0.557513,0.346653,0.110581,-0.746179
0.7716312408447266,0.0,0.0,0.0,0.0,0.0,0.0,0.142008,0.403027,0.482378,0.20549,0.624215,0.628455,-0.416141,0.135426,0.274101,0.0305141,0.557513,0.346653,0.110581,-0.746179
0.7890293598175049,0.0,0.0,0.0,0.0,0.0,0.0,0.142006,0.403027,0.482377,0.205452,0.624137,0.628538,-0.416152,0.135426,0.274097,0.0305153,0.557539,0.346619,0.110616,-0.74617
0.7891452312469482,0.0,0.0,0.0,0.0,0.0,0.0,0.142006,0.403027,0.482377,0.205452,0.624137,0.628538,-0.416152,0.135426,0.274097,0.0305153,0.557539,0.346619,0.110616,-0.74617
0.8064026832580566,0.0,0.0,0.0,0.0,0.0,0.0,0.142005,0.403028,0.482371,0.205548,0.624085,0.628487,-0.416259,0.135422,0.274123,0.030576,0.556471,0.34689,0.112793,-0.746516
0.8065295219421387,0.0,0.0,0.0,0.0,0.0,0.0,0.142005,0.403028,0.482371,0.205548,0.624085,0.628487,-0.416259,0.135422,0.274123,0.030576,0.556471,0.34689,0.112793,-0.746516
0.822005033493042,0.0,0.0,0.0,0.0,0.0,0.0,0.141997,0.403033,0.482358,0.206012,0.624308,0.628351,-0.415902,0.135564,0.274215,0.030553,0.556373,0.349682,0.110483,-0.74563
0.8221147060394287,0.0,0.0,0.0,0.0,0.0,0.0,0.141997,0.403033,0.482358,0.206012,0.624308,0.628351,-0.415902,0.135564,0.274215,0.030553,0.556373,0.349682,0.110483,-0.74563
0.8551015853881836,0.0,0.0,0.0,0.0,0.0,0.0,0.142009,0.403026,0.482379,0.205492,0.624177,0.628499,-0.41613,0.135426,0.274096,0.0305138,0.557528,0.346635,0.110585,-0.746175
0.8552207946777344,0.0,0.0,0.0,0.0,0.0,0.0,0.142009,0.403026,0.482379,0.205492,0.624177,0.628499,-0.41613,0.135426,0.274096,0.0305138,0.557528,0.346635,0.110585,-0.746175
0.8714921474456787,0.0,0.0,0.0,0.0,0.0,0.0,0.141991,0.403058,0.482349,0.204551,0.625666,0.628379,-0.414538,0.13538,0.274234,0.0304652,0.555342,0.348846,0.110975,-0.746717
0.8716022968292236,0.0,0.0,0.0,0.0,0.0,0.0,0.141991,0.403058,0.482349,0.204551,0.625666,0.628379,-0.414538,0.13538,0.274234,0.0304652,0.555342,0.348846,0.110975,-0.746717
0.8881208896636963,0.0,0.0,0.0,0.0,0.0,0.0,0.142008,0.403028,0.482377,0.205467,0.624147,0.628531,-0.41614,0.135388,0.27403,0.0305375,0.557862,0.345629,0.109932,-0.746488
0.8882379531860352,0.0,0.0,0.0,0.0,0.0,0.0,0.142008,0.403028,0.482377,0.205467,0.624147,0.628531,-0.41614,0.135388,0.27403,0.0305375,0.557862,0.345629,0.109932,-0.746488
0.9048635959625244,0.0,0.0,0.0,0.0,0.0,0.0,0.142006,0.403031,0.482382,0.205489,0.624231,0.628453,-0.41612,0.135426,0.274099,0.0305181,0.557499,0.347517,0.11109,-0.745712
0.9049680233001709,0.0,0.0,0.0,0.0,0.0,0.0,0.142006,0.403031,0.482382,0.205489,0.624231,0.628453,-0.41612,0.135426,0.274099,0.0305181,0.557499,0.347517,0.11109,-0.745712
0.9215097427368164,0.0,0.0,0.0,0.0,0.0,0.0,0.142002,0.403031,0.48238,0.205503,0.624126,0.628537,-0.416145,0.135565,0.274216,0.0305529,0.556337,0.349755,0.110507,-0.74562
0.9216175079345703,0.0,0.0,0.0,0.0,0.0,0.0,0.142002,0.403031,0.48238,0.205503,0.624126,0.628537,-0.416145,0.135565,0.274216,0.0305529,0.556337,0.349755,0.110507,-0.74562
0.9549920558929443,0.0,0.0,0.0,0.0,0.0,0.0,0.141998,0.402994,0.482386,0.210964,0.622002,0.625485,-0.42116,0.135426,0.274099,0.0305155,0.557496,0.346642,0.110548,-0.746202
0.9551002979278564,0.0,0.0,0.0,0.0,0.0,0.0,0.141998,0.402994,0.482386,0.210964,0.622002,0.625485,-0.42116,0.135426,0.274099,0.0305155,0.557496,0.346642,0.110548,-0.746202
0.971625566482544,0.0,0.0,0.0,0.0,0.0,0.0,0.142,0.402993,0.482407,0.210368,0.621799,0.625696,-0.421445,0.135427,0.274101,0.0305138,0.557493,0.346677,0.110586,-0.746182
0.971733808517456,0.0,0.0,0.0,0.0,0.0,0.0,0.142,0.402993,0.482407,0.210368,0.621799,0.625696,-0.421445,0.135427,0.274101,0.0305138,0.557493,0.346677,0.110586,-0.746182
0.9883413314819336,0.0,0.0,0.0,0.0,0.0,0.0,0.142006,0.403028,0.482358,0.206057,0.624374,0.628309,-0.415844,0.135331,0.274308,0.0304221,0.553649,0.349006,0.110274,-0.748002
0.9884488582611084,0.0,0.0,0.0,0.0,0.0,0.0,0.142006,0.403028,0.482358,0.206057,0.624374,0.628309,-0.415844,0.135331,0.274308,0.0304221,0.553649,0.349006,0.110274,-0.748002
1.0052220821380615,0.0,0.0,0.0,0.0,0.0,0.0,0.141998,0.403031,0.482358,0.206044,0.624299,0.628341,-0.415913,0.135426,0.274105,0.0305257,0.557594,0.346582,0.110421,-0.746175
1.0053391456604004,0.0,0.0,0.0,0.0,0.0,0.0,0.141998,0.403031,0.482358,0.206044,0.624299,0.628341,-0.415913,0.135426,0.274105,0.0305257,0.557594,0.346582,0.110421,-0.746175
1.0215115547180176,0.0,0.0,0.0,0.0,0.0,0.0,0.141997,0.40303,0.482352,0.206106,0.624248,0.628329,-0.415977,0.135423,0.27412,0.0305742,0.556484,0.346858,0.11276,-0.746526
1.0216190814971924,0.0,0.0,0.0,0.0,0.0,0.0,0.141997,0.40303,0.482352,0.206106,0.624248,0.628329,-0.415977,0.135423,0.27412,0.0305742,0.556484,0.346858,0.11276,-0.746526
1.0548779964447021,0.0,0.0,0.0,0.0,0.0,0.0,0.141997,0.402996,0.482408,0.210399,0.621795,0.625684,-0.421454,0.135428,0.274102,0.0305155,0.557501,0.346648,0.110606,-0.746186
1.0549848079681396,0.0,0.0,0.0,0.0,0.0,0.0,0.141997,0.402996,0.482408,0.210399,0.621795,0.625684,-0.421454,0.135428,0.274102,0.0305155,0.557501,0.346648,0.110606,-0.746186
1.0721685886383057,0.0,0.0,0.0,0.0,0.0,0.0,0.142003,0.40303,0.482357,0.206028,0.624291,0.628393,-0.415855,0.135426,0.274099,0.0305151,0.55752,0.346629,0.110604,-0.746181
1.0723164081573486,0.0,0.0,0.0,0.0,0.0,0.0,0.142003,0.40303,0.482357,0.206028,0.624291,0.628393,-0.415855,0.135426,0.274099,0.0305151,0.55752,0.346629,0.110604,-0.746181
1.0888679027557373,0.0,0.0,0.0,0.0,0.0,0.0,0.142003,0.403031,0.482381,0.205454,0.624142,0.628554,-0.416119,0.135418,0.274031,0.0305321,0.557979,0.346241,0.110479,-0.746037
1.088977336883545,0.0,0.0,0.0,0.0,0.0,0.0,0.142003,0.403031,0.482381,0.205454,0.624142,0.628554,-0.416119,0.135418,0.274031,0.0305321,0.557979,0.346241,0.110479,-0.746037
1.1055374145507812,0.0,0.0,0.0,0.0,0.0,0.0,0.142002,0.403031,0.482381,0.20548,0.624096,0.628565,-0.416159,0.135603,0.274281,0.0305504,0.556083,0.350637,0.110887,-0.745339
1.1056442260742188,0.0,0.0,0.0,0.0,0.0,0.0,0.142002,0.403031,0.482381,0.20548,0.624096,0.628565,-0.416159,0.135603,0.274281,0.0305504,0.556083,0.350637,0.110887,-0.745339
1.1212947368621826,0.0,0.0,0.0,0.0,0.0,0.0,0.141993,0.403054,0.482354,0.208097,0.624307,0.625968,-0.41845,0.135428,0.274108,0.0305299,0.556913,0.347292,0.112014,-0.746116
1.1214001178741455,0.0,0.0,0.0,0.0,0.0,0.0,0.141993,0.403054,0.482354,0.208097,0.624307,0.625968,-0.41845,0.135428,0.274108,0.0305299,0.556913,0.347292,0.112014,-0.746116
1.1550278663635254,0.0,0.0,0.0,0.0,0.0,0.0,0.142005,0.403033,0.48238,0.205504,0.624188,0.628469,-0.416154,0.135427,0.274103,0.0305132,0.557493,0.346678,0.110586,-0.746181
1.1551482677459717,0.0,0.0,0.0,0.0,0.0,0.0,0.142005,0.403033,0.48238,0.205504,0.624188,0.628469,-0.416154,0.135427,0.274103,0.0305132,0.557493,0.346678,0.110586,-0.746181
1.1724371910095215,0.0,0.0,0.0,0.0,0.0,0.0,0.142006,0.403028,0.482377,0.205481,0.624112,0.628546,-0.416163,0.135427,0.274104,0.030526,0.557618,0.346589,0.110431,-0.746152
1.1725499629974365,0.0,0.0,0.0,0.0,0.0,0.0,0.142006,0.403028,0.482377,0.205481,0.624112,0.628546,-0.416163,0.135427,0.274104,0.030526,0.557618,0.346589,0.110431,-0.746152
1.1890974044799805,0.0,0.0,0.0,0.0,0.0,0.0,0.142003,0.403029,0.482381,0.205437,0.624163,0.628508,-0.416166,0.135426,0.274102,0.0305247,0.557613,0.346585,0.110376,-0.746166
1.1892156600952148,0.0,0.0,0.0,0.0,0.0,0.0,0.142003,0.403029,0.482381,0.205437,0.624163,0.628508,-0.416166,0.135426,0.274102,0.0305247,0.557613,0.346585,0.110376,-0.746166
1.2054741382598877,0.0,0.0,0.0,0.0,0.0,0.0,0.141996,0.402998,0.482412,0.210322,0.621825,0.625715,-0.421402,0.135412,0.274047,0.0305974,0.557018,0.34634,0.112744,-0.74637
1.2055816650390625,0.0,0.0,0.0,0.0,0.0,0.0,0.141996,0.402998,0.482412,0.210322,0.621825,0.625715,-0.421402,0.135412,0.274047,0.0305974,0.557018,0.34634,0.112744,-0.74637
1.2216675281524658,0.0,0.0,0.0,0.0,0.0,0.0,0.142006,0.403028,0.482357,0.206064,0.624364,0.628331,-0.415822,0.135428,0.274099,0.0305148,0.557531,0.346662,0.110597,-0.746159
1.221771240234375,0.0,0.0,0.0,0.0,0.0,0.0,0.142006,0.403028,0.482357,0.206064,0.624364,0.628331,-0.415822,0.135428,0.274099,0.0305148,0.557531,0.346662,0.110597,-0.746159
1.2550864219665527,0.0,0.0,0.0,0.0,0.0,0.0,0.142008,0.403029,0.482377,0.205506,0.62415,0.628523,-0.416127,0.135427,0.2741,0.0305131,0.557535,0.34664,0.110596,-0.746166
1.25520658493042,0.0,0.0,0.0,0.0,0.0,0.0,0.142008,0.403029,0.482377,0.205506,0.62415,0.628523,-0.416127,0.135427,0.2741,0.0305131,0.557535,0.34664,0.110596,-0.746166
1.2716739177703857,0.0,0.0,0.0,0.0,0.0,0.0,0.142,0.402992,0.482398,0.210497,0.621776,0.625627,-0.421518,0.135425,0.274105,0.0305287,0.556936,0.347263,0.112037,-0.746109
1.2717866897583008,0.0,0.0,0.0,0.0,0.0,0.0,0.142,0.402992,0.482398,0.210497,0.621776,0.625627,-0.421518,0.135425,0.274105,0.0305287,0.556936,0.347263,0.112037,-0.746109
1.2880589962005615,0.0,0.0,0.0,0.0,0.0,0.0,0.141995,0.403004,0.482402,0.210136,0.621866,0.625751,-0.42138,0.135428,0.274101,0.0305131,0.557491,0.346708,0.110604,-0.746167
1.2881767749786377,0.0,0.0,0.0,0.0,0.0,0.0,0.141995,0.403004,0.482402,0.210136,0.621866,0.625751,-0.42138,0.135428,0.274101,0.0305131,0.557491,0.346708,0.110604,-0.746167
1.3048584461212158,0.0,0.0,0.0,0.0,0.0,0.0,0.142001,0.402995,0.482406,0.210375,0.621828,0.625674,-0.421432,0.135565,0.274218,0.0305523,0.556329,0.34975,0.110482,-0.745631
1.3049719333648682,0.0,0.0,0.0,0.0,0.0,0.0,0.142001,0.402995,0.482406,0.210375,0.621828,0.625674,-0.421432,0.135565,0.274218,0.0305523,0.556329,0.34975,0.110482,-0.745631
1.321382999420166,0.0,0.0,0.0,0.0,0.0,0.0,0.141995,0.40299,0.482377,0.211041,0.621933,0.625436,-0.421296,0.135427,0.274104,0.0305261,0.557587,0.346607,0.110393,-0.746173
1.3214936256408691,0.0,0.0,0.0,0.0,0.0,0.0,0.141995,0.40299,0.482377,0.211041,0.621933,0.625436,-0.421296,0.135427,0.274104,0.0305261,0.557587,0.346607,0.110393,-0.746173
1.35463285446167,0.0,0.0,0.0,0.0,0.0,0.0,0.142008,0.403028,0.482372,0.205552,0.624156,0.628454,-0.416201,0.135427,0.274105,0.0305301,0.556935,0.347248,0.112009,-0.746121
1.3547401428222656,0.0,0.0,0.0,0.0,0.0,0.0,0.142008,0.403028,0.482372,0.205552,0.624156,0.628454,-0.416201,0.135427,0.274105,0.0305301,0.556935,0.347248,0.112009,-0.746121
1.3713979721069336,0.0,0.0,0.0,0.0,0.0,0.0,0.142008,0.403029,0.482376,0.20549,0.624144,0.628524,-0.416143,0.135428,0.274096,0.0305138,0.557522,0.346665,0.110573,-0.746168
1.3715085983276367,0.0,0.0,0.0,0.0,0.0,0.0,0.142008,0.403029,0.482376,0.20549,0.624144,0.628524,-0.416143,0.135428,0.274096,0.0305138,0.557522,0.346665,0.110573,-0.746168
1.3880860805511475,0.0,0.0,0.0,0.0,0.0,0.0,0.141995,0.402994,0.482401,0.210449,0.621801,0.625606,-0.421535,0.135428,0.274103,0.0305275,0.557634,0.346549,0.110383,-0.746166
1.3882067203521729,0.0,0.0,0.0,0.0,0.0,0.0,0.141995,0.402994,0.482401,0.210449,0.621801,0.625606,-0.421535,0.135428,0.274103,0.0305275,0.557634,0.346549,0.110383,-0.746166
1.4052155017852783,0.0,0.0,0.0,0.0,0.0,0.0,0.142006,0.403029,0.482379,0.205495,0.624129,0.628571,-0.416091,0.135415,0.274032,0.0305332,0.557984,0.346209,0.110532,-0.74604
1.4053349494934082,0.0,0.0,0.0,0.0,0.0,0.0,0.142006,0.403029,0.482379,0.205495,0.624129,0.628571,-0.416091,0.135415,0.274032,0.0305332,0.557984,0.346209,0.110532,-0.74604
1.4217031002044678,0.0,0.0,0.0,0.0,0.0,0.0,0.141989,0.403006,0.482405,0.210157,0.621883,0.625715,-0.421397,0.135427,0.274106,0.0305305,0.556951,0.347296,0.112015,-0.746085
1.4218122959136963,0.0,0.0,0.0,0.0,0.0,0.0,0.141989,0.403006,0.482405,0.210157,0.621883,0.625715,-0.421397,0.135427,0.274106,0.0305305,0.556951,0.347296,0.112015,-0.746085
1.4549243450164795,0.0,0.0,0.0,0.0,0.0,0.0,0.142006,0.403028,0.482377,0.205497,0.624148,0.628514,-0.416149,0.13539,0.274023,0.030526,0.55781,0.345691,0.11007,-0.746479
1.4550352096557617,0.0,0.0,0.0,0.0,0.0,0.0,0.142006,0.403028,0.482377,0.205497,0.624148,0.628514,-0.416149,0.13539,0.274023,0.030526,0.55781,0.345691,0.11007,-0.746479
1.4717185497283936,0.0,0.0,0.0,0.0,0.0,0.0,0.14201,0.403029,0.482381,0.20546,0.624188,0.628508,-0.416116,0.135426,0.274095,0.0305153,0.557509,0.346663,0.11056,-0.746181
1.4718296527862549,0.0,0.0,0.0,0.0,0.0,0.0,0.14201,0.403029,0.482381,0.20546,0.624188,0.628508,-0.416116,0.135426,0.274095,0.0305153,0.557509,0.346663,0.11056,-0.746181
1.4881751537322998,0.0,0.0,0.0,0.0,0.0,0.0,0.142017,0.403069,0.482384,0.205671,0.624331,0.628902,-0.415201,0.135425,0.274098,0.0305156,0.557503,0.34664,0.110593,-0.74619
1.4882876873016357,0.0,0.0,0.0,0.0,0.0,0.0,0.142017,0.403069,0.482384,0.205671,0.624331,0.628902,-0.415201,0.135425,0.274098,0.0305156,0.557503,0.34664,0.110593,-0.74619
1.5046889781951904,0.0,0.0,0.0,0.0,0.0,0.0,0.142,0.402994,0.482406,0.210381,0.62181,0.625687,-0.421435,0.135429,0.2741,0.0305147,0.557542,0.34666,0.110625,-0.746147
1.5048065185546875,0.0,0.0,0.0,0.0,0.0,0.0,0.142,0.402994,0.482406,0.210381,0.62181,0.625687,-0.421435,0.135429,0.2741,0.0305147,0.557542,0.34666,0.110625,-0.746147
1.5380759239196777,0.0,0.0,0.0,0.0,0.0,0.0,0.142001,0.402994,0.48241,0.210364,0.621845,0.625693,-0.421384,0.13542,0.274127,0.0305875,0.556499,0.346828,0.112635,-0.746547
1.538196086883545,0.0,0.0,0.0,0.0,0.0,0.0,0.142001,0.402994,0.48241,0.210364,0.621845,0.625693,-0.421384,0.13542,0.274127,0.0305875,0.556499,0.346828,0.112635,-0.746547
1.5551033020019531,0.0,0.0,0.0,0.0,0.0,0.0,0.141999,0.402993,0.482407,0.210349,0.621817,0.625679,-0.421453,0.135427,0.2741,0.0305147,0.557553,0.346637,0.110614,-0.746151
1.5552196502685547,0.0,0.0,0.0,0.0,0.0,0.0,0.141999,0.402993,0.482407,0.210349,0.621817,0.625679,-0.421453,0.135427,0.2741,0.0305147,0.557553,0.346637,0.110614,-0.746151
1.5719845294952393,0.0,0.0,0.0,0.0,0.0,0.0,0.142011,0.403027,0.48238,0.205528,0.624202,0.628486,-0.416095,0.135427,0.274099,0.0305156,0.55749,0.346687,0.110594,-0.746178
1.5720970630645752,0.0,0.0,0.0,0.0,0.0,0.0,0.142011,0.403027,0.48238,0.205528,0.624202,0.628486,-0.416095,0.135427,0.274099,0.0305156,0.55749,0.346687,0.110594,-0.746178
1.5886623859405518,0.0,0.0,0.0,0.0,0.0,0.0,0.142001,0.403029,0.482358,0.206023,0.62428,0.628401,-0.415864,0.135563,0.274221,0.030566,0.556391,0.34969,0.11031,-0.745639
1.5887725353240967,0.0,0.0,0.0,0.0,0.0,0.0,0.142001,0.403029,0.482358,0.206023,0.62428,0.628401,-0.415864,0.135563,0.274221,0.030566,0.556391,0.34969,0.11031,-0.745639
1.6057894229888916,0.0,0.0,0.0,0.0,0.0,0.0,0.141995,0.402998,0.482411,0.21034,0.621825,0.62568,-0.421444,0.135387,0.274025,0.0305429,0.557315,0.346208,0.111534,-0.746391
1.605900526046753,0.0,0.0,0.0,0.0,0.0,0.0,0.141995,0.402998,0.482411,0.21034,0.621825,0.62568,-0.421444,0.135387,0.274025,0.0305429,0.557315,0.346208,0.111534,-0.746391
1.6219747066497803,0.0,0.0,0.0,0.0,0.0,0.0,0.142002,0.403031,0.482381,0.205476,0.624147,0.628536,-0.416128,0.135418,0.27403,0.0305333,0.557943,0.346254,0.110503,-0.746054
1.6220860481262207,0.0,0.0,0.0,0.0,0.0,0.0,0.142002,0.403031,0.482381,0.205476,0.624147,0.628536,-0.416128,0.135418,0.27403,0.0305333,0.557943,0.346254,0.110503,-0.746054
1.6551456451416016,0.0,0.0,0.0,0.0,0.0,0.0,0.141997,0.403032,0.482361,0.205972,0.624344,0.628362,-0.41585,0.135427,0.2741,0.0305159,0.557505,0.346675,0.110568,-0.746177
1.6552605628967285,0.0,0.0,0.0,0.0,0.0,0.0,0.141997,0.403032,0.482361,0.205972,0.624344,0.628362,-0.41585,0.135427,0.2741,0.0305159,0.557505,0.346675,0.110568,-0.746177
1.671811819076538,0.0,0.0,0.0,0.0,0.0,0.0,0.142004,0.402993,0.48241,0.210397,0.621868,0.625673,-0.421363,0.135428,0.274101,0.0305144,0.557519,0.346691,0.110603,-0.746153
1.6719224452972412,0.0,0.0,0.0,0.0,0.0,0.0,0.142004,0.402993,0.48241,0.210397,0.621868,0.625673,-0.421363,0.135428,0.274101,0.0305144,0.557519,0.346691,0.110603,-0.746153
1.688230037689209,0.0,0.0,0.0,0.0,0.0,0.0,0.142004,0.402993,0.48241,0.210397,0.621868,0.625673,-0.421363,0.135428,0.274101,0.0305144,0.557519,0.346691,0.110603,-0.746153
1.6883413791656494,0.0,0.0,0.0,0.0,0.0,0.0,0.142004,0.402993,0.48241,0.210397,0.621868,0.625673,-0.421363,0.135428,0.274101,0.0305144,0.557519,0.346691,0.110603,-0.746153
1.7046973705291748,0.0,0.0,0.0,0.0,0.0,0.0,0.142001,0.402995,0.482407,0.210382,0.62182,0.625677,-0.421435,0.135415,0.27403,0.0305344,0.55794,0.346209,0.110474,-0.746081
1.7047998905181885,0.0,0.0,0.0,0.0,0.0,0.0,0.142001,0.402995,0.482407,0.210382,0.62182,0.625677,-0.421435,0.135415,0.27403,0.0305344,0.55794,0.346209,0.110474,-0.746081
1.721768856048584,0.0,0.0,0.0,0.0,0.0,0.0,0.14201,0.403029,0.482379,0.20548,0.624208,0.628497,-0.416092,0.135429,0.274102,0.0305155,0.557507,0.346705,0.110581,-0.746159
1.7218742370605469,0.0,0.0,0.0,0.0,0.0,0.0,0.14201,0.403029,0.482379,0.20548,0.624208,0.628497,-0.416092,0.135429,0.274102,0.0305155,0.557507,0.346705,0.110581,-0.746159
1.7550044059753418,0.0,0.0,0.0,0.0,0.0,0.0,0.142008,0.403023,0.482372,0.205598,0.624158,0.628419,-0.416228,0.135426,0.274096,0.0305158,0.557518,0.346645,0.1106,-0.746176
1.7551162242889404,0.0,0.0,0.0,0.0,0.0,0.0,0.142008,0.403023,0.482372,0.205598,0.624158,0.628419,-0.416228,0.135426,0.274096,0.0305158,0.557518,0.346645,0.1106,-0.746176
1.771263837814331,0.0,0.0,0.0,0.0,0.0,0.0,0.142003,0.403041,0.482363,0.206403,0.624133,0.628688,-0.415459,0.135429,0.274102,0.0305151,0.557512,0.346663,0.110583,-0.746175
1.7713735103607178,0.0,0.0,0.0,0.0,0.0,0.0,0.142003,0.403041,0.482363,0.206403,0.624133,0.628688,-0.415459,0.135429,0.274102,0.0305151,0.557512,0.346663,0.110583,-0.746175
1.7884466648101807,0.0,0.0,0.0,0.0,0.0,0.0,0.141998,0.40304,0.482371,0.205246,0.624161,0.628629,-0.41608,0.135426,0.274101,0.030514,0.557488,0.346677,0.110608,-0.746182
1.7885587215423584,0.0,0.0,0.0,0.0,0.0,0.0,0.141998,0.40304,0.482371,0.205246,0.624161,0.628629,-0.41608,0.135426,0.274101,0.030514,0.557488,0.346677,0.110608,-0.746182
1.8051602840423584,0.0,0.0,0.0,0.0,0.0,0.0,0.142001,0.403055,0.482373,0.204006,0.625619,0.62848,-0.414723,0.135426,0.274096,0.0305149,0.557532,0.34662,0.110589,-0.746179
1.805272102355957,0.0,0.0,0.0,0.0,0.0,0.0,0.142001,0.403055,0.482373,0.204006,0.625619,0.62848,-0.414723,0.135426,0.274096,0.0305149,0.557532,0.34662,0.110589,-0.746179
1.8214871883392334,0.0,0.0,0.0,0.0,0.0,0.0,0.141999,0.40303,0.482374,0.205513,0.624094,0.628489,-0.416261,0.135428,0.274097,0.0305152,0.557549,0.346657,0.110595,-0.746148
1.8215956687927246,0.0,0.0,0.0,0.0,0.0,0.0,0.141999,0.40303,0.482374,0.205513,0.624094,0.628489,-0.416261,0.135428,0.274097,0.0305152,0.557549,0.346657,0.110595,-0.746148
1.8550844192504883,0.0,0.0,0.0,0.0,0.0,0.0,0.142004,0.402993,0.482408,0.210414,0.621904,0.625609,-0.421397,0.135554,0.274163,0.0305674,0.556576,0.349454,0.110424,-0.745595
1.8552045822143555,0.0,0.0,0.0,0.0,0.0,0.0,0.142004,0.402993,0.482408,0.210414,0.621904,0.625609,-0.421397,0.135554,0.274163,0.0305674,0.556576,0.349454,0.110424,-0.745595
1.8717515468597412,0.0,0.0,0.0,0.0,0.0,0.0,0.142002,0.402994,0.482409,0.210373,0.621912,0.625639,-0.42136,0.135413,0.274029,0.0305506,0.557509,0.346728,0.111965,-0.745941
1.8718633651733398,0.0,0.0,0.0,0.0,0.0,0.0,0.142002,0.402994,0.482409,0.210373,0.621912,0.625639,-0.42136,0.135413,0.274029,0.0305506,0.557509,0.346728,0.111965,-0.745941
1.888263463973999,0.0,0.0,0.0,0.0,0.0,0.0,0.141989,0.403006,0.48238,0.210694,0.622031,0.625584,-0.421105,0.135417,0.274032,0.0305342,0.557975,0.346233,0.110536,-0.746035
1.8883748054504395,0.0,0.0,0.0,0.0,0.0,0.0,0.141989,0.403006,0.48238,0.210694,0.622031,0.625584,-0.421105,0.135417,0.274032,0.0305342,0.557975,0.346233,0.110536,-0.746035
1.9050028324127197,0.0,0.0,0.0,0.0,0.0,0.0,0.142002,0.403032,0.482382,0.205444,0.62414,0.628544,-0.416143,0.135379,0.274241,0.0304881,0.554872,0.348544,0.111699,-0.747099
1.90510892868042,0.0,0.0,0.0,0.0,0.0,0.0,0.142002,0.403032,0.482382,0.205444,0.62414,0.628544,-0.416143,0.135379,0.274241,0.0304881,0.554872,0.348544,0.111699,-0.747099
1.9213743209838867,0.0,0.0,0.0,0.0,0.0,0.0,0.141997,0.40303,0.482351,0.206079,0.624332,0.628271,-0.415953,0.135427,0.274098,0.0305145,0.557543,0.346625,0.110579,-0.74617
1.9214816093444824,0.0,0.0,0.0,0.0,0.0,0.0,0.141997,0.40303,0.482351,0.206079,0.624332,0.628271,-0.415953,0.135427,0.274098,0.0305145,0.557543,0.346625,0.110579,-0.74617
1.9545502662658691,0.0,0.0,0.0,0.0,0.0,0.0,0.142001,0.403031,0.482383,0.205431,0.624146,0.628547,-0.416135,0.135428,0.274102,0.0305262,0.557582,0.346586,0.110406,-0.746184
1.9546611309051514,0.0,0.0,0.0,0.0,0.0,0.0,0.142001,0.403031,0.482383,0.205431,0.624146,0.628547,-0.416135,0.135428,0.274102,0.0305262,0.557582,0.346586,0.110406,-0.746184
1.9716839790344238,0.0,0.0,0.0,0.0,0.0,0.0,0.141998,0.402993,0.482399,0.210441,0.621776,0.625647,-0.421516,0.135425,0.274109,0.0305431,0.557037,0.347176,0.111866,-0.7461
1.9717950820922852,0.0,0.0,0.0,0.0,0.0,0.0,0.141998,0.402993,0.482399,0.210441,0.621776,0.625647,-0.421516,0.135425,0.274109,0.0305431,0.557037,0.347176,0.111866,-0.7461
1.9884452819824219,0.0,0.0,0.0,0.0,0.0,0.0,0.142005,0.403029,0.482377,0.205467,0.624136,0.628563,-0.416108,0.135426,0.274094,0.0305055,0.557398,0.347548,0.111245,-0.74575
1.9885566234588623,0.0,0.0,0.0,0.0,0.0,0.0,0.142005,0.403029,0.482377,0.205467,0.624136,0.628563,-0.416108,0.135426,0.274094,0.0305055,0.557398,0.347548,0.111245,-0.74575
2.0051333904266357,0.0,0.0,0.0,0.0,0.0,0.0,0.142011,0.403027,0.482379,0.205503,0.624212,0.628481,-0.4161,0.135426,0.274098,0.030515,0.55752,0.346674,0.110622,-0.746157
2.005248785018921,0.0,0.0,0.0,0.0,0.0,0.0,0.142011,0.403027,0.482379,0.205503,0.624212,0.628481,-0.4161,0.135426,0.274098,0.030515,0.55752,0.346674,0.110622,-0.746157
2.02152156829834,0.0,0.0,0.0,0.0,0.0,0.0,0.141993,0.403052,0.48234,0.204685,0.625682,0.628259,-0.414629,0.135424,0.274107,0.03053,0.556887,0.347292,0.111999,-0.746138
2.021632194519043,0.0,0.0,0.0,0.0,0.0,0.0,0.141993,0.403052,0.48234,0.204685,0.625682,0.628259,-0.414629,0.135424,0.274107,0.03053,0.556887,0.347292,0.111999,-0.746138
2.0550270080566406,0.0,0.0,0.0,0.0,0.0,0.0,0.14199,0.403006,0.482381,0.210688,0.622044,0.625576,-0.421103,0.135426,0.274101,0.0305319,0.55695,0.347248,0.111992,-0.746112
2.0551483631134033,0.0,0.0,0.0,0.0,0.0,0.0,0.14199,0.403006,0.482381,0.210688,0.622044,0.625576,-0.421103,0.135426,0.274101,0.0305319,0.55695,0.347248,0.111992,-0.746112
2.071758508682251,0.0,0.0,0.0,0.0,0.0,0.0,0.142,0.402994,0.482407,0.210335,0.621842,0.625688,-0.421409,0.135417,0.274033,0.0305341,0.557926,0.346247,0.110493,-0.746072
2.0718674659729004,0.0,0.0,0.0,0.0,0.0,0.0,0.142,0.402994,0.482407,0.210335,0.621842,0.625688,-0.421409,0.135417,0.274033,0.0305341,0.557926,0.346247,0.110493,-0.746072
2.088200569152832,0.0,0.0,0.0,0.0,0.0,0.0,0.141997,0.403033,0.48236,0.205989,0.624331,0.628352,-0.415877,0.135416,0.274033,0.0305347,0.557934,0.346261,0.110494,-0.746059
2.0883119106292725,0.0,0.0,0.0,0.0,0.0,0.0,0.141997,0.403033,0.48236,0.205989,0.624331,0.628352,-0.415877,0.135416,0.274033,0.0305347,0.557934,0.346261,0.110494,-0.746059
2.1047441959381104,0.0,0.0,0.0,0.0,0.0,0.0,0.142003,0.402994,0.482408,0.210384,0.621882,0.625651,-0.421382,0.135411,0.274046,0.0305976,0.557011,0.346335,0.112745,-0.746377
2.1048526763916016,0.0,0.0,0.0,0.0,0.0,0.0,0.142003,0.402994,0.482408,0.210384,0.621882,0.625651,-0.421382,0.135411,0.274046,0.0305976,0.557011,0.346335,0.112745,-0.746377
2.1222434043884277,0.0,0.0,0.0,0.0,0.0,0.0,0.141995,0.402996,0.482409,0.210349,0.621806,0.625684,-0.421462,0.135428,0.274098,0.030515,0.557532,0.34665,0.110531,-0.746174
2.122352123260498,0.0,0.0,0.0,0.0,0.0,0.0,0.141995,0.402996,0.482409,0.210349,0.621806,0.625684,-0.421462,0.135428,0.274098,0.030515,0.557532,0.34665,0.110531,-0.746174
2.1545190811157227,0.0,0.0,0.0,0.0,0.0,0.0,0.142004,0.403027,0.482372,0.20551,0.624089,0.628532,-0.416205,0.135428,0.2741,0.0305158,0.557504,0.34668,0.110594,-0.746171
2.154629945755005,0.0,0.0,0.0,0.0,0.0,0.0,0.142004,0.403027,0.482372,0.20551,0.624089,0.628532,-0.416205,0.135428,0.2741,0.0305158,0.557504,0.34668,0.110594,-0.746171
2.1714274883270264,0.0,0.0,0.0,0.0,0.0,0.0,0.141996,0.402996,0.48241,0.210386,0.621831,0.625672,-0.421424,0.135411,0.274035,0.0305623,0.557515,0.346659,0.111768,-0.745998
2.1715357303619385,0.0,0.0,0.0,0.0,0.0,0.0,0.141996,0.402996,0.48241,0.210386,0.621831,0.625672,-0.421424,0.135411,0.274035,0.0305623,0.557515,0.346659,0.111768,-0.745998
2.1884660720825195,0.0,0.0,0.0,0.0,0.0,0.0,0.141997,0.403032,0.482359,0.206052,0.624276,0.628363,-0.415911,0.135427,0.274099,0.0305166,0.557513,0.346646,0.1106,-0.746179
2.188575267791748,0.0,0.0,0.0,0.0,0.0,0.0,0.141997,0.403032,0.482359,0.206052,0.624276,0.628363,-0.415911,0.135427,0.274099,0.0305166,0.557513,0.346646,0.1106,-0.746179
2.204669713973999,0.0,0.0,0.0,0.0,0.0,0.0,0.142003,0.402993,0.482407,0.210407,0.621895,0.625609,-0.421414,0.135425,0.274104,0.0305319,0.556928,0.347256,0.112011,-0.746122
2.2047786712646484,0.0,0.0,0.0,0.0,0.0,0.0,0.142003,0.402993,0.482407,0.210407,0.621895,0.625609,-0.421414,0.135425,0.274104,0.0305319,0.556928,0.347256,0.112011,-0.746122
2.2217319011688232,0.0,0.0,0.0,0.0,0.0,0.0,0.142002,0.402991,0.482409,0.210366,0.621915,0.625634,-0.421367,0.135428,0.274098,0.0305154,0.55748,0.346671,0.110579,-0.746196
2.22183895111084,0.0,0.0,0.0,0.0,0.0,0.0,0.142002,0.402991,0.482409,0.210366,0.621915,0.625634,-0.421367,0.135428,0.274098,0.0305154,0.55748,0.346671,0.110579,-0.746196
2.2553646564483643,0.0,0.0,0.0,0.0,0.0,0.0,0.142001,0.40303,0.482356,0.205981,0.624296,0.628388,-0.415878,0.135379,0.27424,0.030471,0.555433,0.347948,0.110274,-0.747172
2.2554850578308105,0.0,0.0,0.0,0.0,0.0,0.0,0.142001,0.40303,0.482356,0.205981,0.624296,0.628388,-0.415878,0.135379,0.27424,0.030471,0.555433,0.347948,0.110274,-0.747172
2.2722625732421875,0.0,0.0,0.0,0.0,0.0,0.0,0.142,0.402994,0.482406,0.210385,0.621833,0.625657,-0.421444,0.135424,0.274118,0.0305546,0.557108,0.346088,0.110982,-0.746684
2.2723751068115234,0.0,0.0,0.0,0.0,0.0,0.0,0.142,0.402994,0.482406,0.210385,0.621833,0.625657,-0.421444,0.135424,0.274118,0.0305546,0.557108,0.346088,0.110982,-0.746684
2.2884960174560547,0.0,0.0,0.0,0.0,0.0,0.0,0.142009,0.403028,0.482379,0.205504,0.624225,0.628494,-0.41606,0.135372,0.274167,0.0304751,0.555827,0.347605,0.110345,-0.747028
2.2886080741882324,0.0,0.0,0.0,0.0,0.0,0.0,0.142009,0.403028,0.482379,0.205504,0.624225,0.628494,-0.41606,0.135372,0.274167,0.0304751,0.555827,0.347605,0.110345,-0.747028
2.305272102355957,0.0,0.0,0.0,0.0,0.0,0.0,0.142004,0.403028,0.482371,0.205525,0.624086,0.628503,-0.416246,0.135427,0.2741,0.0305139,0.557514,0.346661,0.110574,-0.746176
2.3053812980651855,0.0,0.0,0.0,0.0,0.0,0.0,0.142004,0.403028,0.482371,0.205525,0.624086,0.628503,-0.416246,0.135427,0.2741,0.0305139,0.557514,0.346661,0.110574,-0.746176
2.3214521408081055,0.0,0.0,0.0,0.0,0.0,0.0,0.141998,0.403033,0.48236,0.205986,0.624317,0.628371,-0.415871,0.135561,0.274221,0.0305704,0.555739,0.350311,0.11193,-0.745593
2.321561336517334,0.0,0.0,0.0,0.0,0.0,0.0,0.141998,0.403033,0.48236,0.205986,0.624317,0.628371,-0.415871,0.135561,0.274221,0.0305704,0.555739,0.350311,0.11193,-0.745593
2.3548014163970947,0.0,0.0,0.0,0.0,0.0,0.0,0.142007,0.403031,0.482376,0.205502,0.624141,0.628546,-0.41611,0.135426,0.274102,0.0305185,0.557495,0.347474,0.111063,-0.745739
2.3549110889434814,0.0,0.0,0.0,0.0,0.0,0.0,0.142007,0.403031,0.482376,0.205502,0.624141,0.628546,-0.41611,0.135426,0.274102,0.0305185,0.557495,0.347474,0.111063,-0.745739
2.3716788291931152,0.0,0.0,0.0,0.0,0.0,0.0,0.142003,0.403033,0.482382,0.205468,0.624144,0.628545,-0.416123,0.135426,0.274104,0.0305264,0.557591,0.346583,0.110415,-0.746178
2.3717899322509766,0.0,0.0,0.0,0.0,0.0,0.0,0.142003,0.403033,0.482382,0.205468,0.624144,0.628545,-0.416123,0.135426,0.274104,0.0305264,0.557591,0.346583,0.110415,-0.746178
2.388056755065918,0.0,0.0,0.0,0.0,0.0,0.0,0.142007,0.403029,0.482377,0.205504,0.624111,0.628576,-0.416108,0.135565,0.274214,0.0305547,0.556339,0.349719,0.110467,-0.745641
2.388171911239624,0.0,0.0,0.0,0.0,0.0,0.0,0.142007,0.403029,0.482377,0.205504,0.624111,0.628576,-0.416108,0.135565,0.274214,0.0305547,0.556339,0.349719,0.110467,-0.745641
2.4050142765045166,0.0,0.0,0.0,0.0,0.0,0.0,0.141998,0.402994,0.482385,0.210986,0.622058,0.625445,-0.421126,0.135426,0.274099,0.0305161,0.5575,0.346662,0.110594,-0.746183
2.4051222801208496,0.0,0.0,0.0,0.0,0.0,0.0,0.141998,0.402994,0.482385,0.210986,0.622058,0.625445,-0.421126,0.135426,0.274099,0.0305161,0.5575,0.346662,0.110594,-0.746183
2.421668291091919,0.0,0.0,0.0,0.0,0.0,0.0,0.141991,0.402997,0.482389,0.210881,0.622007,0.625468,-0.421221,0.135427,0.274097,0.0305148,0.557538,0.346638,0.110583,-0.746167
2.421776533126831,0.0,0.0,0.0,0.0,0.0,0.0,0.141991,0.402997,0.482389,0.210881,0.622007,0.625468,-0.421221,0.135427,0.274097,0.0305148,0.557538,0.346638,0.110583,-0.746167
2.4550156593322754,0.0,0.0,0.0,0.0,0.0,0.0,0.14202,0.403026,0.482292,0.207296,0.62473,0.627885,-0.415333,0.135428,0.2741,0.0305157,0.557561,0.34668,0.110596,-0.746128
2.4551281929016113,0.0,0.0,0.0,0.0,0.0,0.0,0.14202,0.403026,0.482292,0.207296,0.62473,0.627885,-0.415333,0.135428,0.2741,0.0305157,0.557561,0.34668,0.110596,-0.746128
2.4717586040496826,0.0,0.0,0.0,0.0,0.0,0.0,0.142004,0.402992,0.482408,0.21041,0.621893,0.625617,-0.421403,0.135428,0.2741,0.0305157,0.55752,0.346662,0.110595,-0.746167
2.4718708992004395,0.0,0.0,0.0,0.0,0.0,0.0,0.142004,0.402992,0.482408,0.21041,0.621893,0.625617,-0.421403,0.135428,0.2741,0.0305157,0.55752,0.346662,0.110595,-0.746167
2.4885334968566895,0.0,0.0,0.0,0.0,0.0,0.0,0.142005,0.403029,0.482379,0.205466,0.62414,0.628571,-0.416091,0.135419,0.27413,0.0305873,0.556511,0.346806,0.112655,-0.746545
2.4886515140533447,0.0,0.0,0.0,0.0,0.0,0.0,0.142005,0.403029,0.482379,0.205466,0.62414,0.628571,-0.416091,0.135419,0.27413,0.0305873,0.556511,0.346806,0.112655,-0.746545
2.5048131942749023,0.0,0.0,0.0,0.0,0.0,0.0,0.142008,0.403016,0.482391,0.208856,0.621849,0.627438,-0.419528,0.13538,0.274235,0.0304773,0.554814,0.348613,0.111894,-0.747081
2.5049219131469727,0.0,0.0,0.0,0.0,0.0,0.0,0.142008,0.403016,0.482391,0.208856,0.621849,0.627438,-0.419528,0.13538,0.274235,0.0304773,0.554814,0.348613,0.111894,-0.747081
2.521472692489624,0.0,0.0,0.0,0.0,0.0,0.0,0.141996,0.403029,0.48235,0.206107,0.624229,0.628326,-0.416011,0.135426,0.274098,0.0305138,0.557531,0.346652,0.110569,-0.746168
2.521580219268799,0.0,0.0,0.0,0.0,0.0,0.0,0.141996,0.403029,0.48235,0.206107,0.624229,0.628326,-0.416011,0.135426,0.274098,0.0305138,0.557531,0.346652,0.110569,-0.746168
2.5546929836273193,0.0,0.0,0.0,0.0,0.0,0.0,0.142005,0.403017,0.482368,0.2094,0.622007,0.62728,-0.419261,0.135422,0.274116,0.0305645,0.556528,0.347179,0.112773,-0.746342
2.5548009872436523,0.0,0.0,0.0,0.0,0.0,0.0,0.142005,0.403017,0.482368,0.2094,0.622007,0.62728,-0.419261,0.135422,0.274116,0.0305645,0.556528,0.347179,0.112773,-0.746342
2.571636915206909,0.0,0.0,0.0,0.0,0.0,0.0,0.14204,0.403049,0.482381,0.205559,0.624618,0.628488,-0.415452,0.135553,0.274165,0.0305834,0.556031,0.350029,0.111847,-0.74552
2.5717458724975586,0.0,0.0,0.0,0.0,0.0,0.0,0.14204,0.403049,0.482381,0.205559,0.624618,0.628488,-0.415452,0.135553,0.274165,0.0305834,0.556031,0.350029,0.111847,-0.74552
2.588261604309082,0.0,0.0,0.0,0.0,0.0,0.0,0.142009,0.403029,0.482379,0.205506,0.624168,0.628542,-0.416072,0.135415,0.274029,0.0305352,0.557967,0.346181,0.110456,-0.746077
2.588373899459839,0.0,0.0,0.0,0.0,0.0,0.0,0.142009,0.403029,0.482379,0.205506,0.624168,0.628542,-0.416072,0.135415,0.274029,0.0305352,0.557967,0.346181,0.110456,-0.746077
2.605452537536621,0.0,0.0,0.0,0.0,0.0,0.0,0.141994,0.403041,0.482353,0.205802,0.624315,0.628465,-0.415822,0.135427,0.274102,0.0305152,0.55749,0.346672,0.11059,-0.746186
2.6055634021759033,0.0,0.0,0.0,0.0,0.0,0.0,0.141994,0.403041,0.482353,0.205802,0.624315,0.628465,-0.415822,0.135427,0.274102,0.0305152,0.55749,0.346672,0.11059,-0.746186
2.622194528579712,0.0,0.0,0.0,0.0,0.0,0.0,0.142001,0.402993,0.482406,0.210381,0.621815,0.625691,-0.421422,0.135381,0.274236,0.0304732,0.555472,0.34794,0.110256,-0.74715
2.6223034858703613,0.0,0.0,0.0,0.0,0.0,0.0,0.142001,0.402993,0.482406,0.210381,0.621815,0.625691,-0.421422,0.135381,0.274236,0.0304732,0.555472,0.34794,0.110256,-0.74715
2.6548678874969482,0.0,0.0,0.0,0.0,0.0,0.0,0.142,0.403042,0.482373,0.205286,0.62415,0.628625,-0.416083,0.135414,0.274034,0.0305332,0.557894,0.346243,0.110513,-0.746095
2.6549782752990723,0.0,0.0,0.0,0.0,0.0,0.0,0.142,0.403042,0.482373,0.205286,0.62415,0.628625,-0.416083,0.135414,0.274034,0.0305332,0.557894,0.346243,0.110513,-0.746095
2.671757459640503,0.0,0.0,0.0,0.0,0.0,0.0,0.142008,0.403016,0.48239,0.208837,0.621854,0.627433,-0.419539,0.135412,0.274027,0.030551,0.557504,0.346691,0.111939,-0.745965
2.671868324279785,0.0,0.0,0.0,0.0,0.0,0.0,0.142008,0.403016,0.48239,0.208837,0.621854,0.627433,-0.419539,0.135412,0.274027,0.030551,0.557504,0.346691,0.111939,-0.745965
2.688302755355835,0.0,0.0,0.0,0.0,0.0,0.0,0.141998,0.402995,0.482385,0.210965,0.621976,0.62552,-0.421146,0.135415,0.27403,0.0305513,0.557474,0.346736,0.111951,-0.745965
2.6884124279022217,0.0,0.0,0.0,0.0,0.0,0.0,0.141998,0.402995,0.482385,0.210965,0.621976,0.62552,-0.421146,0.135415,0.27403,0.0305513,0.557474,0.346736,0.111951,-0.745965
2.705322027206421,0.0,0.0,0.0,0.0,0.0,0.0,0.142004,0.403028,0.482376,0.205507,0.624118,0.628527,-0.41617,0.135427,0.274096,0.0305156,0.557561,0.346607,0.110568,-0.746166
2.7054319381713867,0.0,0.0,0.0,0.0,0.0,0.0,0.142004,0.403028,0.482376,0.205507,0.624118,0.628527,-0.41617,0.135427,0.274096,0.0305156,0.557561,0.346607,0.110568,-0.746166
2.721996784210205,0.0,0.0,0.0,0.0,0.0,0.0,0.142006,0.403029,0.482379,0.205426,0.624152,0.628572,-0.416091,0.135425,0.274103,0.0305329,0.556937,0.347243,0.112014,-0.746121
2.7221057415008545,0.0,0.0,0.0,0.0,0.0,0.0,0.142006,0.403029,0.482379,0.205426,0.624152,0.628572,-0.416091,0.135425,0.274103,0.0305329,0.556937,0.347243,0.112014,-0.746121
2.755296230316162,0.0,0.0,0.0,0.0,0.0,0.0,0.142,0.403032,0.482382,0.205469,0.624137,0.62856,-0.41611,0.135428,0.2741,0.0305158,0.557519,0.346657,0.110524,-0.74618
2.755406379699707,0.0,0.0,0.0,0.0,0.0,0.0,0.142,0.403032,0.482382,0.205469,0.624137,0.62856,-0.41611,0.135428,0.2741,0.0305158,0.557519,0.346657,0.110524,-0.74618
2.772453784942627,0.0,0.0,0.0,0.0,0.0,0.0,0.142002,0.402993,0.482407,0.210375,0.621846,0.625671,-0.421409,0.135428,0.274099,0.0305138,0.557511,0.346703,0.110602,-0.746154
2.7725632190704346,0.0,0.0,0.0,0.0,0.0,0.0,0.142002,0.402993,0.482407,0.210375,0.621846,0.625671,-0.421409,0.135428,0.274099,0.0305138,0.557511,0.346703,0.110602,-0.746154
2.7888541221618652,0.0,0.0,0.0,0.0,0.0,0.0,0.142,0.403032,0.48238,0.205485,0.624128,0.628515,-0.416183,0.135563,0.274216,0.0305533,0.556298,0.349745,0.110491,-0.745656
2.788966178894043,0.0,0.0,0.0,0.0,0.0,0.0,0.142,0.403032,0.48238,0.205485,0.624128,0.628515,-0.416183,0.135563,0.274216,0.0305533,0.556298,0.349745,0.110491,-0.745656
2.805673122406006,0.0,0.0,0.0,0.0,0.0,0.0,0.142004,0.403031,0.482384,0.20545,0.624213,0.628531,-0.416049,0.135416,0.274032,0.0305334,0.557919,0.346251,0.110486,-0.746077
2.8057861328125,0.0,0.0,0.0,0.0,0.0,0.0,0.142004,0.403031,0.482384,0.20545,0.624213,0.628531,-0.416049,0.135416,0.274032,0.0305334,0.557919,0.346251,0.110486,-0.746077
2.822234869003296,0.0,0.0,0.0,0.0,0.0,0.0,0.141995,0.402997,0.482409,0.210407,0.621823,0.625676,-0.421421,0.135557,0.274414,0.0304968,0.553898,0.352028,0.110745,-0.74633
2.82234525680542,0.0,0.0,0.0,0.0,0.0,0.0,0.141995,0.402997,0.482409,0.210407,0.621823,0.625676,-0.421421,0.135557,0.274414,0.0304968,0.553898,0.352028,0.110745,-0.74633
2.8548314571380615,0.0,0.0,0.0,0.0,0.0,0.0,0.141999,0.403026,0.482372,0.205544,0.624093,0.628468,-0.416278,0.135427,0.274097,0.0305139,0.557512,0.346691,0.110614,-0.746157
2.854940414428711,0.0,0.0,0.0,0.0,0.0,0.0,0.141999,0.403026,0.482372,0.205544,0.624093,0.628468,-0.416278,0.135427,0.274097,0.0305139,0.557512,0.346691,0.110614,-0.746157
2.8713974952697754,0.0,0.0,0.0,0.0,0.0,0.0,0.142003,0.403033,0.482382,0.205485,0.624148,0.628532,-0.416128,0.135427,0.2741,0.0305157,0.557493,0.346657,0.110586,-0.746191
2.8715052604675293,0.0,0.0,0.0,0.0,0.0,0.0,0.142003,0.403033,0.482382,0.205485,0.624148,0.628532,-0.416128,0.135427,0.2741,0.0305157,0.557493,0.346657,0.110586,-0.746191
2.8882739543914795,0.0,0.0,0.0,0.0,0.0,0.0,0.141994,0.402992,0.482386,0.210925,0.622014,0.625474,-0.421179,0.135424,0.274101,0.030516,0.557459,0.346684,0.110599,-0.746202
2.888395071029663,0.0,0.0,0.0,0.0,0.0,0.0,0.141994,0.402992,0.482386,0.210925,0.622014,0.625474,-0.421179,0.135424,0.274101,0.030516,0.557459,0.346684,0.110599,-0.746202
2.905129909515381,0.0,0.0,0.0,0.0,0.0,0.0,0.142008,0.403028,0.482379,0.205473,0.624188,0.628508,-0.416111,0.135414,0.274029,0.0305508,0.55748,0.346727,0.111981,-0.74596
2.9052438735961914,0.0,0.0,0.0,0.0,0.0,0.0,0.142008,0.403028,0.482379,0.205473,0.624188,0.628508,-0.416111,0.135414,0.274029,0.0305508,0.55748,0.346727,0.111981,-0.74596
2.921358585357666,0.0,0.0,0.0,0.0,0.0,0.0,0.142009,0.403026,0.482379,0.205494,0.624215,0.62847,-0.416117,0.135564,0.274215,0.0305539,0.556355,0.349736,0.110508,-0.745615
2.92146635055542,0.0,0.0,0.0,0.0,0.0,0.0,0.142009,0.403026,0.482379,0.205494,0.624215,0.62847,-0.416117,0.135564,0.274215,0.0305539,0.556355,0.349736,0.110508,-0.745615
2.954929828643799,0.0,0.0,0.0,0.0,0.0,0.0,0.141997,0.403033,0.48236,0.20603,0.624314,0.628361,-0.415867,0.13542,0.27412,0.0305783,0.556472,0.346843,0.112785,-0.746537
2.955052137374878,0.0,0.0,0.0,0.0,0.0,0.0,0.141997,0.403033,0.48236,0.20603,0.624314,0.628361,-0.415867,0.13542,0.27412,0.0305783,0.556472,0.346843,0.112785,-0.746537
2.9715092182159424,0.0,0.0,0.0,0.0,0.0,0.0,0.142009,0.403028,0.482378,0.205528,0.62421,0.628491,-0.416077,0.135421,0.274124,0.0305758,0.556379,0.346911,0.112789,-0.746575
2.971619129180908,0.0,0.0,0.0,0.0,0.0,0.0,0.142009,0.403028,0.482378,0.205528,0.62421,0.628491,-0.416077,0.135421,0.274124,0.0305758,0.556379,0.346911,0.112789,-0.746575
2.9883618354797363,0.0,0.0,0.0,0.0,0.0,0.0,0.142003,0.403029,0.482376,0.205513,0.624096,0.628522,-0.416207,0.135428,0.274094,0.0305086,0.557424,0.347564,0.111264,-0.74572
2.9884724617004395,0.0,0.0,0.0,0.0,0.0,0.0,0.142003,0.403029,0.482376,0.205513,0.624096,0.628522,-0.416207,0.135428,0.274094,0.0305086,0.557424,0.347564,0.111264,-0.74572
3.0051794052124023,0.0,0.0,0.0,0.0,0.0,0.0,0.142008,0.403028,0.48238,0.205518,0.624182,0.628512,-0.416092,0.135414,0.274026,0.0305522,0.5575,0.346742,0.11197,-0.74594
3.0052902698516846,0.0,0.0,0.0,0.0,0.0,0.0,0.142008,0.403028,0.48238,0.205518,0.624182,0.628512,-0.416092,0.135414,0.274026,0.0305522,0.5575,0.346742,0.11197,-0.74594
3.0216867923736572,0.0,0.0,0.0,0.0,0.0,0.0,0.141998,0.402992,0.482406,0.210394,0.621815,0.62568,-0.421432,0.135364,0.274194,0.0305321,0.554849,0.347448,0.112096,-0.747568
3.021796226501465,0.0,0.0,0.0,0.0,0.0,0.0,0.141998,0.402992,0.482406,0.210394,0.621815,0.62568,-0.421432,0.135364,0.274194,0.0305321,0.554849,0.347448,0.112096,-0.747568
3.0549824237823486,0.0,0.0,0.0,0.0,0.0,0.0,0.142002,0.403039,0.482376,0.205275,0.624228,0.628575,-0.416047,0.135427,0.274106,0.0305272,0.557632,0.346575,0.110429,-0.746149
3.055094003677368,0.0,0.0,0.0,0.0,0.0,0.0,0.142002,0.403039,0.482376,0.205275,0.624228,0.628575,-0.416047,0.135427,0.274106,0.0305272,0.557632,0.346575,0.110429,-0.746149
3.071612596511841,0.0,0.0,0.0,0.0,0.0,0.0,0.142004,0.403027,0.48238,0.205458,0.624173,0.62855,-0.416077,0.135426,0.274099,0.0305146,0.557533,0.346671,0.110575,-0.746157
3.0717225074768066,0.0,0.0,0.0,0.0,0.0,0.0,0.142004,0.403027,0.48238,0.205458,0.624173,0.62855,-0.416077,0.135426,0.274099,0.0305146,0.557533,0.346671,0.110575,-0.746157
3.0889339447021484,0.0,0.0,0.0,0.0,0.0,0.0,0.142,0.402997,0.482412,0.210418,0.621879,0.625622,-0.421412,0.135373,0.27426,0.0305342,0.554366,0.348154,0.112462,-0.747542
3.0890469551086426,0.0,0.0,0.0,0.0,0.0,0.0,0.142,0.402997,0.482412,0.210418,0.621879,0.625622,-0.421412,0.135373,0.27426,0.0305342,0.554366,0.348154,0.112462,-0.747542
3.1057119369506836,0.0,0.0,0.0,0.0,0.0,0.0,0.142009,0.403026,0.482379,0.205522,0.624208,0.628481,-0.416097,0.135429,0.274093,0.0305066,0.557435,0.347594,0.111277,-0.745695
3.105825424194336,0.0,0.0,0.0,0.0,0.0,0.0,0.142009,0.403026,0.482379,0.205522,0.624208,0.628481,-0.416097,0.135429,0.274093,0.0305066,0.557435,0.347594,0.111277,-0.745695
3.122030258178711,0.0,0.0,0.0,0.0,0.0,0.0,0.142006,0.403028,0.482378,0.205537,0.624106,0.628543,-0.416148,0.135553,0.274169,0.0305787,0.556646,0.349371,0.110226,-0.745611
3.1221506595611572,0.0,0.0,0.0,0.0,0.0,0.0,0.142006,0.403028,0.482378,0.205537,0.624106,0.628543,-0.416148,0.135553,0.274169,0.0305787,0.556646,0.349371,0.110226,-0.745611
3.154909372329712,0.0,0.0,0.0,0.0,0.0,0.0,0.14202,0.403022,0.482293,0.207367,0.624732,0.627846,-0.415353,0.135426,0.274098,0.030513,0.557494,0.34669,0.110583,-0.746176
3.1550192832946777,0.0,0.0,0.0,0.0,0.0,0.0,0.14202,0.403022,0.482293,0.207367,0.624732,0.627846,-0.415353,0.135426,0.274098,0.030513,0.557494,0.34669,0.110583,-0.746176
3.171535015106201,0.0,0.0,0.0,0.0,0.0,0.0,0.142006,0.403031,0.482358,0.206065,0.624366,0.628329,-0.415822,0.135426,0.274114,0.0305451,0.557043,0.347182,0.111875,-0.746091
3.171647310256958,0.0,0.0,0.0,0.0,0.0,0.0,0.142006,0.403031,0.482358,0.206065,0.624366,0.628329,-0.415822,0.135426,0.274114,0.0305451,0.557043,0.347182,0.111875,-0.746091
3.188443660736084,0.0,0.0,0.0,0.0,0.0,0.0,0.142004,0.403031,0.482383,0.205488,0.62421,0.628468,-0.41613,0.135427,0.2741,0.0305142,0.557505,0.346682,0.110565,-0.746174
3.188554286956787,0.0,0.0,0.0,0.0,0.0,0.0,0.142004,0.403031,0.482383,0.205488,0.62421,0.628468,-0.41613,0.135427,0.2741,0.0305142,0.557505,0.346682,0.110565,-0.746174
3.20487642288208,0.0,0.0,0.0,0.0,0.0,0.0,0.141999,0.402997,0.48241,0.210432,0.621874,0.625602,-0.421443,0.135425,0.274107,0.0305306,0.556934,0.347247,0.11204,-0.746117
3.2049810886383057,0.0,0.0,0.0,0.0,0.0,0.0,0.141999,0.402997,0.48241,0.210432,0.621874,0.625602,-0.421443,0.135425,0.274107,0.0305306,0.556934,0.347247,0.11204,-0.746117
3.22169828414917,0.0,0.0,0.0,0.0,0.0,0.0,0.142001,0.403026,0.482356,0.206039,0.624291,0.628355,-0.415907,0.135424,0.274097,0.0305145,0.557501,0.346641,0.110597,-0.746191
3.2218034267425537,0.0,0.0,0.0,0.0,0.0,0.0,0.142001,0.403026,0.482356,0.206039,0.624291,0.628355,-0.415907,0.135424,0.274097,0.0305145,0.557501,0.346641,0.110597,-0.746191
3.254818916320801,0.0,0.0,0.0,0.0,0.0,0.0,0.142002,0.402994,0.482406,0.210397,0.621836,0.62568,-0.4214,0.135565,0.274219,0.0305673,0.556433,0.34966,0.110321,-0.74562
3.25492525100708,0.0,0.0,0.0,0.0,0.0,0.0,0.142002,0.402994,0.482406,0.210397,0.621836,0.62568,-0.4214,0.135565,0.274219,0.0305673,0.556433,0.34966,0.110321,-0.74562
3.272193670272827,0.0,0.0,0.0,0.0,0.0,0.0,0.141999,0.40303,0.482354,0.206114,0.624313,0.628266,-0.415971,0.135427,0.2741,0.0305158,0.557498,0.346652,0.110557,-0.746194
3.2723028659820557,0.0,0.0,0.0,0.0,0.0,0.0,0.141999,0.40303,0.482354,0.206114,0.624313,0.628266,-0.415971,0.135427,0.2741,0.0305158,0.557498,0.346652,0.110557,-0.746194
3.2889516353607178,0.0,0.0,0.0,0.0,0.0,0.0,0.14201,0.40303,0.482381,0.205511,0.624192,0.628504,-0.416092,0.13543,0.274103,0.0305159,0.557497,0.34668,0.110569,-0.74618
3.289069414138794,0.0,0.0,0.0,0.0,0.0,0.0,0.14201,0.40303,0.482381,0.205511,0.624192,0.628504,-0.416092,0.13543,0.274103,0.0305159,0.557497,0.34668,0.110569,-0.74618
3.3055005073547363,0.0,0.0,0.0,0.0,0.0,0.0,0.142005,0.403026,0.48238,0.205479,0.624161,0.62854,-0.416099,0.135427,0.274096,0.0305148,0.557527,0.346642,0.110568,-0.746175
3.3056111335754395,0.0,0.0,0.0,0.0,0.0,0.0,0.142005,0.403026,0.48238,0.205479,0.624161,0.62854,-0.416099,0.135427,0.274096,0.0305148,0.557527,0.346642,0.110568,-0.746175
3.3220696449279785,0.0,0.0,0.0,0.0,0.0,0.0,0.142006,0.40303,0.482378,0.20549,0.624146,0.628521,-0.416145,0.135429,0.274097,0.0305078,0.557429,0.347575,0.111286,-0.745708
3.3221824169158936,0.0,0.0,0.0,0.0,0.0,0.0,0.142006,0.40303,0.482378,0.20549,0.624146,0.628521,-0.416145,0.135429,0.274097,0.0305078,0.557429,0.347575,0.111286,-0.745708
3.3551130294799805,0.0,0.0,0.0,0.0,0.0,0.0,0.142006,0.40303,0.48238,0.205459,0.624166,0.628549,-0.416088,0.135418,0.274125,0.0305882,0.556515,0.34677,0.112613,-0.746565
3.355226516723633,0.0,0.0,0.0,0.0,0.0,0.0,0.142006,0.40303,0.48238,0.205459,0.624166,0.628549,-0.416088,0.135418,0.274125,0.0305882,0.556515,0.34677,0.112613,-0.746565
3.372161626815796,0.0,0.0,0.0,0.0,0.0,0.0,0.141999,0.402993,0.482388,0.210954,0.622058,0.625473,-0.421101,0.135429,0.274101,0.0305317,0.557009,0.347255,0.112018,-0.746061
3.3722665309906006,0.0,0.0,0.0,0.0,0.0,0.0,0.141999,0.402993,0.482388,0.210954,0.622058,0.625473,-0.421101,0.135429,0.274101,0.0305317,0.557009,0.347255,0.112018,-0.746061
3.3888626098632812,0.0,0.0,0.0,0.0,0.0,0.0,0.141988,0.403057,0.482358,0.208073,0.624352,0.625935,-0.418444,0.135423,0.274103,0.0305331,0.556949,0.34723,0.112032,-0.746115
3.3889691829681396,0.0,0.0,0.0,0.0,0.0,0.0,0.141988,0.403057,0.482358,0.208073,0.624352,0.625935,-0.418444,0.135423,0.274103,0.0305331,0.556949,0.34723,0.112032,-0.746115
3.4053473472595215,0.0,0.0,0.0,0.0,0.0,0.0,0.141997,0.403055,0.482378,0.207564,0.624151,0.626141,-0.418688,0.135565,0.274214,0.0305528,0.556343,0.349733,0.110482,-0.74563
3.4054508209228516,0.0,0.0,0.0,0.0,0.0,0.0,0.141997,0.403055,0.482378,0.207564,0.624151,0.626141,-0.418688,0.135565,0.274214,0.0305528,0.556343,0.349733,0.110482,-0.74563
3.4216415882110596,0.0,0.0,0.0,0.0,0.0,0.0,0.142003,0.402992,0.482408,0.2104,0.621865,0.625623,-0.421439,0.135429,0.274097,0.0305144,0.557534,0.346655,0.110597,-0.74616
3.4217464923858643,0.0,0.0,0.0,0.0,0.0,0.0,0.142003,0.402992,0.482408,0.2104,0.621865,0.625623,-0.421439,0.135429,0.274097,0.0305144,0.557534,0.346655,0.110597,-0.74616
3.454838275909424,0.0,0.0,0.0,0.0,0.0,0.0,0.142004,0.403018,0.482393,0.208848,0.621833,0.627448,-0.419541,0.135408,0.27405,0.0306076,0.557053,0.346291,0.112564,-0.746394
3.4549453258514404,0.0,0.0,0.0,0.0,0.0,0.0,0.142004,0.403018,0.482393,0.208848,0.621833,0.627448,-0.419541,0.135408,0.27405,0.0306076,0.557053,0.346291,0.112564,-0.746394
3.4720852375030518,0.0,0.0,0.0,0.0,0.0,0.0,0.142003,0.403052,0.482367,0.204047,0.625548,0.628481,-0.414809,0.135414,0.274024,0.0305528,0.557534,0.346687,0.111942,-0.745945
3.472196102142334,0.0,0.0,0.0,0.0,0.0,0.0,0.142003,0.403052,0.482367,0.204047,0.625548,0.628481,-0.414809,0.135414,0.274024,0.0305528,0.557534,0.346687,0.111942,-0.745945
3.488039255142212,0.0,0.0,0.0,0.0,0.0,0.0,0.142001,0.403032,0.482359,0.20607,0.624359,0.628296,-0.41588,0.135426,0.274103,0.0305305,0.556954,0.347254,0.111986,-0.746107
3.488149642944336,0.0,0.0,0.0,0.0,0.0,0.0,0.142001,0.403032,0.482359,0.20607,0.624359,0.628296,-0.41588,0.135426,0.274103,0.0305305,0.556954,0.347254,0.111986,-0.746107
3.5057663917541504,0.0,0.0,0.0,0.0,0.0,0.0,0.141998,0.402999,0.482409,0.210402,0.62185,0.625677,-0.421381,0.135416,0.27404,0.0305446,0.557976,0.346149,0.110296,-0.746109
3.5058751106262207,0.0,0.0,0.0,0.0,0.0,0.0,0.141998,0.402999,0.482409,0.210402,0.62185,0.625677,-0.421381,0.135416,0.27404,0.0305446,0.557976,0.346149,0.110296,-0.746109
3.5214672088623047,0.0,0.0,0.0,0.0,0.0,0.0,0.142004,0.403031,0.482382,0.205485,0.624203,0.628471,-0.416137,0.135424,0.274102,0.0305275,0.557638,0.346569,0.110431,-0.746147
3.5215721130371094,0.0,0.0,0.0,0.0,0.0,0.0,0.142004,0.403031,0.482382,0.205485,0.624203,0.628471,-0.416137,0.135424,0.274102,0.0305275,0.557638,0.346569,0.110431,-0.746147
3.5566625595092773,0.0,0.0,0.0,0.0,0.0,0.0,0.141994,0.403043,0.482377,0.205233,0.624168,0.628616,-0.416095,0.135425,0.274102,0.0305316,0.556936,0.347226,0.112008,-0.74613
3.556814670562744,0.0,0.0,0.0,0.0,0.0,0.0,0.141994,0.403043,0.482377,0.205233,0.624168,0.628616,-0.416095,0.135425,0.274102,0.0305316,0.556936,0.347226,0.112008,-0.74613
3.5730178356170654,0.0,0.0,0.0,0.0,0.0,0.0,0.141998,0.403042,0.482374,0.205211,0.624173,0.628653,-0.416044,0.135385,0.274241,0.0304586,0.555332,0.348071,0.110437,-0.747166
3.5731706619262695,0.0,0.0,0.0,0.0,0.0,0.0,0.141998,0.403042,0.482374,0.205211,0.624173,0.628653,-0.416044,0.135385,0.274241,0.0304586,0.555332,0.348071,0.110437,-0.747166
3.589764356613159,0.0,0.0,0.0,0.0,0.0,0.0,0.142002,0.403013,0.482399,0.209839,0.622103,0.625981,-0.420837,0.135509,0.274292,0.0305268,0.554714,0.350612,0.11014,-0.74648
3.5899126529693604,0.0,0.0,0.0,0.0,0.0,0.0,0.142002,0.403013,0.482399,0.209839,0.622103,0.625981,-0.420837,0.135509,0.274292,0.0305268,0.554714,0.350612,0.11014,-0.74648
3.606395721435547,0.0,0.0,0.0,0.0,0.0,0.0,0.142004,0.40303,0.482383,0.205495,0.624204,0.628464,-0.416142,0.135423,0.274109,0.0305436,0.556997,0.347181,0.111842,-0.746131
3.606525421142578,0.0,0.0,0.0,0.0,0.0,0.0,0.142004,0.40303,0.482383,0.205495,0.624204,0.628464,-0.416142,0.135423,0.274109,0.0305436,0.556997,0.347181,0.111842,-0.746131
3.621478319168091,0.0,0.0,0.0,0.0,0.0,0.0,0.142001,0.402994,0.482406,0.210415,0.621803,0.625659,-0.42147,0.135427,0.274099,0.0305155,0.557518,0.346638,0.110607,-0.746179
3.6215808391571045,0.0,0.0,0.0,0.0,0.0,0.0,0.142001,0.402994,0.482406,0.210415,0.621803,0.625659,-0.42147,0.135427,0.274099,0.0305155,0.557518,0.346638,0.110607,-0.746179
3.654799699783325,0.0,0.0,0.0,0.0,0.0,0.0,0.14201,0.403029,0.482379,0.205512,0.624188,0.628489,-0.41612,0.135563,0.274217,0.0305543,0.556281,0.349727,0.110467,-0.745681
3.654904842376709,0.0,0.0,0.0,0.0,0.0,0.0,0.14201,0.403029,0.482379,0.205512,0.624188,0.628489,-0.41612,0.135563,0.274217,0.0305543,0.556281,0.349727,0.110467,-0.745681
3.672189474105835,0.0,0.0,0.0,0.0,0.0,0.0,0.142004,0.403027,0.482359,0.206055,0.624372,0.62833,-0.415815,0.135415,0.274033,0.0305329,0.557938,0.346246,0.110522,-0.746059
3.67230224609375,0.0,0.0,0.0,0.0,0.0,0.0,0.142004,0.403027,0.482359,0.206055,0.624372,0.62833,-0.415815,0.135415,0.274033,0.0305329,0.557938,0.346246,0.110522,-0.746059
3.688593864440918,0.0,0.0,0.0,0.0,0.0,0.0,0.142006,0.40303,0.48238,0.205445,0.624134,0.628584,-0.41609,0.135427,0.274099,0.0305155,0.557502,0.346675,0.110585,-0.746176
3.688716173171997,0.0,0.0,0.0,0.0,0.0,0.0,0.142006,0.40303,0.48238,0.205445,0.624134,0.628584,-0.41609,0.135427,0.274099,0.0305155,0.557502,0.346675,0.110585,-0.746176
3.7055153846740723,0.0,0.0,0.0,0.0,0.0,0.0,0.142007,0.403038,0.482385,0.205896,0.623992,0.628825,-0.415717,0.135426,0.274103,0.0305263,0.557612,0.346572,0.110427,-0.746165
3.7056338787078857,0.0,0.0,0.0,0.0,0.0,0.0,0.142007,0.403038,0.482385,0.205896,0.623992,0.628825,-0.415717,0.135426,0.274103,0.0305263,0.557612,0.346572,0.110427,-0.746165
3.7224111557006836,0.0,0.0,0.0,0.0,0.0,0.0,0.142,0.402993,0.482405,0.210411,0.621834,0.625657,-0.42143,0.135416,0.27403,0.0305329,0.55798,0.34622,0.110506,-0.746042
3.7225303649902344,0.0,0.0,0.0,0.0,0.0,0.0,0.142,0.402993,0.482405,0.210411,0.621834,0.625657,-0.42143,0.135416,0.27403,0.0305329,0.55798,0.34622,0.110506,-0.746042
3.755427837371826,0.0,0.0,0.0,0.0,0.0,0.0,0.142006,0.403028,0.482375,0.205546,0.624114,0.628531,-0.416152,0.135428,0.274098,0.0305144,0.557534,0.346657,0.110589,-0.74616
3.7555465698242188,0.0,0.0,0.0,0.0,0.0,0.0,0.142006,0.403028,0.482375,0.205546,0.624114,0.628531,-0.416152,0.135428,0.274098,0.0305144,0.557534,0.346657,0.110589,-0.74616
3.7718067169189453,0.0,0.0,0.0,0.0,0.0,0.0,0.141996,0.402994,0.482387,0.210914,0.621982,0.625507,-0.421183,0.135425,0.2741,0.0305151,0.557526,0.346637,0.110601,-0.746174
3.771925687789917,0.0,0.0,0.0,0.0,0.0,0.0,0.141996,0.402994,0.482387,0.210914,0.621982,0.625507,-0.421183,0.135425,0.2741,0.0305151,0.557526,0.346637,0.110601,-0.746174
3.788768768310547,0.0,0.0,0.0,0.0,0.0,0.0,0.142003,0.403028,0.482374,0.205535,0.624176,0.628447,-0.41619,0.135414,0.274032,0.0305336,0.557896,0.346256,0.110465,-0.746094
3.7888882160186768,0.0,0.0,0.0,0.0,0.0,0.0,0.142003,0.403028,0.482374,0.205535,0.624176,0.628447,-0.41619,0.135414,0.274032,0.0305336,0.557896,0.346256,0.110465,-0.746094
3.805011034011841,0.0,0.0,0.0,0.0,0.0,0.0,0.142006,0.403026,0.48237,0.205556,0.62411,0.628495,-0.416206,0.135424,0.274105,0.0305271,0.557585,0.346558,0.110412,-0.746194
3.8051154613494873,0.0,0.0,0.0,0.0,0.0,0.0,0.142006,0.403026,0.48237,0.205556,0.62411,0.628495,-0.416206,0.135424,0.274105,0.0305271,0.557585,0.346558,0.110412,-0.746194
3.8217194080352783,0.0,0.0,0.0,0.0,0.0,0.0,0.142002,0.403038,0.482374,0.20525,0.624229,0.628576,-0.416057,0.135415,0.274028,0.030533,0.557972,0.346205,0.11049,-0.746057
3.821824550628662,0.0,0.0,0.0,0.0,0.0,0.0,0.142002,0.403038,0.482374,0.20525,0.624229,0.628576,-0.416057,0.135415,0.274028,0.030533,0.557972,0.346205,0.11049,-0.746057
3.855116367340088,0.0,0.0,0.0,0.0,0.0,0.0,0.141995,0.403055,0.482376,0.207537,0.624172,0.626135,-0.41868,0.135423,0.274108,0.0305435,0.557002,0.34718,0.111837,-0.746129
3.8552322387695312,0.0,0.0,0.0,0.0,0.0,0.0,0.141995,0.403055,0.482376,0.207537,0.624172,0.626135,-0.41868,0.135423,0.274108,0.0305435,0.557002,0.34718,0.111837,-0.746129
3.8715972900390625,0.0,0.0,0.0,0.0,0.0,0.0,0.142007,0.403033,0.482377,0.205487,0.624144,0.628542,-0.416118,0.135426,0.274107,0.0305277,0.557618,0.346589,0.110403,-0.746156
3.871706962585449,0.0,0.0,0.0,0.0,0.0,0.0,0.142007,0.403033,0.482377,0.205487,0.624144,0.628542,-0.416118,0.135426,0.274107,0.0305277,0.557618,0.346589,0.110403,-0.746156
3.8885536193847656,0.0,0.0,0.0,0.0,0.0,0.0,0.142,0.402995,0.482406,0.2104,0.621815,0.625674,-0.421438,0.135563,0.274218,0.0305521,0.556311,0.349747,0.110488,-0.745646
3.8886611461639404,0.0,0.0,0.0,0.0,0.0,0.0,0.142,0.402995,0.482406,0.2104,0.621815,0.625674,-0.421438,0.135563,0.274218,0.0305521,0.556311,0.349747,0.110488,-0.745646
3.905064821243286,0.0,0.0,0.0,0.0,0.0,0.0,0.142006,0.403029,0.482377,0.205445,0.624141,0.628547,-0.416135,0.135407,0.274052,0.0306074,0.557042,0.346312,0.112567,-0.746392
3.9051945209503174,0.0,0.0,0.0,0.0,0.0,0.0,0.142006,0.403029,0.482377,0.205445,0.624141,0.628547,-0.416135,0.135407,0.274052,0.0306074,0.557042,0.346312,0.112567,-0.746392
3.921783685684204,0.0,0.0,0.0,0.0,0.0,0.0,0.142,0.403054,0.48238,0.207524,0.624258,0.626083,-0.418635,0.135427,0.2741,0.030515,0.557527,0.346671,0.110597,-0.746157
3.921888828277588,0.0,0.0,0.0,0.0,0.0,0.0,0.142,0.403054,0.48238,0.207524,0.624258,0.626083,-0.418635,0.135427,0.2741,0.030515,0.557527,0.346671,0.110597,-0.746157
3.9550745487213135,0.0,0.0,0.0,0.0,0.0,0.0,0.142007,0.403031,0.482378,0.205477,0.62414,0.628531,-0.416147,0.135562,0.274214,0.0305541,0.556352,0.349717,0.110477,-0.745631
3.955191135406494,0.0,0.0,0.0,0.0,0.0,0.0,0.142007,0.403031,0.482378,0.205477,0.62414,0.628531,-0.416147,0.135562,0.274214,0.0305541,0.556352,0.349717,0.110477,-0.745631
3.9713454246520996,0.0,0.0,0.0,0.0,0.0,0.0,0.142006,0.403028,0.482378,0.20548,0.624113,0.628566,-0.416133,0.135384,0.274236,0.0304595,0.555377,0.348052,0.110467,-0.747137
3.971451759338379,0.0,0.0,0.0,0.0,0.0,0.0,0.142006,0.403028,0.482378,0.20548,0.624113,0.628566,-0.416133,0.135384,0.274236,0.0304595,0.555377,0.348052,0.110467,-0.747137
3.9884092807769775,0.0,0.0,0.0,0.0,0.0,0.0,0.142004,0.40303,0.482357,0.206085,0.624346,0.628347,-0.415813,0.135415,0.274033,0.0305339,0.557938,0.346209,0.110523,-0.746076
3.9885196685791016,0.0,0.0,0.0,0.0,0.0,0.0,0.142004,0.40303,0.482357,0.206085,0.624346,0.628347,-0.415813,0.135415,0.274033,0.0305339,0.557938,0.346209,0.110523,-0.746076
4.005126237869263,0.0,0.0,0.0,0.0,0.0,0.0,0.142002,0.403033,0.482379,0.205482,0.624156,0.62851,-0.416151,0.13541,0.274046,0.0305961,0.557005,0.346367,0.11275,-0.746366
4.005244016647339,0.0,0.0,0.0,0.0,0.0,0.0,0.142002,0.403033,0.482379,0.205482,0.624156,0.62851,-0.416151,0.13541,0.274046,0.0305961,0.557005,0.346367,0.11275,-0.746366
4.038280725479126,0.0,0.0,0.0,0.0,0.0,0.0,0.142004,0.403031,0.482379,0.205456,0.624158,0.62854,-0.416116,0.135425,0.274104,0.0305272,0.557556,0.346579,0.110428,-0.746204
4.038395643234253,0.0,0.0,0.0,0.0,0.0,0.0,0.142004,0.403031,0.482379,0.205456,0.624158,0.62854,-0.416116,0.135425,0.274104,0.0305272,0.557556,0.346579,0.110428,-0.746204
4.055131435394287,0.0,0.0,0.0,0.0,0.0,0.0,0.141997,0.403053,0.482345,0.204623,0.625657,0.628349,-0.414561,0.135412,0.27404,0.0305452,0.557935,0.346149,0.110314,-0.746137
4.055246353149414,0.0,0.0,0.0,0.0,0.0,0.0,0.141997,0.403053,0.482345,0.204623,0.625657,0.628349,-0.414561,0.135412,0.27404,0.0305452,0.557935,0.346149,0.110314,-0.746137
4.071565389633179,0.0,0.0,0.0,0.0,0.0,0.0,0.142005,0.403029,0.482379,0.20547,0.624155,0.62857,-0.416068,0.135427,0.274101,0.0305155,0.557504,0.34669,0.110582,-0.746168
4.071669340133667,0.0,0.0,0.0,0.0,0.0,0.0,0.142005,0.403029,0.482379,0.20547,0.624155,0.62857,-0.416068,0.135427,0.274101,0.0305155,0.557504,0.34669,0.110582,-0.746168
4.088337659835815,0.0,0.0,0.0,0.0,0.0,0.0,0.142008,0.403028,0.482379,0.205486,0.6242,0.628508,-0.416085,0.135415,0.274032,0.0305329,0.557925,0.34625,0.110536,-0.746064
4.088441848754883,0.0,0.0,0.0,0.0,0.0,0.0,0.142008,0.403028,0.482379,0.205486,0.6242,0.628508,-0.416085,0.135415,0.274032,0.0305329,0.557925,0.34625,0.110536,-0.746064
4.105094909667969,0.0,0.0,0.0,0.0,0.0,0.0,0.142006,0.40303,0.482379,0.20549,0.624118,0.628542,-0.416155,0.135334,0.274097,0.0304901,0.556083,0.346644,0.10992,-0.747347
4.1052470207214355,0.0,0.0,0.0,0.0,0.0,0.0,0.142006,0.40303,0.482379,0.20549,0.624118,0.628542,-0.416155,0.135334,0.274097,0.0304901,0.556083,0.346644,0.10992,-0.747347
4.137785196304321,0.0,0.0,0.0,0.0,0.0,0.0,0.142,0.402994,0.482406,0.210429,0.621803,0.625691,-0.421416,0.135371,0.27417,0.0304755,0.555811,0.347616,0.110354,-0.747034
4.13789176940918,0.0,0.0,0.0,0.0,0.0,0.0,0.142,0.402994,0.482406,0.210429,0.621803,0.625691,-0.421416,0.135371,0.27417,0.0304755,0.555811,0.347616,0.110354,-0.747034
4.154815673828125,0.0,0.0,0.0,0.0,0.0,0.0,0.142001,0.403032,0.482381,0.205479,0.624142,0.628521,-0.416157,0.135553,0.274163,0.0305687,0.556529,0.34948,0.110442,-0.745615
4.154923677444458,0.0,0.0,0.0,0.0,0.0,0.0,0.142001,0.403032,0.482381,0.205479,0.624142,0.628521,-0.416157,0.135553,0.274163,0.0305687,0.556529,0.34948,0.110442,-0.745615
4.171609878540039,0.0,0.0,0.0,0.0,0.0,0.0,0.142015,0.402993,0.482325,0.212061,0.622457,0.624903,-0.420801,0.135381,0.274235,0.0304602,0.55536,0.348032,0.110425,-0.747165
4.171719312667847,0.0,0.0,0.0,0.0,0.0,0.0,0.142015,0.402993,0.482325,0.212061,0.622457,0.624903,-0.420801,0.135381,0.274235,0.0304602,0.55536,0.348032,0.110425,-0.747165
4.188524484634399,0.0,0.0,0.0,0.0,0.0,0.0,0.141995,0.403043,0.482376,0.205213,0.624178,0.628586,-0.416137,0.135426,0.274099,0.0305149,0.557509,0.346664,0.110584,-0.746176
4.188634157180786,0.0,0.0,0.0,0.0,0.0,0.0,0.141995,0.403043,0.482376,0.205213,0.624178,0.628586,-0.416137,0.135426,0.274099,0.0305149,0.557509,0.346664,0.110584,-0.746176
4.204686403274536,0.0,0.0,0.0,0.0,0.0,0.0,0.14201,0.403027,0.482379,0.205513,0.624222,0.628477,-0.416086,0.135426,0.274099,0.0305157,0.557492,0.346678,0.110591,-0.746182
4.204794645309448,0.0,0.0,0.0,0.0,0.0,0.0,0.14201,0.403027,0.482379,0.205513,0.624222,0.628477,-0.416086,0.135426,0.274099,0.0305157,0.557492,0.346678,0.110591,-0.746182
4.221680641174316,0.0,0.0,0.0,0.0,0.0,0.0,0.142006,0.403029,0.482377,0.2055,0.624112,0.628565,-0.416126,0.135424,0.274103,0.0305268,0.557582,0.34658,0.110353,-0.746195
4.221789598464966,0.0,0.0,0.0,0.0,0.0,0.0,0.142006,0.403029,0.482377,0.2055,0.624112,0.628565,-0.416126,0.135424,0.274103,0.0305268,0.557582,0.34658,0.110353,-0.746195
4.254817247390747,0.0,0.0,0.0,0.0,0.0,0.0,0.142006,0.40303,0.482377,0.205501,0.624128,0.628565,-0.416101,0.135428,0.2741,0.0305158,0.557554,0.346657,0.110586,-0.746145
4.254929304122925,0.0,0.0,0.0,0.0,0.0,0.0,0.142006,0.40303,0.482377,0.205501,0.624128,0.628565,-0.416101,0.135428,0.2741,0.0305158,0.557554,0.346657,0.110586,-0.746145
4.271604299545288,0.0,0.0,0.0,0.0,0.0,0.0,0.142002,0.403029,0.482356,0.206078,0.624293,0.62836,-0.415877,0.135426,0.2741,0.0305143,0.557497,0.346698,0.110583,-0.74617
4.2717156410217285,0.0,0.0,0.0,0.0,0.0,0.0,0.142002,0.403029,0.482356,0.206078,0.624293,0.62836,-0.415877,0.135426,0.2741,0.0305143,0.557497,0.346698,0.110583,-0.74617
4.288280010223389,0.0,0.0,0.0,0.0,0.0,0.0,0.141995,0.402993,0.482385,0.210997,0.621958,0.625499,-0.421188,0.135427,0.274104,0.0305307,0.556917,0.347276,0.111979,-0.746126
4.288391828536987,0.0,0.0,0.0,0.0,0.0,0.0,0.141995,0.402993,0.482385,0.210997,0.621958,0.625499,-0.421188,0.135427,0.274104,0.0305307,0.556917,0.347276,0.111979,-0.746126
4.30498743057251,0.0,0.0,0.0,0.0,0.0,0.0,0.142001,0.40299,0.482402,0.210477,0.621856,0.625616,-0.421424,0.13541,0.274051,0.0306076,0.557083,0.346338,0.112554,-0.746351
4.305095911026001,0.0,0.0,0.0,0.0,0.0,0.0,0.142001,0.40299,0.482402,0.210477,0.621856,0.625616,-0.421424,0.13541,0.274051,0.0306076,0.557083,0.346338,0.112554,-0.746351
4.32136607170105,0.0,0.0,0.0,0.0,0.0,0.0,0.142006,0.403031,0.482378,0.205482,0.624143,0.628541,-0.416124,0.135425,0.274099,0.0305145,0.55749,0.346627,0.110609,-0.746204
4.321476936340332,0.0,0.0,0.0,0.0,0.0,0.0,0.142006,0.403031,0.482378,0.205482,0.624143,0.628541,-0.416124,0.135425,0.274099,0.0305145,0.55749,0.346627,0.110609,-0.746204
4.354858636856079,0.0,0.0,0.0,0.0,0.0,0.0,0.142001,0.403011,0.482399,0.209869,0.622103,0.625965,-0.420845,0.135409,0.274044,0.030596,0.556966,0.346368,0.112722,-0.746399
4.354971408843994,0.0,0.0,0.0,0.0,0.0,0.0,0.142001,0.403011,0.482399,0.209869,0.622103,0.625965,-0.420845,0.135409,0.274044,0.030596,0.556966,0.346368,0.112722,-0.746399
4.3713908195495605,0.0,0.0,0.0,0.0,0.0,0.0,0.14202,0.403025,0.482293,0.207307,0.624769,0.627874,-0.415285,0.135427,0.274095,0.0305066,0.557412,0.347578,0.11128,-0.74572
4.371499061584473,0.0,0.0,0.0,0.0,0.0,0.0,0.14202,0.403025,0.482293,0.207307,0.624769,0.627874,-0.415285,0.135427,0.274095,0.0305066,0.557412,0.347578,0.11128,-0.74572
4.3882105350494385,0.0,0.0,0.0,0.0,0.0,0.0,0.142009,0.403028,0.482381,0.205499,0.624211,0.6285,-0.416076,0.13541,0.274046,0.0305962,0.556969,0.346367,0.112758,-0.746392
4.388317584991455,0.0,0.0,0.0,0.0,0.0,0.0,0.142009,0.403028,0.482381,0.205499,0.624211,0.6285,-0.416076,0.13541,0.274046,0.0305962,0.556969,0.346367,0.112758,-0.746392
4.40505838394165,0.0,0.0,0.0,0.0,0.0,0.0,0.142007,0.403029,0.482378,0.205488,0.624138,0.628537,-0.416133,0.13538,0.274239,0.030473,0.555436,0.34796,0.110269,-0.747165
4.4051923751831055,0.0,0.0,0.0,0.0,0.0,0.0,0.142007,0.403029,0.482378,0.205488,0.624138,0.628537,-0.416133,0.13538,0.274239,0.030473,0.555436,0.34796,0.110269,-0.747165
4.421692848205566,0.0,0.0,0.0,0.0,0.0,0.0,0.141991,0.402997,0.48239,0.210886,0.622019,0.625518,-0.421125,0.135425,0.274099,0.0305166,0.557512,0.346647,0.110568,-0.746185
4.42179799079895,0.0,0.0,0.0,0.0,0.0,0.0,0.141991,0.402997,0.48239,0.210886,0.622019,0.625518,-0.421125,0.135425,0.274099,0.0305166,0.557512,0.346647,0.110568,-0.746185
4.454913377761841,0.0,0.0,0.0,0.0,0.0,0.0,0.142001,0.403027,0.482357,0.206029,0.624331,0.628371,-0.415827,0.135425,0.274099,0.0305151,0.557499,0.346629,0.110575,-0.746201
4.455023527145386,0.0,0.0,0.0,0.0,0.0,0.0,0.142001,0.403027,0.482357,0.206029,0.624331,0.628371,-0.415827,0.135425,0.274099,0.0305151,0.557499,0.346629,0.110575,-0.746201
4.471858739852905,0.0,0.0,0.0,0.0,0.0,0.0,0.142001,0.403035,0.482381,0.20547,0.624122,0.628539,-0.416164,0.135517,0.274363,0.0305297,0.553807,0.351131,0.111136,-0.746762
4.4719672203063965,0.0,0.0,0.0,0.0,0.0,0.0,0.142001,0.403035,0.482381,0.20547,0.624122,0.628539,-0.416164,0.135517,0.274363,0.0305297,0.553807,0.351131,0.111136,-0.746762
4.488216876983643,0.0,0.0,0.0,0.0,0.0,0.0,0.141995,0.403056,0.482371,0.204003,0.625531,0.628528,-0.414784,0.135423,0.274103,0.0305298,0.556918,0.347238,0.112039,-0.746134
4.488328218460083,0.0,0.0,0.0,0.0,0.0,0.0,0.141995,0.403056,0.482371,0.204003,0.625531,0.628528,-0.414784,0.135423,0.274103,0.0305298,0.556918,0.347238,0.112039,-0.746134
4.504941463470459,0.0,0.0,0.0,0.0,0.0,0.0,0.142,0.40305,0.482348,0.204596,0.62577,0.628311,-0.414461,0.13538,0.274233,0.0304585,0.555374,0.347997,0.110448,-0.747167
4.505049228668213,0.0,0.0,0.0,0.0,0.0,0.0,0.142,0.40305,0.482348,0.204596,0.62577,0.628311,-0.414461,0.13538,0.274233,0.0304585,0.555374,0.347997,0.110448,-0.747167
4.521669149398804,0.0,0.0,0.0,0.0,0.0,0.0,0.142005,0.403037,0.482382,0.208114,0.622654,0.627271,-0.418952,0.135415,0.274036,0.0305462,0.557988,0.346155,0.110304,-0.746096
4.521780490875244,0.0,0.0,0.0,0.0,0.0,0.0,0.142005,0.403037,0.482382,0.208114,0.622654,0.627271,-0.418952,0.135415,0.274036,0.0305462,0.557988,0.346155,0.110304,-0.746096
4.554738283157349,0.0,0.0,0.0,0.0,0.0,0.0,0.142005,0.403028,0.482358,0.20605,0.624372,0.628333,-0.415814,0.135423,0.274123,0.0305762,0.556453,0.346905,0.112783,-0.746523
4.554845333099365,0.0,0.0,0.0,0.0,0.0,0.0,0.142005,0.403028,0.482358,0.20605,0.624372,0.628333,-0.415814,0.135423,0.274123,0.0305762,0.556453,0.346905,0.112783,-0.746523
4.5713770389556885,0.0,0.0,0.0,0.0,0.0,0.0,0.142009,0.403026,0.482379,0.205525,0.624194,0.628489,-0.416103,0.135422,0.274108,0.0305416,0.556982,0.347191,0.111807,-0.746142
4.571490287780762,0.0,0.0,0.0,0.0,0.0,0.0,0.142009,0.403026,0.482379,0.205525,0.624194,0.628489,-0.416103,0.135422,0.274108,0.0305416,0.556982,0.347191,0.111807,-0.746142
4.58791708946228,0.0,0.0,0.0,0.0,0.0,0.0,0.142008,0.403027,0.482379,0.205511,0.62419,0.62849,-0.416115,0.135426,0.2741,0.030515,0.557462,0.346675,0.110594,-0.746205
4.5880286693573,0.0,0.0,0.0,0.0,0.0,0.0,0.142008,0.403027,0.482379,0.205511,0.62419,0.62849,-0.416115,0.135426,0.2741,0.030515,0.557462,0.346675,0.110594,-0.746205
4.605079412460327,0.0,0.0,0.0,0.0,0.0,0.0,0.142004,0.40303,0.482381,0.205518,0.624187,0.628476,-0.416138,0.135427,0.274098,0.0305147,0.557543,0.346623,0.110592,-0.746169
4.605194091796875,0.0,0.0,0.0,0.0,0.0,0.0,0.142004,0.40303,0.482381,0.205518,0.624187,0.628476,-0.416138,0.135427,0.274098,0.0305147,0.557543,0.346623,0.110592,-0.746169
4.621662855148315,0.0,0.0,0.0,0.0,0.0,0.0,0.142007,0.40303,0.482378,0.205472,0.624152,0.628551,-0.4161,0.135428,0.274104,0.0305156,0.55751,0.346686,0.110563,-0.746168
4.621772289276123,0.0,0.0,0.0,0.0,0.0,0.0,0.142007,0.40303,0.482378,0.205472,0.624152,0.628551,-0.4161,0.135428,0.274104,0.0305156,0.55751,0.346686,0.110563,-0.746168
4.654960632324219,0.0,0.0,0.0,0.0,0.0,0.0,0.141999,0.403039,0.482373,0.205285,0.624145,0.628623,-0.416094,0.135415,0.27403,0.0305334,0.557971,0.346176,0.11052,-0.746067
4.6550843715667725,0.0,0.0,0.0,0.0,0.0,0.0,0.141999,0.403039,0.482373,0.205285,0.624145,0.628623,-0.416094,0.135415,0.27403,0.0305334,0.557971,0.346176,0.11052,-0.746067
4.671643018722534,0.0,0.0,0.0,0.0,0.0,0.0,0.142002,0.403035,0.482381,0.205482,0.624147,0.628524,-0.416143,0.135555,0.274243,0.030626,0.555334,0.349838,0.112534,-0.746025
4.671753644943237,0.0,0.0,0.0,0.0,0.0,0.0,0.142002,0.403035,0.482381,0.205482,0.624147,0.628524,-0.416143,0.135555,0.274243,0.030626,0.555334,0.349838,0.112534,-0.746025
4.688215732574463,0.0,0.0,0.0,0.0,0.0,0.0,0.142001,0.403029,0.482356,0.206079,0.624258,0.628389,-0.415887,0.135415,0.274031,0.0305339,0.557962,0.346194,0.110493,-0.746069
4.688324928283691,0.0,0.0,0.0,0.0,0.0,0.0,0.142001,0.403029,0.482356,0.206079,0.624258,0.628389,-0.415887,0.135415,0.274031,0.0305339,0.557962,0.346194,0.110493,-0.746069
4.705127954483032,0.0,0.0,0.0,0.0,0.0,0.0,0.142,0.403033,0.482381,0.205449,0.624161,0.628518,-0.416148,0.135424,0.2741,0.0305166,0.557497,0.346686,0.110609,-0.746172
4.705246448516846,0.0,0.0,0.0,0.0,0.0,0.0,0.142,0.403033,0.482381,0.205449,0.624161,0.628518,-0.416148,0.135424,0.2741,0.0305166,0.557497,0.346686,0.110609,-0.746172
4.721405029296875,0.0,0.0,0.0,0.0,0.0,0.0,0.142007,0.403024,0.48237,0.205578,0.624148,0.628446,-0.416212,0.135563,0.274215,0.030554,0.556373,0.349709,0.110503,-0.745615
4.721516847610474,0.0,0.0,0.0,0.0,0.0,0.0,0.142007,0.403024,0.48237,0.205578,0.624148,0.628446,-0.416212,0.135563,0.274215,0.030554,0.556373,0.349709,0.110503,-0.745615
4.75492262840271,0.0,0.0,0.0,0.0,0.0,0.0,0.142004,0.402993,0.48241,0.210394,0.621883,0.625628,-0.421409,0.135559,0.274223,0.030569,0.555681,0.350362,0.111919,-0.745613
4.755035400390625,0.0,0.0,0.0,0.0,0.0,0.0,0.142004,0.402993,0.48241,0.210394,0.621883,0.625628,-0.421409,0.135559,0.274223,0.030569,0.555681,0.350362,0.111919,-0.745613
4.772189617156982,0.0,0.0,0.0,0.0,0.0,0.0,0.141998,0.403019,0.482372,0.2094,0.622018,0.627258,-0.419277,0.135424,0.274104,0.0305265,0.557589,0.346578,0.110432,-0.746179
4.772307872772217,0.0,0.0,0.0,0.0,0.0,0.0,0.141998,0.403019,0.482372,0.2094,0.622018,0.627258,-0.419277,0.135424,0.274104,0.0305265,0.557589,0.346578,0.110432,-0.746179
4.788920879364014,0.0,0.0,0.0,0.0,0.0,0.0,0.141999,0.403054,0.48237,0.204029,0.625578,0.628466,-0.414794,0.135386,0.274242,0.0304591,0.555357,0.348077,0.110428,-0.747146
4.789033889770508,0.0,0.0,0.0,0.0,0.0,0.0,0.141999,0.403054,0.48237,0.204029,0.625578,0.628466,-0.414794,0.135386,0.274242,0.0304591,0.555357,0.348077,0.110428,-0.747146
4.80558443069458,0.0,0.0,0.0,0.0,0.0,0.0,0.142007,0.403016,0.482393,0.208821,0.621865,0.627475,-0.419467,0.135424,0.274105,0.0305274,0.557598,0.346564,0.110408,-0.746183
4.805693626403809,0.0,0.0,0.0,0.0,0.0,0.0,0.142007,0.403016,0.482393,0.208821,0.621865,0.627475,-0.419467,0.135424,0.274105,0.0305274,0.557598,0.346564,0.110408,-0.746183
4.822161912918091,0.0,0.0,0.0,0.0,0.0,0.0,0.14201,0.403028,0.482382,0.205487,0.624224,0.628484,-0.416087,0.135413,0.274029,0.0305514,0.557502,0.346759,0.111967,-0.745931
4.822267532348633,0.0,0.0,0.0,0.0,0.0,0.0,0.14201,0.403028,0.482382,0.205487,0.624224,0.628484,-0.416087,0.135413,0.274029,0.0305514,0.557502,0.346759,0.111967,-0.745931
4.854942560195923,0.0,0.0,0.0,0.0,0.0,0.0,0.141987,0.40301,0.482405,0.21013,0.621871,0.62575,-0.421378,0.135426,0.2741,0.0305141,0.557529,0.346641,0.110593,-0.746171
4.8550498485565186,0.0,0.0,0.0,0.0,0.0,0.0,0.141987,0.40301,0.482405,0.21013,0.621871,0.62575,-0.421378,0.135426,0.2741,0.0305141,0.557529,0.346641,0.110593,-0.746171
4.8715879917144775,0.0,0.0,0.0,0.0,0.0,0.0,0.142,0.403032,0.48238,0.205474,0.624126,0.628552,-0.416136,0.135371,0.27417,0.0304752,0.555823,0.347615,0.110383,-0.747021
4.871694087982178,0.0,0.0,0.0,0.0,0.0,0.0,0.142,0.403032,0.48238,0.205474,0.624126,0.628552,-0.416136,0.135371,0.27417,0.0304752,0.555823,0.347615,0.110383,-0.747021
4.888924598693848,0.0,0.0,0.0,0.0,0.0,0.0,0.142009,0.403001,0.482322,0.212156,0.622558,0.624741,-0.420844,0.135417,0.274027,0.0305517,0.557558,0.346734,0.111966,-0.745901
4.889061689376831,0.0,0.0,0.0,0.0,0.0,0.0,0.142009,0.403001,0.482322,0.212156,0.622558,0.624741,-0.420844,0.135417,0.274027,0.0305517,0.557558,0.346734,0.111966,-0.745901
4.905095100402832,0.0,0.0,0.0,0.0,0.0,0.0,0.142004,0.403028,0.482378,0.205459,0.624152,0.628547,-0.416112,0.135419,0.274126,0.0305874,0.556502,0.346832,0.112584,-0.746551
4.905209064483643,0.0,0.0,0.0,0.0,0.0,0.0,0.142004,0.403028,0.482378,0.205459,0.624152,0.628547,-0.416112,0.135419,0.274126,0.0305874,0.556502,0.346832,0.112584,-0.746551
4.9215991497039795,0.0,0.0,0.0,0.0,0.0,0.0,0.142006,0.403031,0.482378,0.205489,0.624111,0.628572,-0.416121,0.135426,0.274101,0.0305145,0.557526,0.346672,0.110591,-0.746158
4.921702146530151,0.0,0.0,0.0,0.0,0.0,0.0,0.142006,0.403031,0.482378,0.205489,0.624111,0.628572,-0.416121,0.135426,0.274101,0.0305145,0.557526,0.346672,0.110591,-0.746158
4.9548797607421875,0.0,0.0,0.0,0.0,0.0,0.0,0.142006,0.403029,0.482379,0.205498,0.624127,0.628552,-0.416123,0.135427,0.274098,0.0305149,0.557542,0.346644,0.110588,-0.74616
4.954990386962891,0.0,0.0,0.0,0.0,0.0,0.0,0.142006,0.403029,0.482379,0.205498,0.624127,0.628552,-0.416123,0.135427,0.274098,0.0305149,0.557542,0.346644,0.110588,-0.74616
4.97164511680603,0.0,0.0,0.0,0.0,0.0,0.0,0.142009,0.403027,0.482378,0.205516,0.624196,0.628476,-0.416126,0.135427,0.2741,0.0305162,0.557531,0.346655,0.110558,-0.746167
4.971754789352417,0.0,0.0,0.0,0.0,0.0,0.0,0.142009,0.403027,0.482378,0.205516,0.624196,0.628476,-0.416126,0.135427,0.2741,0.0305162,0.557531,0.346655,0.110558,-0.746167
4.988259553909302,0.0,0.0,0.0,0.0,0.0,0.0,0.142002,0.403039,0.482376,0.205286,0.624249,0.628566,-0.416024,0.135422,0.274114,0.0305629,0.556524,0.347218,0.112786,-0.746324
4.988370656967163,0.0,0.0,0.0,0.0,0.0,0.0,0.142002,0.403039,0.482376,0.205286,0.624249,0.628566,-0.416024,0.135422,0.274114,0.0305629,0.556524,0.347218,0.112786,-0.746324
5.004819869995117,0.0,0.0,0.0,0.0,0.0,0.0,0.142003,0.403039,0.482379,0.205903,0.623929,0.628826,-0.415806,0.135409,0.274047,0.0305957,0.556979,0.346366,0.112741,-0.746388
5.004927396774292,0.0,0.0,0.0,0.0,0.0,0.0,0.142003,0.403039,0.482379,0.205903,0.623929,0.628826,-0.415806,0.135409,0.274047,0.0305957,0.556979,0.346366,0.112741,-0.746388
