# Timestamp, Flexion, Adduction, Rotation, Tx, Ty, Tz, Fx, Fy, Fz
0.021820783615112305, 88.78957433288751, 3.0894105345076626, -70.71433781266275, 0.0, 0.0, 0.0, 0.0, 0.0, 0.0
0.02194499969482422, 88.78957433288751, 3.0894105345076626, -70.71433781266275, 0.0, 0.0, 0.0, 0.0, 0.0, 0.0
0.03852128982543945, 88.78957433288751, 3.0894105345076626, -70.71433781266275, 0.0, 0.0, 0.0, 0.0, 0.0, 0.0
0.03863787651062012, 88.78957433288751, 3.0894105345076626, -70.71433781266275, 0.0, 0.0, 0.0, 0.0, 0.0, 0.0
0.05534100532531738, 88.78957433288751, 3.0894105345076626, -70.71433781266275, 0.0, 0.0, 0.0, 0.0, 0.0, 0.0
0.05545759201049805, 88.78957433288751, 3.0894105345076626, -70.71433781266275, 0.0, 0.0, 0.0, 0.0, 0.0, 0.0
0.0720212459564209, 88.78957433288751, 3.0894105345076626, -70.71433781266275, 0.0, 0.0, 0.0, 0.0, 0.0, 0.0
0.07213473320007324, 88.78957433288751, 3.0894105345076626, -70.71433781266275, 0.0, 0.0, 0.0, 0.0, 0.0, 0.0
0.08884572982788086, 88.78957433288751, 3.0894105345076626, -70.71433781266275, 0.0, 0.0, 0.0, 0.0, 0.0, 0.0
0.08896040916442871, 88.78957433288751, 3.0894105345076626, -70.71433781266275, 0.0, 0.0, 0.0, 0.0, 0.0, 0.0
0.10532450675964355, 88.78957433288751, 3.0894105345076626, -70.71433781266275, 0.0, 0.0, 0.0, 0.0, 0.0, 0.0
0.1054391860961914, 88.78957433288751, 3.0894105345076626, -70.71433781266275, 0.0, 0.0, 0.0, 0.0, 0.0, 0.0
0.13865184783935547, 88.78957433288751, 3.0894105345076626, -70.71433781266275, 0.0, 0.0, 0.0, 0.0, 0.0, 0.0
0.13877296447753906, 88.78957433288751, 3.0894105345076626, -70.71433781266275, 0.0, 0.0, 0.0, 0.0, 0.0, 0.0
0.1552903652191162, 88.78957433288751, 3.0894105345076626, -70.71433781266275, 0.0, 0.0, 0.0, 0.0, 0.0, 0.0
0.15540385246276855, 88.78957433288751, 3.0894105345076626, -70.71433781266275, 0.0, 0.0, 0.0, 0.0, 0.0, 0.0
0.1715869903564453, 88.78957433288751, 3.0894105345076626, -70.71433781266275, 0.0, 0.0, 0.0, 0.0, 0.0, 0.0
0.17170310020446777, 88.78957433288751, 3.0894105345076626, -70.71433781266275, 0.0, 0.0, 0.0, 0.0, 0.0, 0.0
0.1891319751739502, 88.78957433288751, 3.0894105345076626, -70.71433781266275, 0.0, 0.0, 0.0, 0.0, 0.0, 0.0
0.18924617767333984, 88.78957433288751, 3.0894105345076626, -70.71433781266275, 0.0, 0.0, 0.0, 0.0, 0.0, 0.0
0.20644402503967285, 88.78957433288751, 3.0894105345076626, -70.71433781266275, 0.0, 0.0, 0.0, 0.0, 0.0, 0.0
0.2065727710723877, 88.78957433288751, 3.0894105345076626, -70.71433781266275, 0.0, 0.0, 0.0, 0.0, 0.0, 0.0
0.22576642036437988, 88.78957433288751, 3.0894105345076626, -70.71433781266275, 0.0, 0.0, 0.0, 0.0, 0.0, 0.0
0.2258756160736084, 88.78957433288751, 3.0894105345076626, -70.71433781266275, 0.0, 0.0, 0.0, 0.0, 0.0, 0.0
0.25517964363098145, 88.78957433288751, 3.0894105345076626, -70.71433781266275, 0.0, 0.0, 0.0, 0.0, 0.0, 0.0
0.2552938461303711, 88.78957433288751, 3.0894105345076626, -70.71433781266275, 0.0, 0.0, 0.0, 0.0, 0.0, 0.0
0.2720174789428711, 88.78957433288751, 3.0894105345076626, -70.71433781266275, 0.0, 0.0, 0.0, 0.0, 0.0, 0.0
0.27213120460510254, 88.78957433288751, 3.0894105345076626, -70.71433781266275, 0.0, 0.0, 0.0, 0.0, 0.0, 0.0
0.28826379776000977, 88.78957433288751, 3.0894105345076626, -70.71433781266275, 0.0, 0.0, 0.0, 0.0, 0.0, 0.0
0.2883749008178711, 88.78957433288751, 3.0894105345076626, -70.71433781266275, 0.0, 0.0, 0.0, 0.0, 0.0, 0.0
0.3052957057952881, 88.78957433288751, 3.0894105345076626, -70.71433781266275, 0.0, 0.0, 0.0, 0.0, 0.0, 0.0
0.30540990829467773, 88.78957433288751, 3.0894105345076626, -70.71433781266275, 0.0, 0.0, 0.0, 0.0, 0.0, 0.0
0.33858585357666016, 88.78957433288751, 3.0894105345076626, -70.71433781266275, 0.0, 0.0, 0.0, 0.0, 0.0, 0.0
0.33870792388916016, 88.78957433288751, 3.0894105345076626, -70.71433781266275, 0.0, 0.0, 0.0, 0.0, 0.0, 0.0
0.35518932342529297, 88.78957433288751, 3.0894105345076626, -70.71433781266275, 0.0, 0.0, 0.0, 0.0, 0.0, 0.0
0.3553025722503662, 88.78957433288751, 3.0894105345076626, -70.71433781266275, 0.0, 0.0, 0.0, 0.0, 0.0, 0.0
0.37154698371887207, 88.78957433288751, 3.0894105345076626, -70.71433781266275, 0.0, 0.0, 0.0, 0.0, 0.0, 0.0
0.3716585636138916, 88.78957433288751, 3.0894105345076626, -70.71433781266275, 0.0, 0.0, 0.0, 0.0, 0.0, 0.0
0.3886983394622803, 88.78957433288751, 3.0894105345076626, -70.71433781266275, 0.0, 0.0, 0.0, 0.0, 0.0, 0.0
0.3888111114501953, 88.78957433288751, 3.0894105345076626, -70.71433781266275, 0.0, 0.0, 0.0, 0.0, 0.0, 0.0
0.40506649017333984, 88.78957433288751, 3.0894105345076626, -70.71433781266275, 0.0, 0.0, 0.0, 0.0, 0.0, 0.0
0.40517425537109375, 88.78957433288751, 3.0894105345076626, -70.71433781266275, 0.0, 0.0, 0.0, 0.0, 0.0, 0.0
0.4564507007598877, 88.78957433288751, 3.0894105345076626, -70.71433781266275, 0.0, 0.0, 0.0, 0.0, 0.0, 0.0
0.4568049907684326, 88.78957433288751, 3.0894105345076626, -70.71433781266275, 0.0, 0.0, 0.0, 0.0, 0.0, 0.0
0.4820213317871094, 88.78957433288751, 3.0894105345076626, -70.71433781266275, 0.0, 0.0, 0.0, 0.0, 0.0, 0.0
0.4822261333465576, 88.78957433288751, 3.0894105345076626, -70.71433781266275, 0.0, 0.0, 0.0, 0.0, 0.0, 0.0
0.4993925094604492, 88.78957433288751, 3.0894105345076626, -70.71433781266275, 0.0, 0.0, 0.0, 0.0, 0.0, 0.0
0.499525785446167, 88.78957433288751, 3.0894105345076626, -70.71433781266275, 0.0, 0.0, 0.0, 0.0, 0.0, 0.0
0.5215606689453125, 88.78957433288751, 3.0894105345076626, -70.71433781266275, 0.0, 0.0, 0.0, 0.0, 0.0, 0.0
0.5216758251190186, 88.78957433288751, 3.0894105345076626, -70.71433781266275, 0.0, 0.0, 0.0, 0.0, 0.0, 0.0
0.5387661457061768, 88.78957433288751, 3.0894105345076626, -70.71433781266275, 0.0, 0.0, 0.0, 0.0, 0.0, 0.0
0.5388798713684082, 88.78957433288751, 3.0894105345076626, -70.71433781266275, 0.0, 0.0, 0.0, 0.0, 0.0, 0.0
0.5717673301696777, 88.78957433288751, 3.0894105345076626, -70.71433781266275, 0.0, 0.0, 0.0, 0.0, 0.0, 0.0
0.5718944072723389, 88.78957433288751, 3.0894105345076626, -70.71433781266275, 0.0, 0.0, 0.0, 0.0, 0.0, 0.0
0.5881640911102295, 88.78957433288751, 3.0894105345076626, -70.71433781266275, 0.0, 0.0, 0.0, 0.0, 0.0, 0.0
0.5882768630981445, 88.78957433288751, 3.0894105345076626, -70.71433781266275, 0.0, 0.0, 0.0, 0.0, 0.0, 0.0
0.6057479381561279, 88.78957433288751, 3.0894105345076626, -70.71433781266275, 0.0, 0.0, 0.0, 0.0, 0.0, 0.0
0.6058633327484131, 88.78957433288751, 3.0894105345076626, -70.71433781266275, 0.0, 0.0, 0.0, 0.0, 0.0, 0.0
0.622173547744751, 88.78957433288751, 3.0894105345076626, -70.71433781266275, 0.0, 0.0, 0.0, 0.0, 0.0, 0.0
0.622286319732666, 88.78957433288751, 3.0894105345076626, -70.71433781266275, 0.0, 0.0, 0.0, 0.0, 0.0, 0.0
0.6389732360839844, 88.78957433288751, 3.0894105345076626, -70.71433781266275, 0.0, 0.0, 0.0, 0.0, 0.0, 0.0
0.6390841007232666, 88.78957433288751, 3.0894105345076626, -70.71433781266275, 0.0, 0.0, 0.0, 0.0, 0.0, 0.0
0.6718964576721191, 88.78957433288751, 3.0894105345076626, -70.71433781266275, 0.0, 0.0, 0.0, 0.0, 0.0, 0.0
0.6720106601715088, 88.78957433288751, 3.0894105345076626, -70.71433781266275, 0.0, 0.0, 0.0, 0.0, 0.0, 0.0
0.6886100769042969, 88.78957433288751, 3.0894105345076626, -70.71433781266275, 0.0, 0.0, 0.0, 0.0, 0.0, 0.0
0.6887331008911133, 88.78957433288751, 3.0894105345076626, -70.71433781266275, 0.0, 0.0, 0.0, 0.0, 0.0, 0.0
0.7051565647125244, 88.78957433288751, 3.0894105345076626, -70.71433781266275, 0.0, 0.0, 0.0, 0.0, 0.0, 0.0
0.7052717208862305, 88.78957433288751, 3.0894105345076626, -70.71433781266275, 0.0, 0.0, 0.0, 0.0, 0.0, 0.0
0.7220144271850586, 88.78957433288751, 3.0894105345076626, -70.71433781266275, 0.0, 0.0, 0.0, 0.0, 0.0, 0.0
0.7221276760101318, 88.78957433288751, 3.0894105345076626, -70.71433781266275, 0.0, 0.0, 0.0, 0.0, 0.0, 0.0
0.7387087345123291, 88.78957433288751, 3.0894105345076626, -70.71433781266275, 0.0, 0.0, 0.0, 0.0, 0.0, 0.0
0.7388215065002441, 88.78957433288751, 3.0894105345076626, -70.71433781266275, 0.0, 0.0, 0.0, 0.0, 0.0, 0.0
0.7718973159790039, 88.78957433288751, 3.0894105345076626, -70.71433781266275, 0.0, 0.0, 0.0, 0.0, 0.0, 0.0
0.7720096111297607, 88.78957433288751, 3.0894105345076626, -70.71433781266275, 0.0, 0.0, 0.0, 0.0, 0.0, 0.0
0.7883093357086182, 88.78957433288751, 3.0894105345076626, -70.71433781266275, 0.0, 0.0, 0.0, 0.0, 0.0, 0.0
0.7884180545806885, 88.78957433288751, 3.0894105345076626, -70.71433781266275, 0.0, 0.0, 0.0, 0.0, 0.0, 0.0
0.8052921295166016, 88.78957433288751, 3.0894105345076626, -70.71433781266275, 0.0, 0.0, 0.0, 0.0, 0.0, 0.0
0.8054075241088867, 88.78957433288751, 3.0894105345076626, -70.71433781266275, 0.0, 0.0, 0.0, 0.0, 0.0, 0.0
0.8220112323760986, 88.78957433288751, 3.0894105345076626, -70.71433781266275, 0.0, 0.0, 0.0, 0.0, 0.0, 0.0
0.8221251964569092, 88.78957433288751, 3.0894105345076626, -70.71433781266275, 0.0, 0.0, 0.0, 0.0, 0.0, 0.0
0.8386585712432861, 88.78957433288751, 3.0894105345076626, -70.71433781266275, 0.0, 0.0, 0.0, 0.0, 0.0, 0.0
0.8387775421142578, 88.78957433288751, 3.0894105345076626, -70.71433781266275, 0.0, 0.0, 0.0, 0.0, 0.0, 0.0
0.8716204166412354, 88.78957433288751, 3.0894105345076626, -70.71433781266275, 0.0, 0.0, 0.0, 0.0, 0.0, 0.0
0.8717405796051025, 88.78957433288751, 3.0894105345076626, -70.71433781266275, 0.0, 0.0, 0.0, 0.0, 0.0, 0.0
0.8885228633880615, 88.78957433288751, 3.0894105345076626, -70.71433781266275, 0.0, 0.0, 0.0, 0.0, 0.0, 0.0
0.8886353969573975, 88.78957433288751, 3.0894105345076626, -70.71433781266275, 0.0, 0.0, 0.0, 0.0, 0.0, 0.0
0.9050681591033936, 88.78957433288751, 3.0894105345076626, -70.71433781266275, 0.0, 0.0, 0.0, 0.0, 0.0, 0.0
0.9051826000213623, 88.78957433288751, 3.0894105345076626, -70.71433781266275, 0.0, 0.0, 0.0, 0.0, 0.0, 0.0
0.9219040870666504, 88.78957433288751, 3.0894105345076626, -70.71433781266275, 0.0, 0.0, 0.0, 0.0, 0.0, 0.0
0.9220154285430908, 88.78957433288751, 3.0894105345076626, -70.71433781266275, 0.0, 0.0, 0.0, 0.0, 0.0, 0.0
0.9387266635894775, 88.78957433288751, 3.0894105345076626, -70.71433781266275, 0.0, 0.0, 0.0, 0.0, 0.0, 0.0
0.9388391971588135, 88.78957433288751, 3.0894105345076626, -70.71433781266275, 0.0, 0.0, 0.0, 0.0, 0.0, 0.0
0.9719069004058838, 88.78957433288751, 3.0894105345076626, -70.71433781266275, 0.0, 0.0, 0.0, 0.0, 0.0, 0.0
0.9720196723937988, 88.78957433288751, 3.0894105345076626, -70.71433781266275, 0.0, 0.0, 0.0, 0.0, 0.0, 0.0
0.9886207580566406, 88.78957433288751, 3.0894105345076626, -70.71433781266275, 0.0, 0.0, 0.0, 0.0, 0.0, 0.0
0.9887418746948242, 88.78957433288751, 3.0894105345076626, -70.71433781266275, 0.0, 0.0, 0.0, 0.0, 0.0, 0.0
1.005403757095337, 88.78957433288751, 3.0894105345076626, -70.71433781266275, 0.0, 0.0, 0.0, 0.0, 0.0, 0.0
1.0055248737335205, 88.78957433288751, 3.0894105345076626, -70.71433781266275, 0.0, 0.0, 0.0, 0.0, 0.0, 0.0
1.0214362144470215, 88.78957433288751, 3.0894105345076626, -70.71433781266275, 0.0, 0.0, 0.0, 0.0, 0.0, 0.0
1.0215516090393066, 88.78957433288751, 3.0894105345076626, -70.71433781266275, 0.0, 0.0, 0.0, 0.0, 0.0, 0.0
1.0383634567260742, 88.78957433288751, 3.0894105345076626, -70.71433781266275, 0.0, 0.0, 0.0, 0.0, 0.0, 0.0
1.0384726524353027, 88.78957433288751, 3.0894105345076626, -70.71433781266275, 0.0, 0.0, 0.0, 0.0, 0.0, 0.0
1.0718772411346436, 88.78957433288751, 3.0894105345076626, -70.71433781266275, 0.0, 0.0, 0.0, 0.0, 0.0, 0.0
1.0719892978668213, 88.78957433288751, 3.0894105345076626, -70.71433781266275, 0.0, 0.0, 0.0, 0.0, 0.0, 0.0
1.0892055034637451, 88.78957433288751, 3.0894105345076626, -70.71433781266275, 0.0, 0.0, 0.0, 0.0, 0.0, 0.0
1.0893182754516602, 88.78957433288751, 3.0894105345076626, -70.71433781266275, 0.0, 0.0, 0.0, 0.0, 0.0, 0.0
1.1057007312774658, 88.78957433288751, 3.0894105345076626, -70.71433781266275, 0.0, 0.0, 0.0, 0.0, 0.0, 0.0
1.1058166027069092, 88.78957433288751, 3.0894105345076626, -70.71433781266275, 0.0, 0.0, 0.0, 0.0, 0.0, 0.0
1.1221675872802734, 88.78957433288751, 3.0894105345076626, -70.71433781266275, 0.0, 0.0, 0.0, 0.0, 0.0, 0.0
1.122279405593872, 88.78957433288751, 3.0894105345076626, -70.71433781266275, 0.0, 0.0, 0.0, 0.0, 0.0, 0.0
1.1393303871154785, 88.78957433288751, 3.0894105345076626, -70.71433781266275, 0.0, 0.0, 0.0, 0.0, 0.0, 0.0
1.1394424438476562, 88.78957433288751, 3.0894105345076626, -70.71433781266275, 0.0, 0.0, 0.0, 0.0, 0.0, 0.0
1.1720452308654785, 88.78957433288751, 3.0894105345076626, -70.71433781266275, 0.0, 0.0, 0.0, 0.0, 0.0, 0.0
1.1721510887145996, 88.78957433288751, 3.0894105345076626, -70.71433781266275, 0.0, 0.0, 0.0, 0.0, 0.0, 0.0
1.188340425491333, 88.78957433288751, 3.0894105345076626, -70.71433781266275, 0.0, 0.0, 0.0, 0.0, 0.0, 0.0
1.1884486675262451, 88.78957433288751, 3.0894105345076626, -70.71433781266275, 0.0, 0.0, 0.0, 0.0, 0.0, 0.0
1.2051641941070557, 88.78957433288751, 3.0894105345076626, -70.71433781266275, 0.0, 0.0, 0.0, 0.0, 0.0, 0.0
1.205270528793335, 88.78957433288751, 3.0894105345076626, -70.71433781266275, 0.0, 0.0, 0.0, 0.0, 0.0, 0.0
1.222109317779541, 88.78957433288751, 3.0894105345076626, -70.71433781266275, 0.0, 0.0, 0.0, 0.0, 0.0, 0.0
1.2222163677215576, 88.78957433288751, 3.0894105345076626, -70.71433781266275, 0.0, 0.0, 0.0, 0.0, 0.0, 0.0
1.2385003566741943, 88.78957433288751, 3.0894105345076626, -70.71433781266275, 0.0, 0.0, 0.0, 0.0, 0.0, 0.0
1.2386043071746826, 88.78957433288751, 3.0894105345076626, -70.71433781266275, 0.0, 0.0, 0.0, 0.0, 0.0, 0.0
1.2563481330871582, 88.78957433288751, 3.0894105345076626, -70.71433781266275, 0.0, 0.0, 0.0, 0.0, 0.0, 0.0
1.256458044052124, 88.78957433288751, 3.0894105345076626, -70.71433781266275, 0.0, 0.0, 0.0, 0.0, 0.0, 0.0
1.288461685180664, 88.78957433288751, 3.0894105345076626, -70.71433781266275, 0.0, 0.0, 0.0, 0.0, 0.0, 0.0
1.288569450378418, 88.78957433288751, 3.0894105345076626, -70.71433781266275, 0.0, 0.0, 0.0, 0.0, 0.0, 0.0
1.3052773475646973, 88.78957433288751, 3.0894105345076626, -70.71433781266275, 0.0, 0.0, 0.0, 0.0, 0.0, 0.0
1.3053836822509766, 88.78957433288751, 3.0894105345076626, -70.71433781266275, 0.0, 0.0, 0.0, 0.0, 0.0, 0.0
1.3218772411346436, 88.78957433288751, 3.0894105345076626, -70.71433781266275, 0.0, 0.0, 0.0, 0.0, 0.0, 0.0
1.321995735168457, 88.78957433288751, 3.0894105345076626, -70.71433781266275, 0.0, 0.0, 0.0, 0.0, 0.0, 0.0
1.338470697402954, 88.78957433288751, 3.0894105345076626, -70.71433781266275, 0.0, 0.0, 0.0, 0.0, 0.0, 0.0
1.3385813236236572, 88.78957433288751, 3.0894105345076626, -70.71433781266275, 0.0, 0.0, 0.0, 0.0, 0.0, 0.0
1.356367588043213, 88.78957433288751, 3.0894105345076626, -70.71433781266275, 0.0, 0.0, 0.0, 0.0, 0.0, 0.0
1.3564708232879639, 88.78957433288751, 3.0894105345076626, -70.71433781266275, 0.0, 0.0, 0.0, 0.0, 0.0, 0.0
1.3882219791412354, 88.78957433288751, 3.0894105345076626, -70.71433781266275, 0.0, 0.0, 0.0, 0.0, 0.0, 0.0
1.388334035873413, 88.78957433288751, 3.0894105345076626, -70.71433781266275, 0.0, 0.0, 0.0, 0.0, 0.0, 0.0
1.4051902294158936, 88.78957433288751, 3.0894105345076626, -70.71433781266275, 0.0, 0.0, 0.0, 0.0, 0.0, 0.0
1.4052972793579102, 88.78957433288751, 3.0894105345076626, -70.71433781266275, 0.0, 0.0, 0.0, 0.0, 0.0, 0.0
1.422015905380249, 88.78957433288751, 3.0894105345076626, -70.71433781266275, 0.0, 0.0, 0.0, 0.0, 0.0, 0.0
1.4221246242523193, 88.78957433288751, 3.0894105345076626, -70.71433781266275, 0.0, 0.0, 0.0, 0.0, 0.0, 0.0
1.4386425018310547, 88.78957433288751, 3.0894105345076626, -70.71433781266275, 0.0, 0.0, 0.0, 0.0, 0.0, 0.0
1.438788652420044, 88.78957433288751, 3.0894105345076626, -70.71433781266275, 0.0, 0.0, 0.0, 0.0, 0.0, 0.0
1.456195592880249, 88.78957433288751, 3.0894105345076626, -70.71433781266275, 0.0, 0.0, 0.0, 0.0, 0.0, 0.0
1.4562976360321045, 88.78957433288751, 3.0894105345076626, -70.71433781266275, 0.0, 0.0, 0.0, 0.0, 0.0, 0.0
1.488497018814087, 88.78957433288751, 3.0894105345076626, -70.71433781266275, 0.0, 0.0, 0.0, 0.0, 0.0, 0.0
1.4886105060577393, 88.78957433288751, 3.0894105345076626, -70.71433781266275, 0.0, 0.0, 0.0, 0.0, 0.0, 0.0
1.505140781402588, 88.78957433288751, 3.0894105345076626, -70.71433781266275, 0.0, 0.0, 0.0, 0.0, 0.0, 0.0
1.5052547454833984, 88.78957433288751, 3.0894105345076626, -70.71433781266275, 0.0, 0.0, 0.0, 0.0, 0.0, 0.0
1.521925449371338, 88.78957433288751, 3.0894105345076626, -70.71433781266275, 0.0, 0.0, 0.0, 0.0, 0.0, 0.0
1.5220391750335693, 88.78957433288751, 3.0894105345076626, -70.71433781266275, 0.0, 0.0, 0.0, 0.0, 0.0, 0.0
1.5389204025268555, 88.78957433288751, 3.0894105345076626, -70.71433781266275, 0.0, 0.0, 0.0, 0.0, 0.0, 0.0
1.5390305519104004, 88.78957433288751, 3.0894105345076626, -70.71433781266275, 0.0, 0.0, 0.0, 0.0, 0.0, 0.0
1.587108850479126, 88.78957433288751, 3.0894105345076626, -70.71433781266275, 0.0, 0.0, 0.0, 0.0, 0.0, 0.0
1.5873775482177734, 88.78957433288751, 3.0894105345076626, -70.71433781266275, 0.0, 0.0, 0.0, 0.0, 0.0, 0.0
1.6052663326263428, 88.78957433288751, 3.0894105345076626, -70.71433781266275, 0.0, 0.0, 0.0, 0.0, 0.0, 0.0
1.6054015159606934, 88.78957433288751, 3.0894105345076626, -70.71433781266275, 0.0, 0.0, 0.0, 0.0, 0.0, 0.0
1.624298095703125, 88.78957433288751, 3.0894105345076626, -70.71433781266275, 0.0, 0.0, 0.0, 0.0, 0.0, 0.0
1.6244118213653564, 88.78957433288751, 3.0894105345076626, -70.71433781266275, 0.0, 0.0, 0.0, 0.0, 0.0, 0.0
1.6555750370025635, 88.78957433288751, 3.0894105345076626, -70.71433781266275, 0.0, 0.0, 0.0, 0.0, 0.0, 0.0
1.655705213546753, 88.78957433288751, 3.0894105345076626, -70.71433781266275, 0.0, 0.0, 0.0, 0.0, 0.0, 0.0
1.672391414642334, 88.78957433288751, 3.0894105345076626, -70.71433781266275, 0.0, 0.0, 0.0, 0.0, 0.0, 0.0
1.6725187301635742, 88.78957433288751, 3.0894105345076626, -70.71433781266275, 0.0, 0.0, 0.0, 0.0, 0.0, 0.0
1.6890504360198975, 88.78957433288751, 3.0894105345076626, -70.71433781266275, 0.0, 0.0, 0.0, 0.0, 0.0, 0.0
1.6891748905181885, 88.78957433288751, 3.0894105345076626, -70.71433781266275, 0.0, 0.0, 0.0, 0.0, 0.0, 0.0
1.7053558826446533, 88.78957433288751, 3.0894105345076626, -70.71433781266275, 0.0, 0.0, 0.0, 0.0, 0.0, 0.0
1.705465316772461, 88.78957433288751, 3.0894105345076626, -70.71433781266275, 0.0, 0.0, 0.0, 0.0, 0.0, 0.0
1.723731279373169, 88.78957433288751, 3.0894105345076626, -70.71433781266275, 0.0, 0.0, 0.0, 0.0, 0.0, 0.0
1.7238328456878662, 88.78957433288751, 3.0894105345076626, -70.71433781266275, 0.0, 0.0, 0.0, 0.0, 0.0, 0.0
1.7550365924835205, 88.78957433288751, 3.0894105345076626, -70.71433781266275, 0.0, 0.0, 0.0, 0.0, 0.0, 0.0
1.7551467418670654, 88.78957433288751, 3.0894105345076626, -70.71433781266275, 0.0, 0.0, 0.0, 0.0, 0.0, 0.0
1.7718405723571777, 88.78957433288751, 3.0894105345076626, -70.71433781266275, 0.0, 0.0, 0.0, 0.0, 0.0, 0.0
1.7719483375549316, 88.78957433288751, 3.0894105345076626, -70.71433781266275, 0.0, 0.0, 0.0, 0.0, 0.0, 0.0
1.7883038520812988, 88.78957433288751, 3.0894105345076626, -70.71433781266275, 0.0, 0.0, 0.0, 0.0, 0.0, 0.0
1.7884085178375244, 88.78957433288751, 3.0894105345076626, -70.71433781266275, 0.0, 0.0, 0.0, 0.0, 0.0, 0.0
1.8049840927124023, 88.78957433288751, 3.0894105345076626, -70.71433781266275, 0.0, 0.0, 0.0, 0.0, 0.0, 0.0
1.8050892353057861, 88.78957433288751, 3.0894105345076626, -70.71433781266275, 0.0, 0.0, 0.0, 0.0, 0.0, 0.0
1.8386132717132568, 88.78957433288751, 3.0894105345076626, -70.71433781266275, 0.0, 0.0, 0.0, 0.0, 0.0, 0.0
1.8387248516082764, 88.78957433288751, 3.0894105345076626, -70.71433781266275, 0.0, 0.0, 0.0, 0.0, 0.0, 0.0
1.8554048538208008, 88.78957433288751, 3.0894105345076626, -70.71433781266275, 0.0, 0.0, 0.0, 0.0, 0.0, 0.0
1.8555138111114502, 88.78957433288751, 3.0894105345076626, -70.71433781266275, 0.0, 0.0, 0.0, 0.0, 0.0, 0.0
1.872222661972046, 88.78957433288751, 3.0894105345076626, -70.71433781266275, 0.0, 0.0, 0.0, 0.0, 0.0, 0.0
1.872330904006958, 88.78957433288751, 3.0894105345076626, -70.71433781266275, 0.0, 0.0, 0.0, 0.0, 0.0, 0.0
1.8883295059204102, 88.78957433288751, 3.0894105345076626, -70.71433781266275, 0.0, 0.0, 0.0, 0.0, 0.0, 0.0
1.8884327411651611, 88.78957433288751, 3.0894105345076626, -70.71433781266275, 0.0, 0.0, 0.0, 0.0, 0.0, 0.0
1.9053456783294678, 88.78957433288751, 3.0894105345076626, -70.71433781266275, 0.0, 0.0, 0.0, 0.0, 0.0, 0.0
1.9054546356201172, 88.78957433288751, 3.0894105345076626, -70.71433781266275, 0.0, 0.0, 0.0, 0.0, 0.0, 0.0
1.924135684967041, 88.78957433288751, 3.0894105345076626, -70.71433781266275, 0.0, 0.0, 0.0, 0.0, 0.0, 0.0
1.9242398738861084, 88.78957433288751, 3.0894105345076626, -70.71433781266275, 0.0, 0.0, 0.0, 0.0, 0.0, 0.0
1.9553120136260986, 88.78957433288751, 3.0894105345076626, -70.71433781266275, 0.0, 0.0, 0.0, 0.0, 0.0, 0.0
1.9554197788238525, 88.78957433288751, 3.0894105345076626, -70.71433781266275, 0.0, 0.0, 0.0, 0.0, 0.0, 0.0
1.9716236591339111, 88.78957433288751, 3.0894105345076626, -70.71433781266275, 0.0, 0.0, 0.0, 0.0, 0.0, 0.0
1.9717707633972168, 88.78957433288751, 3.0894105345076626, -70.71433781266275, 0.0, 0.0, 0.0, 0.0, 0.0, 0.0
1.9887480735778809, 88.78957433288751, 3.0894105345076626, -70.71433781266275, 0.0, 0.0, 0.0, 0.0, 0.0, 0.0
1.9888570308685303, 88.78957433288751, 3.0894105345076626, -70.71433781266275, 0.0, 0.0, 0.0, 0.0, 0.0, 0.0
2.0052571296691895, 88.78957433288751, 3.0894105345076626, -70.71433781266275, 0.0, 0.0, 0.0, 0.0, 0.0, 0.0
2.0053653717041016, 88.78957433288751, 3.0894105345076626, -70.71433781266275, 0.0, 0.0, 0.0, 0.0, 0.0, 0.0
2.0236964225769043, 88.78957433288751, 3.0894105345076626, -70.71433781266275, 0.0, 0.0, 0.0, 0.0, 0.0, 0.0
2.0238113403320312, 88.78957433288751, 3.0894105345076626, -70.71433781266275, 0.0, 0.0, 0.0, 0.0, 0.0, 0.0
2.05490779876709, 88.78957433288751, 3.0894105345076626, -70.71433781266275, 0.0, 0.0, 0.0, 0.0, 0.0, 0.0
2.055018186569214, 88.78957433288751, 3.0894105345076626, -70.71433781266275, 0.0, 0.0, 0.0, 0.0, 0.0, 0.0
2.0719187259674072, 88.78957433288751, 3.0894105345076626, -70.71433781266275, 0.0, 0.0, 0.0, 0.0, 0.0, 0.0
2.072033643722534, 88.78957433288751, 3.0894105345076626, -70.71433781266275, 0.0, 0.0, 0.0, 0.0, 0.0, 0.0
2.0883424282073975, 88.78957433288751, 3.0894105345076626, -70.71433781266275, 0.0, 0.0, 0.0, 0.0, 0.0, 0.0
2.088454484939575, 88.78957433288751, 3.0894105345076626, -70.71433781266275, 0.0, 0.0, 0.0, 0.0, 0.0, 0.0
2.1052565574645996, 88.78957433288751, 3.0894105345076626, -70.71433781266275, 0.0, 0.0, 0.0, 0.0, 0.0, 0.0
2.1053695678710938, 88.78957433288751, 3.0894105345076626, -70.71433781266275, 0.0, 0.0, 0.0, 0.0, 0.0, 0.0
2.1385064125061035, 88.78957433288751, 3.0894105345076626, -70.71433781266275, 0.0, 0.0, 0.0, 0.0, 0.0, 0.0
2.138620376586914, 88.78957433288751, 3.0894105345076626, -70.71433781266275, 0.0, 0.0, 0.0, 0.0, 0.0, 0.0
2.1546378135681152, 88.78957433288751, 3.0894105345076626, -70.71433781266275, 0.0, 0.0, 0.0, 0.0, 0.0, 0.0
2.1547558307647705, 88.78957433288751, 3.0894105345076626, -70.71433781266275, 0.0, 0.0, 0.0, 0.0, 0.0, 0.0
2.171823740005493, 88.78957433288751, 3.0894105345076626, -70.71433781266275, 0.0, 0.0, 0.0, 0.0, 0.0, 0.0
2.1719377040863037, 88.78957433288751, 3.0894105345076626, -70.71433781266275, 0.0, 0.0, 0.0, 0.0, 0.0, 0.0
2.1885645389556885, 88.78957433288751, 3.0894105345076626, -70.71433781266275, 0.0, 0.0, 0.0, 0.0, 0.0, 0.0
2.188680648803711, 88.78957433288751, 3.0894105345076626, -70.71433781266275, 0.0, 0.0, 0.0, 0.0, 0.0, 0.0
2.2053353786468506, 88.78957433288751, 3.0894105345076626, -70.71433781266275, 0.0, 0.0, 0.0, 0.0, 0.0, 0.0
2.20544695854187, 88.78957433288751, 3.0894105345076626, -70.71433781266275, 0.0, 0.0, 0.0, 0.0, 0.0, 0.0
2.2386248111724854, 88.78957433288751, 3.0894105345076626, -70.71433781266275, 0.0, 0.0, 0.0, 0.0, 0.0, 0.0
2.238741397857666, 88.78957433288751, 3.0894105345076626, -70.71433781266275, 0.0, 0.0, 0.0, 0.0, 0.0, 0.0
2.2556779384613037, 88.78957433288751, 3.0894105345076626, -70.71433781266275, 0.0, 0.0, 0.0, 0.0, 0.0, 0.0
2.2558062076568604, 88.78957433288751, 3.0894105345076626, -70.71433781266275, 0.0, 0.0, 0.0, 0.0, 0.0, 0.0
2.2718443870544434, 88.78957433288751, 3.0894105345076626, -70.71433781266275, 0.0, 0.0, 0.0, 0.0, 0.0, 0.0
2.2719554901123047, 88.78957433288751, 3.0894105345076626, -70.71433781266275, 0.0, 0.0, 0.0, 0.0, 0.0, 0.0
2.288208246231079, 88.78957433288751, 3.0894105345076626, -70.71433781266275, 0.0, 0.0, 0.0, 0.0, 0.0, 0.0
2.2883172035217285, 88.78957433288751, 3.0894105345076626, -70.71433781266275, 0.0, 0.0, 0.0, 0.0, 0.0, 0.0
2.3053908348083496, 88.78957433288751, 3.0894105345076626, -70.71433781266275, 0.0, 0.0, 0.0, 0.0, 0.0, 0.0
2.305501699447632, 88.78957433288751, 3.0894105345076626, -70.71433781266275, 0.0, 0.0, 0.0, 0.0, 0.0, 0.0
2.3384358882904053, 88.78957433288751, 3.0894105345076626, -70.71433781266275, 0.0, 0.0, 0.0, 0.0, 0.0, 0.0
2.338547468185425, 88.78957433288751, 3.0894105345076626, -70.71433781266275, 0.0, 0.0, 0.0, 0.0, 0.0, 0.0
2.3552258014678955, 88.78957433288751, 3.0894105345076626, -70.71433781266275, 0.0, 0.0, 0.0, 0.0, 0.0, 0.0
2.3553380966186523, 88.78957433288751, 3.0894105345076626, -70.71433781266275, 0.0, 0.0, 0.0, 0.0, 0.0, 0.0
2.371905565261841, 88.78957433288751, 3.0894105345076626, -70.71433781266275, 0.0, 0.0, 0.0, 0.0, 0.0, 0.0
2.372020959854126, 88.78957433288751, 3.0894105345076626, -70.71433781266275, 0.0, 0.0, 0.0, 0.0, 0.0, 0.0
2.3884270191192627, 88.78957433288751, 3.0894105345076626, -70.71433781266275, 0.0, 0.0, 0.0, 0.0, 0.0, 0.0
2.388535499572754, 88.78957433288751, 3.0894105345076626, -70.71433781266275, 0.0, 0.0, 0.0, 0.0, 0.0, 0.0
2.4053773880004883, 88.78957433288751, 3.0894105345076626, -70.71433781266275, 0.0, 0.0, 0.0, 0.0, 0.0, 0.0
2.4054923057556152, 88.78957433288751, 3.0894105345076626, -70.71433781266275, 0.0, 0.0, 0.0, 0.0, 0.0, 0.0
2.438681125640869, 88.78957433288751, 3.0894105345076626, -70.71433781266275, 0.0, 0.0, 0.0, 0.0, 0.0, 0.0
2.438796043395996, 88.78957433288751, 3.0894105345076626, -70.71433781266275, 0.0, 0.0, 0.0, 0.0, 0.0, 0.0
2.4554665088653564, 88.78957433288751, 3.0894105345076626, -70.71433781266275, 0.0, 0.0, 0.0, 0.0, 0.0, 0.0
2.4555859565734863, 88.78957433288751, 3.0894105345076626, -70.71433781266275, 0.0, 0.0, 0.0, 0.0, 0.0, 0.0
2.4713923931121826, 88.78957433288751, 3.0894105345076626, -70.71433781266275, 0.0, 0.0, 0.0, 0.0, 0.0, 0.0
2.4715075492858887, 88.78957433288751, 3.0894105345076626, -70.71433781266275, 0.0, 0.0, 0.0, 0.0, 0.0, 0.0
2.4883084297180176, 88.78957433288751, 3.0894105345076626, -70.71433781266275, 0.0, 0.0, 0.0, 0.0, 0.0, 0.0
2.488416910171509, 88.78957433288751, 3.0894105345076626, -70.71433781266275, 0.0, 0.0, 0.0, 0.0, 0.0, 0.0
2.504974603652954, 88.78957433288751, 3.0894105345076626, -70.71433781266275, 0.0, 0.0, 0.0, 0.0, 0.0, 0.0
2.505082368850708, 88.78957433288751, 3.0894105345076626, -70.71433781266275, 0.0, 0.0, 0.0, 0.0, 0.0, 0.0
2.555724620819092, 88.78957433288751, 3.0894105345076626, -70.71433781266275, 0.0, 0.0, 0.0, 0.0, 0.0, 0.0
2.5561861991882324, 88.78957433288751, 3.0894105345076626, -70.71433781266275, 0.0, 0.0, 0.0, 0.0, 0.0, 0.0
2.580507278442383, 88.78957433288751, 3.0894105345076626, -70.71433781266275, 0.0, 0.0, 0.0, 0.0, 0.0, 0.0
2.580717086791992, 88.78957433288751, 3.0894105345076626, -70.71433781266275, 0.0, 0.0, 0.0, 0.0, 0.0, 0.0
2.6005866527557373, 88.78957433288751, 3.0894105345076626, -70.71433781266275, 0.0, 0.0, 0.0, 0.0, 0.0, 0.0
2.6007635593414307, 88.78957433288751, 3.0894105345076626, -70.71433781266275, 0.0, 0.0, 0.0, 0.0, 0.0, 0.0
2.6191041469573975, 88.78957433288751, 3.0894105345076626, -70.71433781266275, 0.0, 0.0, 0.0, 0.0, 0.0, 0.0
2.619253158569336, 88.78957433288751, 3.0894105345076626, -70.71433781266275, 0.0, 0.0, 0.0, 0.0, 0.0, 0.0
2.6397738456726074, 88.78957433288751, 3.0894105345076626, -70.71433781266275, 0.0, 0.0, 0.0, 0.0, 0.0, 0.0
2.639923095703125, 88.78957433288751, 3.0894105345076626, -70.71433781266275, 0.0, 0.0, 0.0, 0.0, 0.0, 0.0
2.6737282276153564, 88.78957433288751, 3.0894105345076626, -70.71433781266275, 0.0, 0.0, 0.0, 0.0, 0.0, 0.0
2.673877000808716, 88.78957433288751, 3.0894105345076626, -70.71433781266275, 0.0, 0.0, 0.0, 0.0, 0.0, 0.0
2.6899490356445312, 88.78957433288751, 3.0894105345076626, -70.71433781266275, 0.0, 0.0, 0.0, 0.0, 0.0, 0.0
2.690075159072876, 88.78957433288751, 3.0894105345076626, -70.71433781266275, 0.0, 0.0, 0.0, 0.0, 0.0, 0.0
2.7052836418151855, 88.78957433288751, 3.0894105345076626, -70.71433781266275, 0.0, 0.0, 0.0, 0.0, 0.0, 0.0
2.7053892612457275, 88.78957433288751, 3.0894105345076626, -70.71433781266275, 0.0, 0.0, 0.0, 0.0, 0.0, 0.0
2.721851110458374, 88.78957433288751, 3.0894105345076626, -70.71433781266275, 0.0, 0.0, 0.0, 0.0, 0.0, 0.0
2.721957206726074, 88.78957433288751, 3.0894105345076626, -70.71433781266275, 0.0, 0.0, 0.0, 0.0, 0.0, 0.0
2.738637924194336, 88.78957433288751, 3.0894105345076626, -70.71433781266275, 0.0, 0.0, 0.0, 0.0, 0.0, 0.0
2.7387471199035645, 88.78957433288751, 3.0894105345076626, -70.71433781266275, 0.0, 0.0, 0.0, 0.0, 0.0, 0.0
2.7718358039855957, 88.78957433288751, 3.0894105345076626, -70.71433781266275, 0.0, 0.0, 0.0, 0.0, 0.0, 0.0
2.7719428539276123, 88.78957433288751, 3.0894105345076626, -70.71433781266275, 0.0, 0.0, 0.0, 0.0, 0.0, 0.0
2.7886300086975098, 88.78957433288751, 3.0894105345076626, -70.71433781266275, 0.0, 0.0, 0.0, 0.0, 0.0, 0.0
2.7887771129608154, 88.78957433288751, 3.0894105345076626, -70.71433781266275, 0.0, 0.0, 0.0, 0.0, 0.0, 0.0
2.805152416229248, 88.78957433288751, 3.0894105345076626, -70.71433781266275, 0.0, 0.0, 0.0, 0.0, 0.0, 0.0
2.80526065826416, 88.78957433288751, 3.0894105345076626, -70.71433781266275, 0.0, 0.0, 0.0, 0.0, 0.0, 0.0
2.821928024291992, 88.78957433288751, 3.0894105345076626, -70.71433781266275, 0.0, 0.0, 0.0, 0.0, 0.0, 0.0
2.8220341205596924, 88.78957433288751, 3.0894105345076626, -70.71433781266275, 0.0, 0.0, 0.0, 0.0, 0.0, 0.0
2.8387458324432373, 88.78957433288751, 3.0894105345076626, -70.71433781266275, 0.0, 0.0, 0.0, 0.0, 0.0, 0.0
2.838855266571045, 88.78957433288751, 3.0894105345076626, -70.71433781266275, 0.0, 0.0, 0.0, 0.0, 0.0, 0.0
2.871918201446533, 88.78957433288751, 3.0894105345076626, -70.71433781266275, 0.0, 0.0, 0.0, 0.0, 0.0, 0.0
2.8720240592956543, 88.78957433288751, 3.0894105345076626, -70.71433781266275, 0.0, 0.0, 0.0, 0.0, 0.0, 0.0
2.888096809387207, 88.78957433288751, 3.0894105345076626, -70.71433781266275, 0.0, 0.0, 0.0, 0.0, 0.0, 0.0
2.888200044631958, 88.78957433288751, 3.0894105345076626, -70.71433781266275, 0.0, 0.0, 0.0, 0.0, 0.0, 0.0
2.9050021171569824, 88.78957433288751, 3.0894105345076626, -70.71433781266275, 0.0, 0.0, 0.0, 0.0, 0.0, 0.0
2.905107259750366, 88.78957433288751, 3.0894105345076626, -70.71433781266275, 0.0, 0.0, 0.0, 0.0, 0.0, 0.0
2.92191743850708, 88.78957433288751, 3.0894105345076626, -70.71433781266275, 0.0, 0.0, 0.0, 0.0, 0.0, 0.0
2.922025442123413, 88.78957433288751, 3.0894105345076626, -70.71433781266275, 0.0, 0.0, 0.0, 0.0, 0.0, 0.0
2.938430070877075, 88.78957433288751, 3.0894105345076626, -70.71433781266275, 0.0, 0.0, 0.0, 0.0, 0.0, 0.0
2.9385311603546143, 88.78957433288751, 3.0894105345076626, -70.71433781266275, 0.0, 0.0, 0.0, 0.0, 0.0, 0.0
2.9717092514038086, 88.78957433288751, 3.0894105345076626, -70.71433781266275, 0.0, 0.0, 0.0, 0.0, 0.0, 0.0
2.971825361251831, 88.78957433288751, 3.0894105345076626, -70.71433781266275, 0.0, 0.0, 0.0, 0.0, 0.0, 0.0
2.9881529808044434, 88.78957433288751, 3.0894105345076626, -70.71433781266275, 0.0, 0.0, 0.0, 0.0, 0.0, 0.0
2.9882571697235107, 88.78957433288751, 3.0894105345076626, -70.71433781266275, 0.0, 0.0, 0.0, 0.0, 0.0, 0.0
3.005509853363037, 88.78957433288751, 3.0894105345076626, -70.71433781266275, 0.0, 0.0, 0.0, 0.0, 0.0, 0.0
3.0056183338165283, 88.78957433288751, 3.0894105345076626, -70.71433781266275, 0.0, 0.0, 0.0, 0.0, 0.0, 0.0
3.0218849182128906, 88.78957433288751, 3.0894105345076626, -70.71433781266275, 0.0, 0.0, 0.0, 0.0, 0.0, 0.0
3.021989583969116, 88.78957433288751, 3.0894105345076626, -70.71433781266275, 0.0, 0.0, 0.0, 0.0, 0.0, 0.0
3.038296699523926, 88.78957433288751, 3.0894105345076626, -70.71433781266275, 0.0, 0.0, 0.0, 0.0, 0.0, 0.0
3.0384058952331543, 88.78957433288751, 3.0894105345076626, -70.71433781266275, 0.0, 0.0, 0.0, 0.0, 0.0, 0.0
3.071946859359741, 88.78957433288751, 3.0894105345076626, -70.71433781266275, 0.0, 0.0, 0.0, 0.0, 0.0, 0.0
3.0720584392547607, 88.78957433288751, 3.0894105345076626, -70.71433781266275, 0.0, 0.0, 0.0, 0.0, 0.0, 0.0
3.0882763862609863, 88.78957433288751, 3.0894105345076626, -70.71433781266275, 0.0, 0.0, 0.0, 0.0, 0.0, 0.0
3.0883841514587402, 88.78957433288751, 3.0894105345076626, -70.71433781266275, 0.0, 0.0, 0.0, 0.0, 0.0, 0.0
3.1051783561706543, 88.78957433288751, 3.0894105345076626, -70.71433781266275, 0.0, 0.0, 0.0, 0.0, 0.0, 0.0
3.105290651321411, 88.78957433288751, 3.0894105345076626, -70.71433781266275, 0.0, 0.0, 0.0, 0.0, 0.0, 0.0
3.122012138366699, 88.78957433288751, 3.0894105345076626, -70.71433781266275, 0.0, 0.0, 0.0, 0.0, 0.0, 0.0
3.122124671936035, 88.78957433288751, 3.0894105345076626, -70.71433781266275, 0.0, 0.0, 0.0, 0.0, 0.0, 0.0
3.138580799102783, 88.78957433288751, 3.0894105345076626, -70.71433781266275, 0.0, 0.0, 0.0, 0.0, 0.0, 0.0
3.138686418533325, 88.78957433288751, 3.0894105345076626, -70.71433781266275, 0.0, 0.0, 0.0, 0.0, 0.0, 0.0
3.1565535068511963, 88.78957433288751, 3.0894105345076626, -70.71433781266275, 0.0, 0.0, 0.0, 0.0, 0.0, 0.0
3.15665602684021, 88.78957433288751, 3.0894105345076626, -70.71433781266275, 0.0, 0.0, 0.0, 0.0, 0.0, 0.0
3.188408851623535, 88.78957433288751, 3.0894105345076626, -70.71433781266275, 0.0, 0.0, 0.0, 0.0, 0.0, 0.0
3.1885178089141846, 88.78957433288751, 3.0894105345076626, -70.71433781266275, 0.0, 0.0, 0.0, 0.0, 0.0, 0.0
3.205310583114624, 88.78957433288751, 3.0894105345076626, -70.71433781266275, 0.0, 0.0, 0.0, 0.0, 0.0, 0.0
3.205427408218384, 88.78957433288751, 3.0894105345076626, -70.71433781266275, 0.0, 0.0, 0.0, 0.0, 0.0, 0.0
3.2219955921173096, 88.78957433288751, 3.0894105345076626, -70.71433781266275, 0.0, 0.0, 0.0, 0.0, 0.0, 0.0
3.222100257873535, 88.78957433288751, 3.0894105345076626, -70.71433781266275, 0.0, 0.0, 0.0, 0.0, 0.0, 0.0
3.2387969493865967, 88.78957433288751, 3.0894105345076626, -70.71433781266275, 0.0, 0.0, 0.0, 0.0, 0.0, 0.0
3.2389063835144043, 88.78957433288751, 3.0894105345076626, -70.71433781266275, 0.0, 0.0, 0.0, 0.0, 0.0, 0.0
3.291142225265503, 88.78957433288751, 3.0894105345076626, -70.71433781266275, 0.0, 0.0, 0.0, 0.0, 0.0, 0.0
3.291640281677246, 88.78957433288751, 3.0894105345076626, -70.71433781266275, 0.0, 0.0, 0.0, 0.0, 0.0, 0.0
3.3138110637664795, 88.78957433288751, 3.0894105345076626, -70.71433781266275, 0.0, 0.0, 0.0, 0.0, 0.0, 0.0
3.3139796257019043, 88.78957433288751, 3.0894105345076626, -70.71433781266275, 0.0, 0.0, 0.0, 0.0, 0.0, 0.0
3.3306949138641357, 88.78957433288751, 3.0894105345076626, -70.71433781266275, 0.0, 0.0, 0.0, 0.0, 0.0, 0.0
3.3307952880859375, 88.78957433288751, 3.0894105345076626, -70.71433781266275, 0.0, 0.0, 0.0, 0.0, 0.0, 0.0
3.3553431034088135, 88.78957433288751, 3.0894105345076626, -70.71433781266275, 0.0, 0.0, 0.0, 0.0, 0.0, 0.0
3.3554527759552, 88.78957433288751, 3.0894105345076626, -70.71433781266275, 0.0, 0.0, 0.0, 0.0, 0.0, 0.0
3.3724374771118164, 88.78957433288751, 3.0894105345076626, -70.71433781266275, 0.0, 0.0, 0.0, 0.0, 0.0, 0.0
3.3725459575653076, 88.78957433288751, 3.0894105345076626, -70.71433781266275, 0.0, 0.0, 0.0, 0.0, 0.0, 0.0
3.4055519104003906, 88.78957433288751, 3.0894105345076626, -70.71433781266275, 0.0, 0.0, 0.0, 0.0, 0.0, 0.0
3.4056594371795654, 88.78957433288751, 3.0894105345076626, -70.71433781266275, 0.0, 0.0, 0.0, 0.0, 0.0, 0.0
3.4217073917388916, 88.78957433288751, 3.0894105345076626, -70.71433781266275, 0.0, 0.0, 0.0, 0.0, 0.0, 0.0
3.421823024749756, 88.78957433288751, 3.0894105345076626, -70.71433781266275, 0.0, 0.0, 0.0, 0.0, 0.0, 0.0
3.4386863708496094, 88.78957433288751, 3.0894105345076626, -70.71433781266275, 0.0, 0.0, 0.0, 0.0, 0.0, 0.0
3.4388010501861572, 88.78957433288751, 3.0894105345076626, -70.71433781266275, 0.0, 0.0, 0.0, 0.0, 0.0, 0.0
3.455369472503662, 88.78957433288751, 3.0894105345076626, -70.71433781266275, 0.0, 0.0, 0.0, 0.0, 0.0, 0.0
3.4554803371429443, 88.78957433288751, 3.0894105345076626, -70.71433781266275, 0.0, 0.0, 0.0, 0.0, 0.0, 0.0
3.4715144634246826, 88.78957433288751, 3.0894105345076626, -70.71433781266275, 0.0, 0.0, 0.0, 0.0, 0.0, 0.0
3.4716227054595947, 88.78957433288751, 3.0894105345076626, -70.71433781266275, 0.0, 0.0, 0.0, 0.0, 0.0, 0.0
3.4907689094543457, 88.78957433288751, 3.0894105345076626, -70.71433781266275, 0.0, 0.0, 0.0, 0.0, 0.0, 0.0
3.490874767303467, 88.78957433288751, 3.0894105345076626, -70.71433781266275, 0.0, 0.0, 0.0, 0.0, 0.0, 0.0
3.5217666625976562, 88.78957433288751, 3.0894105345076626, -70.71433781266275, 0.0, 0.0, 0.0, 0.0, 0.0, 0.0
3.5218818187713623, 88.78957433288751, 3.0894105345076626, -70.71433781266275, 0.0, 0.0, 0.0, 0.0, 0.0, 0.0
3.538607597351074, 88.78957433288751, 3.0894105345076626, -70.71433781266275, 0.0, 0.0, 0.0, 0.0, 0.0, 0.0
3.538729190826416, 88.78957433288751, 3.0894105345076626, -70.71433781266275, 0.0, 0.0, 0.0, 0.0, 0.0, 0.0
3.5550525188446045, 88.78957433288751, 3.0894105345076626, -70.71433781266275, 0.0, 0.0, 0.0, 0.0, 0.0, 0.0
3.555156946182251, 88.78957433288751, 3.0894105345076626, -70.71433781266275, 0.0, 0.0, 0.0, 0.0, 0.0, 0.0
3.5718252658843994, 88.78957433288751, 3.0894105345076626, -70.71433781266275, 0.0, 0.0, 0.0, 0.0, 0.0, 0.0
3.5719361305236816, 88.78957433288751, 3.0894105345076626, -70.71433781266275, 0.0, 0.0, 0.0, 0.0, 0.0, 0.0
3.605194568634033, 88.78957433288751, 3.0894105345076626, -70.71433781266275, 0.0, 0.0, 0.0, 0.0, 0.0, 0.0
3.605306386947632, 88.78957433288751, 3.0894105345076626, -70.71433781266275, 0.0, 0.0, 0.0, 0.0, 0.0, 0.0
3.621546506881714, 88.78957433288751, 3.0894105345076626, -70.71433781266275, 0.0, 0.0, 0.0, 0.0, 0.0, 0.0
3.6216533184051514, 88.78957433288751, 3.0894105345076626, -70.71433781266275, 0.0, 0.0, 0.0, 0.0, 0.0, 0.0
3.6386029720306396, 88.78957433288751, 3.0894105345076626, -70.71433781266275, 0.0, 0.0, 0.0, 0.0, 0.0, 0.0
3.638723134994507, 88.78957433288751, 3.0894105345076626, -70.71433781266275, 0.0, 0.0, 0.0, 0.0, 0.0, 0.0
3.6550955772399902, 88.78957433288751, 3.0894105345076626, -70.71433781266275, 0.0, 0.0, 0.0, 0.0, 0.0, 0.0
3.6552085876464844, 88.78957433288751, 3.0894105345076626, -70.71433781266275, 0.0, 0.0, 0.0, 0.0, 0.0, 0.0
3.672058343887329, 88.78957433288751, 3.0894105345076626, -70.71433781266275, 0.0, 0.0, 0.0, 0.0, 0.0, 0.0
3.672165870666504, 88.78957433288751, 3.0894105345076626, -70.71433781266275, 0.0, 0.0, 0.0, 0.0, 0.0, 0.0
3.7049741744995117, 88.78957433288751, 3.0894105345076626, -70.71433781266275, 0.0, 0.0, 0.0, 0.0, 0.0, 0.0
3.7050795555114746, 88.78957433288751, 3.0894105345076626, -70.71433781266275, 0.0, 0.0, 0.0, 0.0, 0.0, 0.0
3.7220020294189453, 88.78957433288751, 3.0894105345076626, -70.71433781266275, 0.0, 0.0, 0.0, 0.0, 0.0, 0.0
3.7221105098724365, 88.78957433288751, 3.0894105345076626, -70.71433781266275, 0.0, 0.0, 0.0, 0.0, 0.0, 0.0
3.7387332916259766, 88.78957433288751, 3.0894105345076626, -70.71433781266275, 0.0, 0.0, 0.0, 0.0, 0.0, 0.0
3.7388367652893066, 88.78957433288751, 3.0894105345076626, -70.71433781266275, 0.0, 0.0, 0.0, 0.0, 0.0, 0.0
3.755256414413452, 88.78957433288751, 3.0894105345076626, -70.71433781266275, 0.0, 0.0, 0.0, 0.0, 0.0, 0.0
3.7553634643554688, 88.78957433288751, 3.0894105345076626, -70.71433781266275, 0.0, 0.0, 0.0, 0.0, 0.0, 0.0
3.771684169769287, 88.78957433288751, 3.0894105345076626, -70.71433781266275, 0.0, 0.0, 0.0, 0.0, 0.0, 0.0
3.7717931270599365, 88.78957433288751, 3.0894105345076626, -70.71433781266275, 0.0, 0.0, 0.0, 0.0, 0.0, 0.0
3.805647850036621, 88.78957433288751, 3.0894105345076626, -70.71433781266275, 0.0, 0.0, 0.0, 0.0, 0.0, 0.0
3.8057663440704346, 88.78957433288751, 3.0894105345076626, -70.71433781266275, 0.0, 0.0, 0.0, 0.0, 0.0, 0.0
3.822533130645752, 88.78957433288751, 3.0894105345076626, -70.71433781266275, 0.0, 0.0, 0.0, 0.0, 0.0, 0.0
3.822646379470825, 88.78957433288751, 3.0894105345076626, -70.71433781266275, 0.0, 0.0, 0.0, 0.0, 0.0, 0.0
3.838826894760132, 88.78957433288751, 3.0894105345076626, -70.71433781266275, 0.0, 0.0, 0.0, 0.0, 0.0, 0.0
3.838937997817993, 88.78957433288751, 3.0894105345076626, -70.71433781266275, 0.0, 0.0, 0.0, 0.0, 0.0, 0.0
3.855851650238037, 88.78957433288751, 3.0894105345076626, -70.71433781266275, 0.0, 0.0, 0.0, 0.0, 0.0, 0.0
3.8559606075286865, 88.78957433288751, 3.0894105345076626, -70.71433781266275, 0.0, 0.0, 0.0, 0.0, 0.0, 0.0
3.8722612857818604, 88.78957433288751, 3.0894105345076626, -70.71433781266275, 0.0, 0.0, 0.0, 0.0, 0.0, 0.0
3.8723666667938232, 88.78957433288751, 3.0894105345076626, -70.71433781266275, 0.0, 0.0, 0.0, 0.0, 0.0, 0.0
3.9049432277679443, 88.78957433288751, 3.0894105345076626, -70.71433781266275, 0.0, 0.0, 0.0, 0.0, 0.0, 0.0
3.9050495624542236, 88.78957433288751, 3.0894105345076626, -70.71433781266275, 0.0, 0.0, 0.0, 0.0, 0.0, 0.0
3.9221932888031006, 88.78957433288751, 3.0894105345076626, -70.71433781266275, 0.0, 0.0, 0.0, 0.0, 0.0, 0.0
3.92229962348938, 88.78957433288751, 3.0894105345076626, -70.71433781266275, 0.0, 0.0, 0.0, 0.0, 0.0, 0.0
3.938354730606079, 88.78957433288751, 3.0894105345076626, -70.71433781266275, 0.0, 0.0, 0.0, 0.0, 0.0, 0.0
3.938462018966675, 88.78957433288751, 3.0894105345076626, -70.71433781266275, 0.0, 0.0, 0.0, 0.0, 0.0, 0.0
3.9550304412841797, 88.78957433288751, 3.0894105345076626, -70.71433781266275, 0.0, 0.0, 0.0, 0.0, 0.0, 0.0
3.9551429748535156, 88.78957433288751, 3.0894105345076626, -70.71433781266275, 0.0, 0.0, 0.0, 0.0, 0.0, 0.0
3.9722299575805664, 88.78957433288751, 3.0894105345076626, -70.71433781266275, 0.0, 0.0, 0.0, 0.0, 0.0, 0.0
3.972339630126953, 88.78957433288751, 3.0894105345076626, -70.71433781266275, 0.0, 0.0, 0.0, 0.0, 0.0, 0.0
3.9908511638641357, 88.78957433288751, 3.0894105345076626, -70.71433781266275, 0.0, 0.0, 0.0, 0.0, 0.0, 0.0
3.9909579753875732, 88.78957433288751, 3.0894105345076626, -70.71433781266275, 0.0, 0.0, 0.0, 0.0, 0.0, 0.0
4.010317087173462, 88.78957433288751, 3.0894105345076626, -70.71433781266275, 0.0, 0.0, 0.0, 0.0, 0.0, 0.0
4.010422468185425, 88.78957433288751, 3.0894105345076626, -70.71433781266275, 0.0, 0.0, 0.0, 0.0, 0.0, 0.0
4.030786037445068, 88.78957433288751, 3.0894105345076626, -70.71433781266275, 0.0, 0.0, 0.0, 0.0, 0.0, 0.0
4.030895948410034, 88.78957433288751, 3.0894105345076626, -70.71433781266275, 0.0, 0.0, 0.0, 0.0, 0.0, 0.0
4.0498621463775635, 88.78957433288751, 3.0894105345076626, -70.71433781266275, 0.0, 0.0, 0.0, 0.0, 0.0, 0.0
4.049962997436523, 88.78957433288751, 3.0894105345076626, -70.71433781266275, 0.0, 0.0, 0.0, 0.0, 0.0, 0.0
4.0710320472717285, 88.78957433288751, 3.0894105345076626, -70.71433781266275, 0.0, 0.0, 0.0, 0.0, 0.0, 0.0
4.0711469650268555, 88.78957433288751, 3.0894105345076626, -70.71433781266275, 0.0, 0.0, 0.0, 0.0, 0.0, 0.0
4.090296983718872, 88.78957433288751, 3.0894105345076626, -70.71433781266275, 0.0, 0.0, 0.0, 0.0, 0.0, 0.0
4.0904035568237305, 88.78957433288751, 3.0894105345076626, -70.71433781266275, 0.0, 0.0, 0.0, 0.0, 0.0, 0.0
4.111029148101807, 88.78957433288751, 3.0894105345076626, -70.71433781266275, 0.0, 0.0, 0.0, 0.0, 0.0, 0.0
4.111138343811035, 88.78957433288751, 3.0894105345076626, -70.71433781266275, 0.0, 0.0, 0.0, 0.0, 0.0, 0.0
4.13824462890625, 88.78957433288751, 3.0894105345076626, -70.71433781266275, 0.0, 0.0, 0.0, 0.0, 0.0, 0.0
4.138353109359741, 88.78957433288751, 3.0894105345076626, -70.71433781266275, 0.0, 0.0, 0.0, 0.0, 0.0, 0.0
4.155251979827881, 88.78957433288751, 3.0894105345076626, -70.71433781266275, 0.0, 0.0, 0.0, 0.0, 0.0, 0.0
4.155366897583008, 88.78957433288751, 3.0894105345076626, -70.71433781266275, 0.0, 0.0, 0.0, 0.0, 0.0, 0.0
4.171967029571533, 88.78957433288751, 3.0894105345076626, -70.71433781266275, 0.0, 0.0, 0.0, 0.0, 0.0, 0.0
4.172081232070923, 88.78957433288751, 3.0894105345076626, -70.71433781266275, 0.0, 0.0, 0.0, 0.0, 0.0, 0.0
4.1906538009643555, 88.78957433288751, 3.0894105345076626, -70.71433781266275, 0.0, 0.0, 0.0, 0.0, 0.0, 0.0
4.19076681137085, 88.78957433288751, 3.0894105345076626, -70.71433781266275, 0.0, 0.0, 0.0, 0.0, 0.0, 0.0
4.223626375198364, 88.78957433288751, 3.0894105345076626, -70.71433781266275, 0.0, 0.0, 0.0, 0.0, 0.0, 0.0
4.223790168762207, 88.78957433288751, 3.0894105345076626, -70.71433781266275, 0.0, 0.0, 0.0, 0.0, 0.0, 0.0
4.2405760288238525, 88.78957433288751, 3.0894105345076626, -70.71433781266275, 0.0, 0.0, 0.0, 0.0, 0.0, 0.0
4.240735292434692, 88.78957433288751, 3.0894105345076626, -70.71433781266275, 0.0, 0.0, 0.0, 0.0, 0.0, 0.0
4.257065057754517, 88.78957433288751, 3.0894105345076626, -70.71433781266275, 0.0, 0.0, 0.0, 0.0, 0.0, 0.0
4.257218360900879, 88.78957433288751, 3.0894105345076626, -70.71433781266275, 0.0, 0.0, 0.0, 0.0, 0.0, 0.0
4.2738776206970215, 88.78957433288751, 3.0894105345076626, -70.71433781266275, 0.0, 0.0, 0.0, 0.0, 0.0, 0.0
4.274031162261963, 88.78957433288751, 3.0894105345076626, -70.71433781266275, 0.0, 0.0, 0.0, 0.0, 0.0, 0.0
4.292474269866943, 88.78957433288751, 3.0894105345076626, -70.71433781266275, 0.0, 0.0, 0.0, 0.0, 0.0, 0.0
4.292629957199097, 88.78957433288751, 3.0894105345076626, -70.71433781266275, 0.0, 0.0, 0.0, 0.0, 0.0, 0.0
4.323480606079102, 88.78957433288751, 3.0894105345076626, -70.71433781266275, 0.0, 0.0, 0.0, 0.0, 0.0, 0.0
4.323619604110718, 88.78957433288751, 3.0894105345076626, -70.71433781266275, 0.0, 0.0, 0.0, 0.0, 0.0, 0.0
4.3394951820373535, 88.78957433288751, 3.0894105345076626, -70.71433781266275, 0.0, 0.0, 0.0, 0.0, 0.0, 0.0
4.339629888534546, 88.78957433288751, 3.0894105345076626, -70.71433781266275, 0.0, 0.0, 0.0, 0.0, 0.0, 0.0
4.3565568923950195, 88.78957433288751, 3.0894105345076626, -70.71433781266275, 0.0, 0.0, 0.0, 0.0, 0.0, 0.0
4.356705904006958, 88.78957433288751, 3.0894105345076626, -70.71433781266275, 0.0, 0.0, 0.0, 0.0, 0.0, 0.0
4.371924877166748, 88.78957433288751, 3.0894105345076626, -70.71433781266275, 0.0, 0.0, 0.0, 0.0, 0.0, 0.0
4.37203311920166, 88.78957433288751, 3.0894105345076626, -70.71433781266275, 0.0, 0.0, 0.0, 0.0, 0.0, 0.0
4.405207633972168, 88.78957433288751, 3.0894105345076626, -70.71433781266275, 0.0, 0.0, 0.0, 0.0, 0.0, 0.0
4.405315399169922, 88.78957433288751, 3.0894105345076626, -70.71433781266275, 0.0, 0.0, 0.0, 0.0, 0.0, 0.0
4.421963691711426, 88.78957433288751, 3.0894105345076626, -70.71433781266275, 0.0, 0.0, 0.0, 0.0, 0.0, 0.0
4.422070026397705, 88.78957433288751, 3.0894105345076626, -70.71433781266275, 0.0, 0.0, 0.0, 0.0, 0.0, 0.0
4.438780069351196, 88.78957433288751, 3.0894105345076626, -70.71433781266275, 0.0, 0.0, 0.0, 0.0, 0.0, 0.0
4.438884496688843, 88.78957433288751, 3.0894105345076626, -70.71433781266275, 0.0, 0.0, 0.0, 0.0, 0.0, 0.0
4.455243110656738, 88.78957433288751, 3.0894105345076626, -70.71433781266275, 0.0, 0.0, 0.0, 0.0, 0.0, 0.0
4.455350875854492, 88.78957433288751, 3.0894105345076626, -70.71433781266275, 0.0, 0.0, 0.0, 0.0, 0.0, 0.0
4.471489191055298, 88.78957433288751, 3.0894105345076626, -70.71433781266275, 0.0, 0.0, 0.0, 0.0, 0.0, 0.0
4.471599340438843, 88.78957433288751, 3.0894105345076626, -70.71433781266275, 0.0, 0.0, 0.0, 0.0, 0.0, 0.0
4.505150318145752, 88.78957433288751, 3.0894105345076626, -70.71433781266275, 0.0, 0.0, 0.0, 0.0, 0.0, 0.0
4.505261659622192, 88.78957433288751, 3.0894105345076626, -70.71433781266275, 0.0, 0.0, 0.0, 0.0, 0.0, 0.0
4.521898508071899, 88.78957433288751, 3.0894105345076626, -70.71433781266275, 0.0, 0.0, 0.0, 0.0, 0.0, 0.0
4.522012948989868, 88.78957433288751, 3.0894105345076626, -70.71433781266275, 0.0, 0.0, 0.0, 0.0, 0.0, 0.0
4.538441896438599, 88.78957433288751, 3.0894105345076626, -70.71433781266275, 0.0, 0.0, 0.0, 0.0, 0.0, 0.0
4.53855037689209, 88.78957433288751, 3.0894105345076626, -70.71433781266275, 0.0, 0.0, 0.0, 0.0, 0.0, 0.0
4.5549468994140625, 88.78957433288751, 3.0894105345076626, -70.71433781266275, 0.0, 0.0, 0.0, 0.0, 0.0, 0.0
4.555057048797607, 88.78957433288751, 3.0894105345076626, -70.71433781266275, 0.0, 0.0, 0.0, 0.0, 0.0, 0.0
4.572002410888672, 88.78957433288751, 3.0894105345076626, -70.71433781266275, 0.0, 0.0, 0.0, 0.0, 0.0, 0.0
4.572115421295166, 88.78957433288751, 3.0894105345076626, -70.71433781266275, 0.0, 0.0, 0.0, 0.0, 0.0, 0.0
4.605231523513794, 88.78957433288751, 3.0894105345076626, -70.71433781266275, 0.0, 0.0, 0.0, 0.0, 0.0, 0.0
4.605343818664551, 88.78957433288751, 3.0894105345076626, -70.71433781266275, 0.0, 0.0, 0.0, 0.0, 0.0, 0.0
4.622251749038696, 88.78957433288751, 3.0894105345076626, -70.71433781266275, 0.0, 0.0, 0.0, 0.0, 0.0, 0.0
4.622362375259399, 88.78957433288751, 3.0894105345076626, -70.71433781266275, 0.0, 0.0, 0.0, 0.0, 0.0, 0.0
4.63874888420105, 88.78957433288751, 3.0894105345076626, -70.71433781266275, 0.0, 0.0, 0.0, 0.0, 0.0, 0.0
4.638862609863281, 88.78957433288751, 3.0894105345076626, -70.71433781266275, 0.0, 0.0, 0.0, 0.0, 0.0, 0.0
4.655241012573242, 88.78957433288751, 3.0894105345076626, -70.71433781266275, 0.0, 0.0, 0.0, 0.0, 0.0, 0.0
4.6553544998168945, 88.78957433288751, 3.0894105345076626, -70.71433781266275, 0.0, 0.0, 0.0, 0.0, 0.0, 0.0
4.671929836273193, 88.78957433288751, 3.0894105345076626, -70.71433781266275, 0.0, 0.0, 0.0, 0.0, 0.0, 0.0
4.6720404624938965, 88.78957433288751, 3.0894105345076626, -70.71433781266275, 0.0, 0.0, 0.0, 0.0, 0.0, 0.0
4.705490827560425, 88.78957433288751, 3.0894105345076626, -70.71433781266275, 0.0, 0.0, 0.0, 0.0, 0.0, 0.0
4.705612421035767, 88.78957433288751, 3.0894105345076626, -70.71433781266275, 0.0, 0.0, 0.0, 0.0, 0.0, 0.0
4.722254753112793, 88.78957433288751, 3.0894105345076626, -70.71433781266275, 0.0, 0.0, 0.0, 0.0, 0.0, 0.0
4.722379207611084, 88.78957433288751, 3.0894105345076626, -70.71433781266275, 0.0, 0.0, 0.0, 0.0, 0.0, 0.0
4.73900842666626, 88.78957433288751, 3.0894105345076626, -70.71433781266275, 0.0, 0.0, 0.0, 0.0, 0.0, 0.0
4.739130020141602, 88.78957433288751, 3.0894105345076626, -70.71433781266275, 0.0, 0.0, 0.0, 0.0, 0.0, 0.0
4.755082130432129, 88.78957433288751, 3.0894105345076626, -70.71433781266275, 0.0, 0.0, 0.0, 0.0, 0.0, 0.0
4.75519323348999, 88.78957433288751, 3.0894105345076626, -70.71433781266275, 0.0, 0.0, 0.0, 0.0, 0.0, 0.0
4.772047519683838, 88.78957433288751, 3.0894105345076626, -70.71433781266275, 0.0, 0.0, 0.0, 0.0, 0.0, 0.0
4.772155046463013, 88.78957433288751, 3.0894105345076626, -70.71433781266275, 0.0, 0.0, 0.0, 0.0, 0.0, 0.0
4.805032730102539, 88.78957433288751, 3.0894105345076626, -70.71433781266275, 0.0, 0.0, 0.0, 0.0, 0.0, 0.0
4.805142402648926, 88.78957433288751, 3.0894105345076626, -70.71433781266275, 0.0, 0.0, 0.0, 0.0, 0.0, 0.0
4.822007656097412, 88.78957433288751, 3.0894105345076626, -70.71433781266275, 0.0, 0.0, 0.0, 0.0, 0.0, 0.0
4.822115659713745, 88.78957433288751, 3.0894105345076626, -70.71433781266275, 0.0, 0.0, 0.0, 0.0, 0.0, 0.0
