# Timestamp, Flexion, Adduction, Rotation, Tx, Ty, Tz, Fx, Fy, Fz
0.02278757095336914, 88.30805490447433, 2.974196648406411, -62.121662450287495, 0.0, 0.0, 0.0, 0.0, 0.0, 0.0
0.02293705940246582, 88.30805490447433, 2.974196648406411, -62.121662450287495, 0.0, 0.0, 0.0, 0.0, 0.0, 0.0
0.03793048858642578, 88.30805490447433, 2.974196648406411, -62.121662450287495, 0.0, 0.0, 0.0, 0.0, 0.0, 0.0
0.03805112838745117, 88.30805490447433, 2.974196648406411, -62.121662450287495, 0.0, 0.0, 0.0, 0.0, 0.0, 0.0
0.05535769462585449, 88.30805490447433, 2.974196648406411, -62.121662450287495, 0.0, 0.0, 0.0, 0.0, 0.0, 0.0
0.05547475814819336, 88.30805490447433, 2.974196648406411, -62.121662450287495, 0.0, 0.0, 0.0, 0.0, 0.0, 0.0
0.07173681259155273, 88.30805490447433, 2.974196648406411, -62.121662450287495, 0.0, 0.0, 0.0, 0.0, 0.0, 0.0
0.0718529224395752, 88.30805490447433, 2.974196648406411, -62.121662450287495, 0.0, 0.0, 0.0, 0.0, 0.0, 0.0
0.08889508247375488, 88.30805490447433, 2.974196648406411, -62.121662450287495, 0.0, 0.0, 0.0, 0.0, 0.0, 0.0
0.08902668952941895, 88.30805490447433, 2.974196648406411, -62.121662450287495, 0.0, 0.0, 0.0, 0.0, 0.0, 0.0
0.12154436111450195, 88.30805490447433, 2.974196648406411, -62.121662450287495, 0.0, 0.0, 0.0, 0.0, 0.0, 0.0
0.12166500091552734, 88.30805490447433, 2.974196648406411, -62.121662450287495, 0.0, 0.0, 0.0, 0.0, 0.0, 0.0
0.13831329345703125, 88.30805490447433, 2.974196648406411, -62.121662450287495, 0.0, 0.0, 0.0, 0.0, 0.0, 0.0
0.1384258270263672, 88.30805490447433, 2.974196648406411, -62.121662450287495, 0.0, 0.0, 0.0, 0.0, 0.0, 0.0
0.15510249137878418, 88.30805490447433, 2.974196648406411, -62.121662450287495, 0.0, 0.0, 0.0, 0.0, 0.0, 0.0
0.15521764755249023, 88.30805490447433, 2.974196648406411, -62.121662450287495, 0.0, 0.0, 0.0, 0.0, 0.0, 0.0
0.17138886451721191, 88.30805490447433, 2.974196648406411, -62.121662450287495, 0.0, 0.0, 0.0, 0.0, 0.0, 0.0
0.17150211334228516, 88.30805490447433, 2.974196648406411, -62.121662450287495, 0.0, 0.0, 0.0, 0.0, 0.0, 0.0
0.1882176399230957, 88.30805490447433, 2.974196648406411, -62.121662450287495, 0.0, 0.0, 0.0, 0.0, 0.0, 0.0
0.18833017349243164, 88.30805490447433, 2.974196648406411, -62.121662450287495, 0.0, 0.0, 0.0, 0.0, 0.0, 0.0
0.20809292793273926, 88.30805490447433, 2.974196648406411, -62.121662450287495, 0.0, 0.0, 0.0, 0.0, 0.0, 0.0
0.20820331573486328, 88.30805490447433, 2.974196648406411, -62.121662450287495, 0.0, 0.0, 0.0, 0.0, 0.0, 0.0
0.23824596405029297, 88.30805490447433, 2.974196648406411, -62.121662450287495, 0.0, 0.0, 0.0, 0.0, 0.0, 0.0
0.23836374282836914, 88.30805490447433, 2.974196648406411, -62.121662450287495, 0.0, 0.0, 0.0, 0.0, 0.0, 0.0
0.2550654411315918, 88.30805490447433, 2.974196648406411, -62.121662450287495, 0.0, 0.0, 0.0, 0.0, 0.0, 0.0
0.25518155097961426, 88.30805490447433, 2.974196648406411, -62.121662450287495, 0.0, 0.0, 0.0, 0.0, 0.0, 0.0
0.27213120460510254, 88.30805490447433, 2.974196648406411, -62.121662450287495, 0.0, 0.0, 0.0, 0.0, 0.0, 0.0
0.27224183082580566, 88.30805490447433, 2.974196648406411, -62.121662450287495, 0.0, 0.0, 0.0, 0.0, 0.0, 0.0
0.28829169273376465, 88.30805490447433, 2.974196648406411, -62.121662450287495, 0.0, 0.0, 0.0, 0.0, 0.0, 0.0
0.2884047031402588, 88.30805490447433, 2.974196648406411, -62.121662450287495, 0.0, 0.0, 0.0, 0.0, 0.0, 0.0
0.3214144706726074, 88.30805490447433, 2.974196648406411, -62.121662450287495, 0.0, 0.0, 0.0, 0.0, 0.0, 0.0
0.3215322494506836, 88.30805490447433, 2.974196648406411, -62.121662450287495, 0.0, 0.0, 0.0, 0.0, 0.0, 0.0
0.33864736557006836, 88.30805490447433, 2.974196648406411, -62.121662450287495, 0.0, 0.0, 0.0, 0.0, 0.0, 0.0
0.338761568069458, 88.30805490447433, 2.974196648406411, -62.121662450287495, 0.0, 0.0, 0.0, 0.0, 0.0, 0.0
0.3556346893310547, 88.30805490447433, 2.974196648406411, -62.121662450287495, 0.0, 0.0, 0.0, 0.0, 0.0, 0.0
0.35575318336486816, 88.30805490447433, 2.974196648406411, -62.121662450287495, 0.0, 0.0, 0.0, 0.0, 0.0, 0.0
0.3723278045654297, 88.30805490447433, 2.974196648406411, -62.121662450287495, 0.0, 0.0, 0.0, 0.0, 0.0, 0.0
0.37244081497192383, 88.30805490447433, 2.974196648406411, -62.121662450287495, 0.0, 0.0, 0.0, 0.0, 0.0, 0.0
0.38895225524902344, 88.30805490447433, 2.974196648406411, -62.121662450287495, 0.0, 0.0, 0.0, 0.0, 0.0, 0.0
0.38907337188720703, 88.30805490447433, 2.974196648406411, -62.121662450287495, 0.0, 0.0, 0.0, 0.0, 0.0, 0.0
0.4219808578491211, 88.30805490447433, 2.974196648406411, -62.121662450287495, 0.0, 0.0, 0.0, 0.0, 0.0, 0.0
0.42209887504577637, 88.30805490447433, 2.974196648406411, -62.121662450287495, 0.0, 0.0, 0.0, 0.0, 0.0, 0.0
0.43897247314453125, 88.30805490447433, 2.974196648406411, -62.121662450287495, 0.0, 0.0, 0.0, 0.0, 0.0, 0.0
0.4391002655029297, 88.30805490447433, 2.974196648406411, -62.121662450287495, 0.0, 0.0, 0.0, 0.0, 0.0, 0.0
0.4556708335876465, 88.30805490447433, 2.974196648406411, -62.121662450287495, 0.0, 0.0, 0.0, 0.0, 0.0, 0.0
0.4557836055755615, 88.30805490447433, 2.974196648406411, -62.121662450287495, 0.0, 0.0, 0.0, 0.0, 0.0, 0.0
0.4718916416168213, 88.30805490447433, 2.974196648406411, -62.121662450287495, 0.0, 0.0, 0.0, 0.0, 0.0, 0.0
0.472012996673584, 88.30805490447433, 2.974196648406411, -62.121662450287495, 0.0, 0.0, 0.0, 0.0, 0.0, 0.0
0.4883720874786377, 88.30805490447433, 2.974196648406411, -62.121662450287495, 0.0, 0.0, 0.0, 0.0, 0.0, 0.0
0.48848390579223633, 88.30805490447433, 2.974196648406411, -62.121662450287495, 0.0, 0.0, 0.0, 0.0, 0.0, 0.0
0.5216813087463379, 88.30805490447433, 2.974196648406411, -62.121662450287495, 0.0, 0.0, 0.0, 0.0, 0.0, 0.0
0.521796703338623, 88.30805490447433, 2.974196648406411, -62.121662450287495, 0.0, 0.0, 0.0, 0.0, 0.0, 0.0
0.5555472373962402, 88.30805490447433, 2.974196648406411, -62.121662450287495, 0.0, 0.0, 0.0, 0.0, 0.0, 0.0
0.5556724071502686, 88.30805490447433, 2.974196648406411, -62.121662450287495, 0.0, 0.0, 0.0, 0.0, 0.0, 0.0
0.5755124092102051, 88.30805490447433, 2.974196648406411, -62.121662450287495, 0.0, 0.0, 0.0, 0.0, 0.0, 0.0
0.575634241104126, 88.30805490447433, 2.974196648406411, -62.121662450287495, 0.0, 0.0, 0.0, 0.0, 0.0, 0.0
0.5957903861999512, 88.30805490447433, 2.974196648406411, -62.121662450287495, 0.0, 0.0, 0.0, 0.0, 0.0, 0.0
0.5959138870239258, 88.30805490447433, 2.974196648406411, -62.121662450287495, 0.0, 0.0, 0.0, 0.0, 0.0, 0.0
0.6230111122131348, 88.30805490447433, 2.974196648406411, -62.121662450287495, 0.0, 0.0, 0.0, 0.0, 0.0, 0.0
0.6231570243835449, 88.30805490447433, 2.974196648406411, -62.121662450287495, 0.0, 0.0, 0.0, 0.0, 0.0, 0.0
0.6397655010223389, 88.30805490447433, 2.974196648406411, -62.121662450287495, 0.0, 0.0, 0.0, 0.0, 0.0, 0.0
0.6399078369140625, 88.30805490447433, 2.974196648406411, -62.121662450287495, 0.0, 0.0, 0.0, 0.0, 0.0, 0.0
0.6552705764770508, 88.30805490447433, 2.974196648406411, -62.121662450287495, 0.0, 0.0, 0.0, 0.0, 0.0, 0.0
0.6553833484649658, 88.30805490447433, 2.974196648406411, -62.121662450287495, 0.0, 0.0, 0.0, 0.0, 0.0, 0.0
0.6881380081176758, 88.30805490447433, 2.974196648406411, -62.121662450287495, 0.0, 0.0, 0.0, 0.0, 0.0, 0.0
0.6882493495941162, 88.30805490447433, 2.974196648406411, -62.121662450287495, 0.0, 0.0, 0.0, 0.0, 0.0, 0.0
0.7049150466918945, 88.30805490447433, 2.974196648406411, -62.121662450287495, 0.0, 0.0, 0.0, 0.0, 0.0, 0.0
0.7050385475158691, 88.30805490447433, 2.974196648406411, -62.121662450287495, 0.0, 0.0, 0.0, 0.0, 0.0, 0.0
0.7217037677764893, 88.30805490447433, 2.974196648406411, -62.121662450287495, 0.0, 0.0, 0.0, 0.0, 0.0, 0.0
0.7218213081359863, 88.30805490447433, 2.974196648406411, -62.121662450287495, 0.0, 0.0, 0.0, 0.0, 0.0, 0.0
0.7382419109344482, 88.30805490447433, 2.974196648406411, -62.121662450287495, 0.0, 0.0, 0.0, 0.0, 0.0, 0.0
0.7383558750152588, 88.30805490447433, 2.974196648406411, -62.121662450287495, 0.0, 0.0, 0.0, 0.0, 0.0, 0.0
0.7714626789093018, 88.30805490447433, 2.974196648406411, -62.121662450287495, 0.0, 0.0, 0.0, 0.0, 0.0, 0.0
0.771578311920166, 88.30805490447433, 2.974196648406411, -62.121662450287495, 0.0, 0.0, 0.0, 0.0, 0.0, 0.0
0.7882232666015625, 88.30805490447433, 2.974196648406411, -62.121662450287495, 0.0, 0.0, 0.0, 0.0, 0.0, 0.0
0.7883377075195312, 88.30805490447433, 2.974196648406411, -62.121662450287495, 0.0, 0.0, 0.0, 0.0, 0.0, 0.0
0.8051636219024658, 88.30805490447433, 2.974196648406411, -62.121662450287495, 0.0, 0.0, 0.0, 0.0, 0.0, 0.0
0.8052785396575928, 88.30805490447433, 2.974196648406411, -62.121662450287495, 0.0, 0.0, 0.0, 0.0, 0.0, 0.0
0.8216331005096436, 88.30805490447433, 2.974196648406411, -62.121662450287495, 0.0, 0.0, 0.0, 0.0, 0.0, 0.0
0.8217458724975586, 88.30805490447433, 2.974196648406411, -62.121662450287495, 0.0, 0.0, 0.0, 0.0, 0.0, 0.0
0.8383426666259766, 88.30805490447433, 2.974196648406411, -62.121662450287495, 0.0, 0.0, 0.0, 0.0, 0.0, 0.0
0.8384568691253662, 88.30805490447433, 2.974196648406411, -62.121662450287495, 0.0, 0.0, 0.0, 0.0, 0.0, 0.0
0.8552305698394775, 88.30805490447433, 2.974196648406411, -62.121662450287495, 0.0, 0.0, 0.0, 0.0, 0.0, 0.0
0.8553431034088135, 88.30805490447433, 2.974196648406411, -62.121662450287495, 0.0, 0.0, 0.0, 0.0, 0.0, 0.0
0.8882782459259033, 88.30805490447433, 2.974196648406411, -62.121662450287495, 0.0, 0.0, 0.0, 0.0, 0.0, 0.0
0.8883907794952393, 88.30805490447433, 2.974196648406411, -62.121662450287495, 0.0, 0.0, 0.0, 0.0, 0.0, 0.0
0.9050772190093994, 88.30805490447433, 2.974196648406411, -62.121662450287495, 0.0, 0.0, 0.0, 0.0, 0.0, 0.0
0.9051921367645264, 88.30805490447433, 2.974196648406411, -62.121662450287495, 0.0, 0.0, 0.0, 0.0, 0.0, 0.0
0.9216649532318115, 88.30805490447433, 2.974196648406411, -62.121662450287495, 0.0, 0.0, 0.0, 0.0, 0.0, 0.0
0.9217813014984131, 88.30805490447433, 2.974196648406411, -62.121662450287495, 0.0, 0.0, 0.0, 0.0, 0.0, 0.0
0.9385004043579102, 88.30805490447433, 2.974196648406411, -62.121662450287495, 0.0, 0.0, 0.0, 0.0, 0.0, 0.0
0.9386124610900879, 88.30805490447433, 2.974196648406411, -62.121662450287495, 0.0, 0.0, 0.0, 0.0, 0.0, 0.0
0.9551877975463867, 88.30805490447433, 2.974196648406411, -62.121662450287495, 0.0, 0.0, 0.0, 0.0, 0.0, 0.0
0.9553041458129883, 88.30805490447433, 2.974196648406411, -62.121662450287495, 0.0, 0.0, 0.0, 0.0, 0.0, 0.0
0.9749624729156494, 88.30805490447433, 2.974196648406411, -62.121662450287495, 0.0, 0.0, 0.0, 0.0, 0.0, 0.0
0.975074052810669, 88.30805490447433, 2.974196648406411, -62.121662450287495, 0.0, 0.0, 0.0, 0.0, 0.0, 0.0
1.0048198699951172, 88.30805490447433, 2.974196648406411, -62.121662450287495, 0.0, 0.0, 0.0, 0.0, 0.0, 0.0
1.0049402713775635, 88.30805490447433, 2.974196648406411, -62.121662450287495, 0.0, 0.0, 0.0, 0.0, 0.0, 0.0
1.0213162899017334, 88.30805490447433, 2.974196648406411, -62.121662450287495, 0.0, 0.0, 0.0, 0.0, 0.0, 0.0
1.0214309692382812, 88.30805490447433, 2.974196648406411, -62.121662450287495, 0.0, 0.0, 0.0, 0.0, 0.0, 0.0
1.038165807723999, 88.30805490447433, 2.974196648406411, -62.121662450287495, 0.0, 0.0, 0.0, 0.0, 0.0, 0.0
1.038282871246338, 88.30805490447433, 2.974196648406411, -62.121662450287495, 0.0, 0.0, 0.0, 0.0, 0.0, 0.0
1.0714588165283203, 88.30805490447433, 2.974196648406411, -62.121662450287495, 0.0, 0.0, 0.0, 0.0, 0.0, 0.0
1.071570634841919, 88.30805490447433, 2.974196648406411, -62.121662450287495, 0.0, 0.0, 0.0, 0.0, 0.0, 0.0
1.0879931449890137, 88.30805490447433, 2.974196648406411, -62.121662450287495, 0.0, 0.0, 0.0, 0.0, 0.0, 0.0
1.0881073474884033, 88.30805490447433, 2.974196648406411, -62.121662450287495, 0.0, 0.0, 0.0, 0.0, 0.0, 0.0
1.1050801277160645, 88.30805490447433, 2.974196648406411, -62.121662450287495, 0.0, 0.0, 0.0, 0.0, 0.0, 0.0
1.105194330215454, 88.30805490447433, 2.974196648406411, -62.121662450287495, 0.0, 0.0, 0.0, 0.0, 0.0, 0.0
1.1216955184936523, 88.30805490447433, 2.974196648406411, -62.121662450287495, 0.0, 0.0, 0.0, 0.0, 0.0, 0.0
1.1218140125274658, 88.30805490447433, 2.974196648406411, -62.121662450287495, 0.0, 0.0, 0.0, 0.0, 0.0, 0.0
1.138063669204712, 88.30805490447433, 2.974196648406411, -62.121662450287495, 0.0, 0.0, 0.0, 0.0, 0.0, 0.0
1.138174057006836, 88.30805490447433, 2.974196648406411, -62.121662450287495, 0.0, 0.0, 0.0, 0.0, 0.0, 0.0
1.1551969051361084, 88.30805490447433, 2.974196648406411, -62.121662450287495, 0.0, 0.0, 0.0, 0.0, 0.0, 0.0
1.155310869216919, 88.30805490447433, 2.974196648406411, -62.121662450287495, 0.0, 0.0, 0.0, 0.0, 0.0, 0.0
1.1755669116973877, 88.30805490447433, 2.974196648406411, -62.121662450287495, 0.0, 0.0, 0.0, 0.0, 0.0, 0.0
1.1756718158721924, 88.30805490447433, 2.974196648406411, -62.121662450287495, 0.0, 0.0, 0.0, 0.0, 0.0, 0.0
1.2049894332885742, 88.30805490447433, 2.974196648406411, -62.121662450287495, 0.0, 0.0, 0.0, 0.0, 0.0, 0.0
1.2051048278808594, 88.30805490447433, 2.974196648406411, -62.121662450287495, 0.0, 0.0, 0.0, 0.0, 0.0, 0.0
1.2216753959655762, 88.30805490447433, 2.974196648406411, -62.121662450287495, 0.0, 0.0, 0.0, 0.0, 0.0, 0.0
1.2217915058135986, 88.30805490447433, 2.974196648406411, -62.121662450287495, 0.0, 0.0, 0.0, 0.0, 0.0, 0.0
1.2382636070251465, 88.30805490447433, 2.974196648406411, -62.121662450287495, 0.0, 0.0, 0.0, 0.0, 0.0, 0.0
1.2383744716644287, 88.30805490447433, 2.974196648406411, -62.121662450287495, 0.0, 0.0, 0.0, 0.0, 0.0, 0.0
1.2552030086517334, 88.30805490447433, 2.974196648406411, -62.121662450287495, 0.0, 0.0, 0.0, 0.0, 0.0, 0.0
1.2553155422210693, 88.30805490447433, 2.974196648406411, -62.121662450287495, 0.0, 0.0, 0.0, 0.0, 0.0, 0.0
1.2752494812011719, 88.30805490447433, 2.974196648406411, -62.121662450287495, 0.0, 0.0, 0.0, 0.0, 0.0, 0.0
1.2753565311431885, 88.30805490447433, 2.974196648406411, -62.121662450287495, 0.0, 0.0, 0.0, 0.0, 0.0, 0.0
1.3051655292510986, 88.30805490447433, 2.974196648406411, -62.121662450287495, 0.0, 0.0, 0.0, 0.0, 0.0, 0.0
1.3052787780761719, 88.30805490447433, 2.974196648406411, -62.121662450287495, 0.0, 0.0, 0.0, 0.0, 0.0, 0.0
1.3217201232910156, 88.30805490447433, 2.974196648406411, -62.121662450287495, 0.0, 0.0, 0.0, 0.0, 0.0, 0.0
1.3218331336975098, 88.30805490447433, 2.974196648406411, -62.121662450287495, 0.0, 0.0, 0.0, 0.0, 0.0, 0.0
1.338925838470459, 88.30805490447433, 2.974196648406411, -62.121662450287495, 0.0, 0.0, 0.0, 0.0, 0.0, 0.0
1.3390469551086426, 88.30805490447433, 2.974196648406411, -62.121662450287495, 0.0, 0.0, 0.0, 0.0, 0.0, 0.0
1.3552143573760986, 88.30805490447433, 2.974196648406411, -62.121662450287495, 0.0, 0.0, 0.0, 0.0, 0.0, 0.0
1.3553290367126465, 88.30805490447433, 2.974196648406411, -62.121662450287495, 0.0, 0.0, 0.0, 0.0, 0.0, 0.0
1.388153314590454, 88.30805490447433, 2.974196648406411, -62.121662450287495, 0.0, 0.0, 0.0, 0.0, 0.0, 0.0
1.3882660865783691, 88.30805490447433, 2.974196648406411, -62.121662450287495, 0.0, 0.0, 0.0, 0.0, 0.0, 0.0
1.4051239490509033, 88.30805490447433, 2.974196648406411, -62.121662450287495, 0.0, 0.0, 0.0, 0.0, 0.0, 0.0
1.4052367210388184, 88.30805490447433, 2.974196648406411, -62.121662450287495, 0.0, 0.0, 0.0, 0.0, 0.0, 0.0
1.4215919971466064, 88.30805490447433, 2.974196648406411, -62.121662450287495, 0.0, 0.0, 0.0, 0.0, 0.0, 0.0
1.4217066764831543, 88.30805490447433, 2.974196648406411, -62.121662450287495, 0.0, 0.0, 0.0, 0.0, 0.0, 0.0
1.4382269382476807, 88.30805490447433, 2.974196648406411, -62.121662450287495, 0.0, 0.0, 0.0, 0.0, 0.0, 0.0
1.4383409023284912, 88.30805490447433, 2.974196648406411, -62.121662450287495, 0.0, 0.0, 0.0, 0.0, 0.0, 0.0
1.471954345703125, 88.30805490447433, 2.974196648406411, -62.121662450287495, 0.0, 0.0, 0.0, 0.0, 0.0, 0.0
1.4720847606658936, 88.30805490447433, 2.974196648406411, -62.121662450287495, 0.0, 0.0, 0.0, 0.0, 0.0, 0.0
1.5019915103912354, 88.30805490447433, 2.974196648406411, -62.121662450287495, 0.0, 0.0, 0.0, 0.0, 0.0, 0.0
1.5022644996643066, 88.30805490447433, 2.974196648406411, -62.121662450287495, 0.0, 0.0, 0.0, 0.0, 0.0, 0.0
1.5200541019439697, 88.30805490447433, 2.974196648406411, -62.121662450287495, 0.0, 0.0, 0.0, 0.0, 0.0, 0.0
1.5201849937438965, 88.30805490447433, 2.974196648406411, -62.121662450287495, 0.0, 0.0, 0.0, 0.0, 0.0, 0.0
1.5386250019073486, 88.30805490447433, 2.974196648406411, -62.121662450287495, 0.0, 0.0, 0.0, 0.0, 0.0, 0.0
1.538743257522583, 88.30805490447433, 2.974196648406411, -62.121662450287495, 0.0, 0.0, 0.0, 0.0, 0.0, 0.0
1.5715596675872803, 88.30805490447433, 2.974196648406411, -62.121662450287495, 0.0, 0.0, 0.0, 0.0, 0.0, 0.0
1.57167387008667, 88.30805490447433, 2.974196648406411, -62.121662450287495, 0.0, 0.0, 0.0, 0.0, 0.0, 0.0
1.588310956954956, 88.30805490447433, 2.974196648406411, -62.121662450287495, 0.0, 0.0, 0.0, 0.0, 0.0, 0.0
1.5884222984313965, 88.30805490447433, 2.974196648406411, -62.121662450287495, 0.0, 0.0, 0.0, 0.0, 0.0, 0.0
1.6051008701324463, 88.30805490447433, 2.974196648406411, -62.121662450287495, 0.0, 0.0, 0.0, 0.0, 0.0, 0.0
1.6052160263061523, 88.30805490447433, 2.974196648406411, -62.121662450287495, 0.0, 0.0, 0.0, 0.0, 0.0, 0.0
1.6216294765472412, 88.30805490447433, 2.974196648406411, -62.121662450287495, 0.0, 0.0, 0.0, 0.0, 0.0, 0.0
1.6217432022094727, 88.30805490447433, 2.974196648406411, -62.121662450287495, 0.0, 0.0, 0.0, 0.0, 0.0, 0.0
1.655064582824707, 88.30805490447433, 2.974196648406411, -62.121662450287495, 0.0, 0.0, 0.0, 0.0, 0.0, 0.0
1.6551811695098877, 88.30805490447433, 2.974196648406411, -62.121662450287495, 0.0, 0.0, 0.0, 0.0, 0.0, 0.0
1.6714107990264893, 88.30805490447433, 2.974196648406411, -62.121662450287495, 0.0, 0.0, 0.0, 0.0, 0.0, 0.0
1.671518087387085, 88.30805490447433, 2.974196648406411, -62.121662450287495, 0.0, 0.0, 0.0, 0.0, 0.0, 0.0
1.6883752346038818, 88.30805490447433, 2.974196648406411, -62.121662450287495, 0.0, 0.0, 0.0, 0.0, 0.0, 0.0
1.6884827613830566, 88.30805490447433, 2.974196648406411, -62.121662450287495, 0.0, 0.0, 0.0, 0.0, 0.0, 0.0
1.7050597667694092, 88.30805490447433, 2.974196648406411, -62.121662450287495, 0.0, 0.0, 0.0, 0.0, 0.0, 0.0
1.705169677734375, 88.30805490447433, 2.974196648406411, -62.121662450287495, 0.0, 0.0, 0.0, 0.0, 0.0, 0.0
1.7216205596923828, 88.30805490447433, 2.974196648406411, -62.121662450287495, 0.0, 0.0, 0.0, 0.0, 0.0, 0.0
1.7217297554016113, 88.30805490447433, 2.974196648406411, -62.121662450287495, 0.0, 0.0, 0.0, 0.0, 0.0, 0.0
1.7557566165924072, 88.30805490447433, 2.974196648406411, -62.121662450287495, 0.0, 0.0, 0.0, 0.0, 0.0, 0.0
1.755889654159546, 88.30805490447433, 2.974196648406411, -62.121662450287495, 0.0, 0.0, 0.0, 0.0, 0.0, 0.0
1.7726192474365234, 88.30805490447433, 2.974196648406411, -62.121662450287495, 0.0, 0.0, 0.0, 0.0, 0.0, 0.0
1.7727587223052979, 88.30805490447433, 2.974196648406411, -62.121662450287495, 0.0, 0.0, 0.0, 0.0, 0.0, 0.0
1.789217472076416, 88.30805490447433, 2.974196648406411, -62.121662450287495, 0.0, 0.0, 0.0, 0.0, 0.0, 0.0
1.7893378734588623, 88.30805490447433, 2.974196648406411, -62.121662450287495, 0.0, 0.0, 0.0, 0.0, 0.0, 0.0
1.8052451610565186, 88.30805490447433, 2.974196648406411, -62.121662450287495, 0.0, 0.0, 0.0, 0.0, 0.0, 0.0
1.805354118347168, 88.30805490447433, 2.974196648406411, -62.121662450287495, 0.0, 0.0, 0.0, 0.0, 0.0, 0.0
1.8265016078948975, 88.30805490447433, 2.974196648406411, -62.121662450287495, 0.0, 0.0, 0.0, 0.0, 0.0, 0.0
1.8266096115112305, 88.30805490447433, 2.974196648406411, -62.121662450287495, 0.0, 0.0, 0.0, 0.0, 0.0, 0.0
1.8402211666107178, 88.30805490447433, 2.974196648406411, -62.121662450287495, 0.0, 0.0, 0.0, 0.0, 0.0, 0.0
1.8403308391571045, 88.30805490447433, 2.974196648406411, -62.121662450287495, 0.0, 0.0, 0.0, 0.0, 0.0, 0.0
1.858257532119751, 88.30805490447433, 2.974196648406411, -62.121662450287495, 0.0, 0.0, 0.0, 0.0, 0.0, 0.0
1.8583662509918213, 88.30805490447433, 2.974196648406411, -62.121662450287495, 0.0, 0.0, 0.0, 0.0, 0.0, 0.0
1.888089656829834, 88.30805490447433, 2.974196648406411, -62.121662450287495, 0.0, 0.0, 0.0, 0.0, 0.0, 0.0
1.8882019519805908, 88.30805490447433, 2.974196648406411, -62.121662450287495, 0.0, 0.0, 0.0, 0.0, 0.0, 0.0
1.9049015045166016, 88.30805490447433, 2.974196648406411, -62.121662450287495, 0.0, 0.0, 0.0, 0.0, 0.0, 0.0
1.9050118923187256, 88.30805490447433, 2.974196648406411, -62.121662450287495, 0.0, 0.0, 0.0, 0.0, 0.0, 0.0
1.9218904972076416, 88.30805490447433, 2.974196648406411, -62.121662450287495, 0.0, 0.0, 0.0, 0.0, 0.0, 0.0
1.922006368637085, 88.30805490447433, 2.974196648406411, -62.121662450287495, 0.0, 0.0, 0.0, 0.0, 0.0, 0.0
1.9553115367889404, 88.30805490447433, 2.974196648406411, -62.121662450287495, 0.0, 0.0, 0.0, 0.0, 0.0, 0.0
1.9554245471954346, 88.30805490447433, 2.974196648406411, -62.121662450287495, 0.0, 0.0, 0.0, 0.0, 0.0, 0.0
1.9718780517578125, 88.30805490447433, 2.974196648406411, -62.121662450287495, 0.0, 0.0, 0.0, 0.0, 0.0, 0.0
1.9719915390014648, 88.30805490447433, 2.974196648406411, -62.121662450287495, 0.0, 0.0, 0.0, 0.0, 0.0, 0.0
1.9885284900665283, 88.30805490447433, 2.974196648406411, -62.121662450287495, 0.0, 0.0, 0.0, 0.0, 0.0, 0.0
1.9886407852172852, 88.30805490447433, 2.974196648406411, -62.121662450287495, 0.0, 0.0, 0.0, 0.0, 0.0, 0.0
2.0053293704986572, 88.30805490447433, 2.974196648406411, -62.121662450287495, 0.0, 0.0, 0.0, 0.0, 0.0, 0.0
2.00545072555542, 88.30805490447433, 2.974196648406411, -62.121662450287495, 0.0, 0.0, 0.0, 0.0, 0.0, 0.0
2.0222320556640625, 88.30805490447433, 2.974196648406411, -62.121662450287495, 0.0, 0.0, 0.0, 0.0, 0.0, 0.0
2.022387981414795, 88.30805490447433, 2.974196648406411, -62.121662450287495, 0.0, 0.0, 0.0, 0.0, 0.0, 0.0
2.0387990474700928, 88.30805490447433, 2.974196648406411, -62.121662450287495, 0.0, 0.0, 0.0, 0.0, 0.0, 0.0
2.038919687271118, 88.30805490447433, 2.974196648406411, -62.121662450287495, 0.0, 0.0, 0.0, 0.0, 0.0, 0.0
2.0717146396636963, 88.30805490447433, 2.974196648406411, -62.121662450287495, 0.0, 0.0, 0.0, 0.0, 0.0, 0.0
2.0718226432800293, 88.30805490447433, 2.974196648406411, -62.121662450287495, 0.0, 0.0, 0.0, 0.0, 0.0, 0.0
2.0892221927642822, 88.30805490447433, 2.974196648406411, -62.121662450287495, 0.0, 0.0, 0.0, 0.0, 0.0, 0.0
2.089336633682251, 88.30805490447433, 2.974196648406411, -62.121662450287495, 0.0, 0.0, 0.0, 0.0, 0.0, 0.0
2.1048524379730225, 88.30805490447433, 2.974196648406411, -62.121662450287495, 0.0, 0.0, 0.0, 0.0, 0.0, 0.0
2.1049606800079346, 88.30805490447433, 2.974196648406411, -62.121662450287495, 0.0, 0.0, 0.0, 0.0, 0.0, 0.0
2.1376123428344727, 88.30805490447433, 2.974196648406411, -62.121662450287495, 0.0, 0.0, 0.0, 0.0, 0.0, 0.0
2.137887477874756, 88.30805490447433, 2.974196648406411, -62.121662450287495, 0.0, 0.0, 0.0, 0.0, 0.0, 0.0
2.157114028930664, 88.30805490447433, 2.974196648406411, -62.121662450287495, 0.0, 0.0, 0.0, 0.0, 0.0, 0.0
2.1572537422180176, 88.30805490447433, 2.974196648406411, -62.121662450287495, 0.0, 0.0, 0.0, 0.0, 0.0, 0.0
2.178040027618408, 88.30805490447433, 2.974196648406411, -62.121662450287495, 0.0, 0.0, 0.0, 0.0, 0.0, 0.0
2.1782567501068115, 88.30805490447433, 2.974196648406411, -62.121662450287495, 0.0, 0.0, 0.0, 0.0, 0.0, 0.0
2.1990184783935547, 88.30805490447433, 2.974196648406411, -62.121662450287495, 0.0, 0.0, 0.0, 0.0, 0.0, 0.0
2.1991701126098633, 88.30805490447433, 2.974196648406411, -62.121662450287495, 0.0, 0.0, 0.0, 0.0, 0.0, 0.0
2.211686134338379, 88.30805490447433, 2.974196648406411, -62.121662450287495, 0.0, 0.0, 0.0, 0.0, 0.0, 0.0
2.2118051052093506, 88.30805490447433, 2.974196648406411, -62.121662450287495, 0.0, 0.0, 0.0, 0.0, 0.0, 0.0
2.2248966693878174, 88.30805490447433, 2.974196648406411, -62.121662450287495, 0.0, 0.0, 0.0, 0.0, 0.0, 0.0
2.2250115871429443, 88.30805490447433, 2.974196648406411, -62.121662450287495, 0.0, 0.0, 0.0, 0.0, 0.0, 0.0
2.2551498413085938, 88.30805490447433, 2.974196648406411, -62.121662450287495, 0.0, 0.0, 0.0, 0.0, 0.0, 0.0
2.2552614212036133, 88.30805490447433, 2.974196648406411, -62.121662450287495, 0.0, 0.0, 0.0, 0.0, 0.0, 0.0
2.271085739135742, 88.30805490447433, 2.974196648406411, -62.121662450287495, 0.0, 0.0, 0.0, 0.0, 0.0, 0.0
2.2711925506591797, 88.30805490447433, 2.974196648406411, -62.121662450287495, 0.0, 0.0, 0.0, 0.0, 0.0, 0.0
2.2886157035827637, 88.30805490447433, 2.974196648406411, -62.121662450287495, 0.0, 0.0, 0.0, 0.0, 0.0, 0.0
2.2887234687805176, 88.30805490447433, 2.974196648406411, -62.121662450287495, 0.0, 0.0, 0.0, 0.0, 0.0, 0.0
2.304802656173706, 88.30805490447433, 2.974196648406411, -62.121662450287495, 0.0, 0.0, 0.0, 0.0, 0.0, 0.0
2.3049063682556152, 88.30805490447433, 2.974196648406411, -62.121662450287495, 0.0, 0.0, 0.0, 0.0, 0.0, 0.0
2.321551561355591, 88.30805490447433, 2.974196648406411, -62.121662450287495, 0.0, 0.0, 0.0, 0.0, 0.0, 0.0
2.3216874599456787, 88.30805490447433, 2.974196648406411, -62.121662450287495, 0.0, 0.0, 0.0, 0.0, 0.0, 0.0
2.3551673889160156, 88.30805490447433, 2.974196648406411, -62.121662450287495, 0.0, 0.0, 0.0, 0.0, 0.0, 0.0
2.355278968811035, 88.30805490447433, 2.974196648406411, -62.121662450287495, 0.0, 0.0, 0.0, 0.0, 0.0, 0.0
2.3864450454711914, 88.30805490447433, 2.974196648406411, -62.121662450287495, 0.0, 0.0, 0.0, 0.0, 0.0, 0.0
2.386720895767212, 88.30805490447433, 2.974196648406411, -62.121662450287495, 0.0, 0.0, 0.0, 0.0, 0.0, 0.0
2.405083179473877, 88.30805490447433, 2.974196648406411, -62.121662450287495, 0.0, 0.0, 0.0, 0.0, 0.0, 0.0
2.4052164554595947, 88.30805490447433, 2.974196648406411, -62.121662450287495, 0.0, 0.0, 0.0, 0.0, 0.0, 0.0
2.4234118461608887, 88.30805490447433, 2.974196648406411, -62.121662450287495, 0.0, 0.0, 0.0, 0.0, 0.0, 0.0
2.423527240753174, 88.30805490447433, 2.974196648406411, -62.121662450287495, 0.0, 0.0, 0.0, 0.0, 0.0, 0.0
2.4743504524230957, 88.30805490447433, 2.974196648406411, -62.121662450287495, 0.0, 0.0, 0.0, 0.0, 0.0, 0.0
2.474691390991211, 88.30805490447433, 2.974196648406411, -62.121662450287495, 0.0, 0.0, 0.0, 0.0, 0.0, 0.0
2.4955227375030518, 88.30805490447433, 2.974196648406411, -62.121662450287495, 0.0, 0.0, 0.0, 0.0, 0.0, 0.0
2.495671033859253, 88.30805490447433, 2.974196648406411, -62.121662450287495, 0.0, 0.0, 0.0, 0.0, 0.0, 0.0
2.528972864151001, 88.30805490447433, 2.974196648406411, -62.121662450287495, 0.0, 0.0, 0.0, 0.0, 0.0, 0.0
2.5292537212371826, 88.30805490447433, 2.974196648406411, -62.121662450287495, 0.0, 0.0, 0.0, 0.0, 0.0, 0.0
2.552208185195923, 88.30805490447433, 2.974196648406411, -62.121662450287495, 0.0, 0.0, 0.0, 0.0, 0.0, 0.0
2.5523855686187744, 88.30805490447433, 2.974196648406411, -62.121662450287495, 0.0, 0.0, 0.0, 0.0, 0.0, 0.0
2.5687100887298584, 88.30805490447433, 2.974196648406411, -62.121662450287495, 0.0, 0.0, 0.0, 0.0, 0.0, 0.0
2.568840980529785, 88.30805490447433, 2.974196648406411, -62.121662450287495, 0.0, 0.0, 0.0, 0.0, 0.0, 0.0
2.584306478500366, 88.30805490447433, 2.974196648406411, -62.121662450287495, 0.0, 0.0, 0.0, 0.0, 0.0, 0.0
2.5844154357910156, 88.30805490447433, 2.974196648406411, -62.121662450287495, 0.0, 0.0, 0.0, 0.0, 0.0, 0.0
2.598690986633301, 88.30805490447433, 2.974196648406411, -62.121662450287495, 0.0, 0.0, 0.0, 0.0, 0.0, 0.0
2.5989420413970947, 88.30805490447433, 2.974196648406411, -62.121662450287495, 0.0, 0.0, 0.0, 0.0, 0.0, 0.0
2.6132078170776367, 88.30805490447433, 2.974196648406411, -62.121662450287495, 0.0, 0.0, 0.0, 0.0, 0.0, 0.0
2.61331844329834, 88.30805490447433, 2.974196648406411, -62.121662450287495, 0.0, 0.0, 0.0, 0.0, 0.0, 0.0
2.644714832305908, 88.30805490447433, 2.974196648406411, -62.121662450287495, 0.0, 0.0, 0.0, 0.0, 0.0, 0.0
2.6449341773986816, 88.30805490447433, 2.974196648406411, -62.121662450287495, 0.0, 0.0, 0.0, 0.0, 0.0, 0.0
2.6659059524536133, 88.30805490447433, 2.974196648406411, -62.121662450287495, 0.0, 0.0, 0.0, 0.0, 0.0, 0.0
2.6660995483398438, 88.30805490447433, 2.974196648406411, -62.121662450287495, 0.0, 0.0, 0.0, 0.0, 0.0, 0.0
2.6834073066711426, 88.30805490447433, 2.974196648406411, -62.121662450287495, 0.0, 0.0, 0.0, 0.0, 0.0, 0.0
2.683542251586914, 88.30805490447433, 2.974196648406411, -62.121662450287495, 0.0, 0.0, 0.0, 0.0, 0.0, 0.0
2.6975607872009277, 88.30805490447433, 2.974196648406411, -62.121662450287495, 0.0, 0.0, 0.0, 0.0, 0.0, 0.0
2.697664737701416, 88.30805490447433, 2.974196648406411, -62.121662450287495, 0.0, 0.0, 0.0, 0.0, 0.0, 0.0
2.721519708633423, 88.30805490447433, 2.974196648406411, -62.121662450287495, 0.0, 0.0, 0.0, 0.0, 0.0, 0.0
2.7216286659240723, 88.30805490447433, 2.974196648406411, -62.121662450287495, 0.0, 0.0, 0.0, 0.0, 0.0, 0.0
2.738344192504883, 88.30805490447433, 2.974196648406411, -62.121662450287495, 0.0, 0.0, 0.0, 0.0, 0.0, 0.0
2.738457679748535, 88.30805490447433, 2.974196648406411, -62.121662450287495, 0.0, 0.0, 0.0, 0.0, 0.0, 0.0
2.7551801204681396, 88.30805490447433, 2.974196648406411, -62.121662450287495, 0.0, 0.0, 0.0, 0.0, 0.0, 0.0
2.755290985107422, 88.30805490447433, 2.974196648406411, -62.121662450287495, 0.0, 0.0, 0.0, 0.0, 0.0, 0.0
2.788233757019043, 88.30805490447433, 2.974196648406411, -62.121662450287495, 0.0, 0.0, 0.0, 0.0, 0.0, 0.0
2.7883429527282715, 88.30805490447433, 2.974196648406411, -62.121662450287495, 0.0, 0.0, 0.0, 0.0, 0.0, 0.0
2.8045599460601807, 88.30805490447433, 2.974196648406411, -62.121662450287495, 0.0, 0.0, 0.0, 0.0, 0.0, 0.0
2.804673194885254, 88.30805490447433, 2.974196648406411, -62.121662450287495, 0.0, 0.0, 0.0, 0.0, 0.0, 0.0
2.8218603134155273, 88.30805490447433, 2.974196648406411, -62.121662450287495, 0.0, 0.0, 0.0, 0.0, 0.0, 0.0
2.8219728469848633, 88.30805490447433, 2.974196648406411, -62.121662450287495, 0.0, 0.0, 0.0, 0.0, 0.0, 0.0
2.838205337524414, 88.30805490447433, 2.974196648406411, -62.121662450287495, 0.0, 0.0, 0.0, 0.0, 0.0, 0.0
2.838318347930908, 88.30805490447433, 2.974196648406411, -62.121662450287495, 0.0, 0.0, 0.0, 0.0, 0.0, 0.0
2.8549933433532715, 88.30805490447433, 2.974196648406411, -62.121662450287495, 0.0, 0.0, 0.0, 0.0, 0.0, 0.0
2.855107069015503, 88.30805490447433, 2.974196648406411, -62.121662450287495, 0.0, 0.0, 0.0, 0.0, 0.0, 0.0
2.8882102966308594, 88.30805490447433, 2.974196648406411, -62.121662450287495, 0.0, 0.0, 0.0, 0.0, 0.0, 0.0
2.888321876525879, 88.30805490447433, 2.974196648406411, -62.121662450287495, 0.0, 0.0, 0.0, 0.0, 0.0, 0.0
2.9048311710357666, 88.30805490447433, 2.974196648406411, -62.121662450287495, 0.0, 0.0, 0.0, 0.0, 0.0, 0.0
2.9049441814422607, 88.30805490447433, 2.974196648406411, -62.121662450287495, 0.0, 0.0, 0.0, 0.0, 0.0, 0.0
2.921633243560791, 88.30805490447433, 2.974196648406411, -62.121662450287495, 0.0, 0.0, 0.0, 0.0, 0.0, 0.0
2.921746015548706, 88.30805490447433, 2.974196648406411, -62.121662450287495, 0.0, 0.0, 0.0, 0.0, 0.0, 0.0
2.9382197856903076, 88.30805490447433, 2.974196648406411, -62.121662450287495, 0.0, 0.0, 0.0, 0.0, 0.0, 0.0
2.938328266143799, 88.30805490447433, 2.974196648406411, -62.121662450287495, 0.0, 0.0, 0.0, 0.0, 0.0, 0.0
2.9551656246185303, 88.30805490447433, 2.974196648406411, -62.121662450287495, 0.0, 0.0, 0.0, 0.0, 0.0, 0.0
2.955275535583496, 88.30805490447433, 2.974196648406411, -62.121662450287495, 0.0, 0.0, 0.0, 0.0, 0.0, 0.0
2.988186836242676, 88.30805490447433, 2.974196648406411, -62.121662450287495, 0.0, 0.0, 0.0, 0.0, 0.0, 0.0
2.9882922172546387, 88.30805490447433, 2.974196648406411, -62.121662450287495, 0.0, 0.0, 0.0, 0.0, 0.0, 0.0
3.0049188137054443, 88.30805490447433, 2.974196648406411, -62.121662450287495, 0.0, 0.0, 0.0, 0.0, 0.0, 0.0
3.005035877227783, 88.30805490447433, 2.974196648406411, -62.121662450287495, 0.0, 0.0, 0.0, 0.0, 0.0, 0.0
3.021552801132202, 88.30805490447433, 2.974196648406411, -62.121662450287495, 0.0, 0.0, 0.0, 0.0, 0.0, 0.0
3.021657943725586, 88.30805490447433, 2.974196648406411, -62.121662450287495, 0.0, 0.0, 0.0, 0.0, 0.0, 0.0
3.0383081436157227, 88.30805490447433, 2.974196648406411, -62.121662450287495, 0.0, 0.0, 0.0, 0.0, 0.0, 0.0
3.0384106636047363, 88.30805490447433, 2.974196648406411, -62.121662450287495, 0.0, 0.0, 0.0, 0.0, 0.0, 0.0
3.055166482925415, 88.30805490447433, 2.974196648406411, -62.121662450287495, 0.0, 0.0, 0.0, 0.0, 0.0, 0.0
3.0552806854248047, 88.30805490447433, 2.974196648406411, -62.121662450287495, 0.0, 0.0, 0.0, 0.0, 0.0, 0.0
3.088121175765991, 88.30805490447433, 2.974196648406411, -62.121662450287495, 0.0, 0.0, 0.0, 0.0, 0.0, 0.0
3.088226795196533, 88.30805490447433, 2.974196648406411, -62.121662450287495, 0.0, 0.0, 0.0, 0.0, 0.0, 0.0
3.104910373687744, 88.30805490447433, 2.974196648406411, -62.121662450287495, 0.0, 0.0, 0.0, 0.0, 0.0, 0.0
3.1050424575805664, 88.30805490447433, 2.974196648406411, -62.121662450287495, 0.0, 0.0, 0.0, 0.0, 0.0, 0.0
3.12264084815979, 88.30805490447433, 2.974196648406411, -62.121662450287495, 0.0, 0.0, 0.0, 0.0, 0.0, 0.0
3.1228058338165283, 88.30805490447433, 2.974196648406411, -62.121662450287495, 0.0, 0.0, 0.0, 0.0, 0.0, 0.0
3.1385011672973633, 88.30805490447433, 2.974196648406411, -62.121662450287495, 0.0, 0.0, 0.0, 0.0, 0.0, 0.0
3.138620138168335, 88.30805490447433, 2.974196648406411, -62.121662450287495, 0.0, 0.0, 0.0, 0.0, 0.0, 0.0
3.155561685562134, 88.30805490447433, 2.974196648406411, -62.121662450287495, 0.0, 0.0, 0.0, 0.0, 0.0, 0.0
3.1556813716888428, 88.30805490447433, 2.974196648406411, -62.121662450287495, 0.0, 0.0, 0.0, 0.0, 0.0, 0.0
3.1882946491241455, 88.30805490447433, 2.974196648406411, -62.121662450287495, 0.0, 0.0, 0.0, 0.0, 0.0, 0.0
3.188396453857422, 88.30805490447433, 2.974196648406411, -62.121662450287495, 0.0, 0.0, 0.0, 0.0, 0.0, 0.0
3.204895257949829, 88.30805490447433, 2.974196648406411, -62.121662450287495, 0.0, 0.0, 0.0, 0.0, 0.0, 0.0
3.2049992084503174, 88.30805490447433, 2.974196648406411, -62.121662450287495, 0.0, 0.0, 0.0, 0.0, 0.0, 0.0
3.221465826034546, 88.30805490447433, 2.974196648406411, -62.121662450287495, 0.0, 0.0, 0.0, 0.0, 0.0, 0.0
3.221571207046509, 88.30805490447433, 2.974196648406411, -62.121662450287495, 0.0, 0.0, 0.0, 0.0, 0.0, 0.0
3.2382328510284424, 88.30805490447433, 2.974196648406411, -62.121662450287495, 0.0, 0.0, 0.0, 0.0, 0.0, 0.0
3.2383358478546143, 88.30805490447433, 2.974196648406411, -62.121662450287495, 0.0, 0.0, 0.0, 0.0, 0.0, 0.0
3.2549946308135986, 88.30805490447433, 2.974196648406411, -62.121662450287495, 0.0, 0.0, 0.0, 0.0, 0.0, 0.0
3.2551422119140625, 88.30805490447433, 2.974196648406411, -62.121662450287495, 0.0, 0.0, 0.0, 0.0, 0.0, 0.0
3.2885353565216064, 88.30805490447433, 2.974196648406411, -62.121662450287495, 0.0, 0.0, 0.0, 0.0, 0.0, 0.0
3.2886509895324707, 88.30805490447433, 2.974196648406411, -62.121662450287495, 0.0, 0.0, 0.0, 0.0, 0.0, 0.0
3.3054416179656982, 88.30805490447433, 2.974196648406411, -62.121662450287495, 0.0, 0.0, 0.0, 0.0, 0.0, 0.0
3.3055593967437744, 88.30805490447433, 2.974196648406411, -62.121662450287495, 0.0, 0.0, 0.0, 0.0, 0.0, 0.0
3.3219261169433594, 88.30805490447433, 2.974196648406411, -62.121662450287495, 0.0, 0.0, 0.0, 0.0, 0.0, 0.0
3.3220479488372803, 88.30805490447433, 2.974196648406411, -62.121662450287495, 0.0, 0.0, 0.0, 0.0, 0.0, 0.0
3.338576555252075, 88.30805490447433, 2.974196648406411, -62.121662450287495, 0.0, 0.0, 0.0, 0.0, 0.0, 0.0
3.338693141937256, 88.30805490447433, 2.974196648406411, -62.121662450287495, 0.0, 0.0, 0.0, 0.0, 0.0, 0.0
3.3553946018218994, 88.30805490447433, 2.974196648406411, -62.121662450287495, 0.0, 0.0, 0.0, 0.0, 0.0, 0.0
3.35551381111145, 88.30805490447433, 2.974196648406411, -62.121662450287495, 0.0, 0.0, 0.0, 0.0, 0.0, 0.0
3.388122081756592, 88.30805490447433, 2.974196648406411, -62.121662450287495, 0.0, 0.0, 0.0, 0.0, 0.0, 0.0
3.388233184814453, 88.30805490447433, 2.974196648406411, -62.121662450287495, 0.0, 0.0, 0.0, 0.0, 0.0, 0.0
3.404975414276123, 88.30805490447433, 2.974196648406411, -62.121662450287495, 0.0, 0.0, 0.0, 0.0, 0.0, 0.0
3.405092477798462, 88.30805490447433, 2.974196648406411, -62.121662450287495, 0.0, 0.0, 0.0, 0.0, 0.0, 0.0
3.4216015338897705, 88.30805490447433, 2.974196648406411, -62.121662450287495, 0.0, 0.0, 0.0, 0.0, 0.0, 0.0
3.421706199645996, 88.30805490447433, 2.974196648406411, -62.121662450287495, 0.0, 0.0, 0.0, 0.0, 0.0, 0.0
3.438141345977783, 88.30805490447433, 2.974196648406411, -62.121662450287495, 0.0, 0.0, 0.0, 0.0, 0.0, 0.0
3.438243865966797, 88.30805490447433, 2.974196648406411, -62.121662450287495, 0.0, 0.0, 0.0, 0.0, 0.0, 0.0
3.4556424617767334, 88.30805490447433, 2.974196648406411, -62.121662450287495, 0.0, 0.0, 0.0, 0.0, 0.0, 0.0
3.4557485580444336, 88.30805490447433, 2.974196648406411, -62.121662450287495, 0.0, 0.0, 0.0, 0.0, 0.0, 0.0
3.474043369293213, 88.30805490447433, 2.974196648406411, -62.121662450287495, 0.0, 0.0, 0.0, 0.0, 0.0, 0.0
3.4741573333740234, 88.30805490447433, 2.974196648406411, -62.121662450287495, 0.0, 0.0, 0.0, 0.0, 0.0, 0.0
3.5049376487731934, 88.30805490447433, 2.974196648406411, -62.121662450287495, 0.0, 0.0, 0.0, 0.0, 0.0, 0.0
3.5050530433654785, 88.30805490447433, 2.974196648406411, -62.121662450287495, 0.0, 0.0, 0.0, 0.0, 0.0, 0.0
3.5215518474578857, 88.30805490447433, 2.974196648406411, -62.121662450287495, 0.0, 0.0, 0.0, 0.0, 0.0, 0.0
3.521662712097168, 88.30805490447433, 2.974196648406411, -62.121662450287495, 0.0, 0.0, 0.0, 0.0, 0.0, 0.0
3.5381903648376465, 88.30805490447433, 2.974196648406411, -62.121662450287495, 0.0, 0.0, 0.0, 0.0, 0.0, 0.0
3.538299560546875, 88.30805490447433, 2.974196648406411, -62.121662450287495, 0.0, 0.0, 0.0, 0.0, 0.0, 0.0
3.5551719665527344, 88.30805490447433, 2.974196648406411, -62.121662450287495, 0.0, 0.0, 0.0, 0.0, 0.0, 0.0
3.555276870727539, 88.30805490447433, 2.974196648406411, -62.121662450287495, 0.0, 0.0, 0.0, 0.0, 0.0, 0.0
3.5883710384368896, 88.30805490447433, 2.974196648406411, -62.121662450287495, 0.0, 0.0, 0.0, 0.0, 0.0, 0.0
3.5884792804718018, 88.30805490447433, 2.974196648406411, -62.121662450287495, 0.0, 0.0, 0.0, 0.0, 0.0, 0.0
3.6051292419433594, 88.30805490447433, 2.974196648406411, -62.121662450287495, 0.0, 0.0, 0.0, 0.0, 0.0, 0.0
3.6052424907684326, 88.30805490447433, 2.974196648406411, -62.121662450287495, 0.0, 0.0, 0.0, 0.0, 0.0, 0.0
3.621641159057617, 88.30805490447433, 2.974196648406411, -62.121662450287495, 0.0, 0.0, 0.0, 0.0, 0.0, 0.0
3.6217527389526367, 88.30805490447433, 2.974196648406411, -62.121662450287495, 0.0, 0.0, 0.0, 0.0, 0.0, 0.0
3.63822603225708, 88.30805490447433, 2.974196648406411, -62.121662450287495, 0.0, 0.0, 0.0, 0.0, 0.0, 0.0
3.638338565826416, 88.30805490447433, 2.974196648406411, -62.121662450287495, 0.0, 0.0, 0.0, 0.0, 0.0, 0.0
3.655088186264038, 88.30805490447433, 2.974196648406411, -62.121662450287495, 0.0, 0.0, 0.0, 0.0, 0.0, 0.0
3.655195474624634, 88.30805490447433, 2.974196648406411, -62.121662450287495, 0.0, 0.0, 0.0, 0.0, 0.0, 0.0
3.6882193088531494, 88.30805490447433, 2.974196648406411, -62.121662450287495, 0.0, 0.0, 0.0, 0.0, 0.0, 0.0
3.688323974609375, 88.30805490447433, 2.974196648406411, -62.121662450287495, 0.0, 0.0, 0.0, 0.0, 0.0, 0.0
3.704702854156494, 88.30805490447433, 2.974196648406411, -62.121662450287495, 0.0, 0.0, 0.0, 0.0, 0.0, 0.0
3.704803943634033, 88.30805490447433, 2.974196648406411, -62.121662450287495, 0.0, 0.0, 0.0, 0.0, 0.0, 0.0
3.7216742038726807, 88.30805490447433, 2.974196648406411, -62.121662450287495, 0.0, 0.0, 0.0, 0.0, 0.0, 0.0
3.721775770187378, 88.30805490447433, 2.974196648406411, -62.121662450287495, 0.0, 0.0, 0.0, 0.0, 0.0, 0.0
3.7387847900390625, 88.30805490447433, 2.974196648406411, -62.121662450287495, 0.0, 0.0, 0.0, 0.0, 0.0, 0.0
3.738889694213867, 88.30805490447433, 2.974196648406411, -62.121662450287495, 0.0, 0.0, 0.0, 0.0, 0.0, 0.0
3.754966974258423, 88.30805490447433, 2.974196648406411, -62.121662450287495, 0.0, 0.0, 0.0, 0.0, 0.0, 0.0
3.755082368850708, 88.30805490447433, 2.974196648406411, -62.121662450287495, 0.0, 0.0, 0.0, 0.0, 0.0, 0.0
3.7881178855895996, 88.30805490447433, 2.974196648406411, -62.121662450287495, 0.0, 0.0, 0.0, 0.0, 0.0, 0.0
3.788227081298828, 88.30805490447433, 2.974196648406411, -62.121662450287495, 0.0, 0.0, 0.0, 0.0, 0.0, 0.0
3.8048439025878906, 88.30805490447433, 2.974196648406411, -62.121662450287495, 0.0, 0.0, 0.0, 0.0, 0.0, 0.0
3.8049561977386475, 88.30805490447433, 2.974196648406411, -62.121662450287495, 0.0, 0.0, 0.0, 0.0, 0.0, 0.0
3.8215105533599854, 88.30805490447433, 2.974196648406411, -62.121662450287495, 0.0, 0.0, 0.0, 0.0, 0.0, 0.0
3.82161808013916, 88.30805490447433, 2.974196648406411, -62.121662450287495, 0.0, 0.0, 0.0, 0.0, 0.0, 0.0
3.8380117416381836, 88.30805490447433, 2.974196648406411, -62.121662450287495, 0.0, 0.0, 0.0, 0.0, 0.0, 0.0
3.8381197452545166, 88.30805490447433, 2.974196648406411, -62.121662450287495, 0.0, 0.0, 0.0, 0.0, 0.0, 0.0
3.854658603668213, 88.30805490447433, 2.974196648406411, -62.121662450287495, 0.0, 0.0, 0.0, 0.0, 0.0, 0.0
3.854764461517334, 88.30805490447433, 2.974196648406411, -62.121662450287495, 0.0, 0.0, 0.0, 0.0, 0.0, 0.0
3.8883275985717773, 88.30805490447433, 2.974196648406411, -62.121662450287495, 0.0, 0.0, 0.0, 0.0, 0.0, 0.0
3.8884365558624268, 88.30805490447433, 2.974196648406411, -62.121662450287495, 0.0, 0.0, 0.0, 0.0, 0.0, 0.0
3.9046177864074707, 88.30805490447433, 2.974196648406411, -62.121662450287495, 0.0, 0.0, 0.0, 0.0, 0.0, 0.0
3.9047281742095947, 88.30805490447433, 2.974196648406411, -62.121662450287495, 0.0, 0.0, 0.0, 0.0, 0.0, 0.0
3.9215798377990723, 88.30805490447433, 2.974196648406411, -62.121662450287495, 0.0, 0.0, 0.0, 0.0, 0.0, 0.0
3.9216911792755127, 88.30805490447433, 2.974196648406411, -62.121662450287495, 0.0, 0.0, 0.0, 0.0, 0.0, 0.0
3.9382998943328857, 88.30805490447433, 2.974196648406411, -62.121662450287495, 0.0, 0.0, 0.0, 0.0, 0.0, 0.0
3.938408374786377, 88.30805490447433, 2.974196648406411, -62.121662450287495, 0.0, 0.0, 0.0, 0.0, 0.0, 0.0
3.9546573162078857, 88.30805490447433, 2.974196648406411, -62.121662450287495, 0.0, 0.0, 0.0, 0.0, 0.0, 0.0
3.954763889312744, 88.30805490447433, 2.974196648406411, -62.121662450287495, 0.0, 0.0, 0.0, 0.0, 0.0, 0.0
3.9882090091705322, 88.30805490447433, 2.974196648406411, -62.121662450287495, 0.0, 0.0, 0.0, 0.0, 0.0, 0.0
3.9883201122283936, 88.30805490447433, 2.974196648406411, -62.121662450287495, 0.0, 0.0, 0.0, 0.0, 0.0, 0.0
4.004878759384155, 88.30805490447433, 2.974196648406411, -62.121662450287495, 0.0, 0.0, 0.0, 0.0, 0.0, 0.0
4.00499153137207, 88.30805490447433, 2.974196648406411, -62.121662450287495, 0.0, 0.0, 0.0, 0.0, 0.0, 0.0
4.036393165588379, 88.30805490447433, 2.974196648406411, -62.121662450287495, 0.0, 0.0, 0.0, 0.0, 0.0, 0.0
4.036674499511719, 88.30805490447433, 2.974196648406411, -62.121662450287495, 0.0, 0.0, 0.0, 0.0, 0.0, 0.0
4.0552589893341064, 88.30805490447433, 2.974196648406411, -62.121662450287495, 0.0, 0.0, 0.0, 0.0, 0.0, 0.0
4.055389404296875, 88.30805490447433, 2.974196648406411, -62.121662450287495, 0.0, 0.0, 0.0, 0.0, 0.0, 0.0
4.074199676513672, 88.30805490447433, 2.974196648406411, -62.121662450287495, 0.0, 0.0, 0.0, 0.0, 0.0, 0.0
4.07431173324585, 88.30805490447433, 2.974196648406411, -62.121662450287495, 0.0, 0.0, 0.0, 0.0, 0.0, 0.0
4.104807138442993, 88.30805490447433, 2.974196648406411, -62.121662450287495, 0.0, 0.0, 0.0, 0.0, 0.0, 0.0
4.104917287826538, 88.30805490447433, 2.974196648406411, -62.121662450287495, 0.0, 0.0, 0.0, 0.0, 0.0, 0.0
4.121528625488281, 88.30805490447433, 2.974196648406411, -62.121662450287495, 0.0, 0.0, 0.0, 0.0, 0.0, 0.0
4.121637344360352, 88.30805490447433, 2.974196648406411, -62.121662450287495, 0.0, 0.0, 0.0, 0.0, 0.0, 0.0
4.1379921436309814, 88.30805490447433, 2.974196648406411, -62.121662450287495, 0.0, 0.0, 0.0, 0.0, 0.0, 0.0
4.138105392456055, 88.30805490447433, 2.974196648406411, -62.121662450287495, 0.0, 0.0, 0.0, 0.0, 0.0, 0.0
4.154952049255371, 88.30805490447433, 2.974196648406411, -62.121662450287495, 0.0, 0.0, 0.0, 0.0, 0.0, 0.0
4.155070781707764, 88.30805490447433, 2.974196648406411, -62.121662450287495, 0.0, 0.0, 0.0, 0.0, 0.0, 0.0
4.188115119934082, 88.30805490447433, 2.974196648406411, -62.121662450287495, 0.0, 0.0, 0.0, 0.0, 0.0, 0.0
4.188223361968994, 88.30805490447433, 2.974196648406411, -62.121662450287495, 0.0, 0.0, 0.0, 0.0, 0.0, 0.0
4.204893350601196, 88.30805490447433, 2.974196648406411, -62.121662450287495, 0.0, 0.0, 0.0, 0.0, 0.0, 0.0
4.205007076263428, 88.30805490447433, 2.974196648406411, -62.121662450287495, 0.0, 0.0, 0.0, 0.0, 0.0, 0.0
4.221604824066162, 88.30805490447433, 2.974196648406411, -62.121662450287495, 0.0, 0.0, 0.0, 0.0, 0.0, 0.0
4.221713542938232, 88.30805490447433, 2.974196648406411, -62.121662450287495, 0.0, 0.0, 0.0, 0.0, 0.0, 0.0
4.237993955612183, 88.30805490447433, 2.974196648406411, -62.121662450287495, 0.0, 0.0, 0.0, 0.0, 0.0, 0.0
4.2381041049957275, 88.30805490447433, 2.974196648406411, -62.121662450287495, 0.0, 0.0, 0.0, 0.0, 0.0, 0.0
4.254996061325073, 88.30805490447433, 2.974196648406411, -62.121662450287495, 0.0, 0.0, 0.0, 0.0, 0.0, 0.0
4.255114793777466, 88.30805490447433, 2.974196648406411, -62.121662450287495, 0.0, 0.0, 0.0, 0.0, 0.0, 0.0
4.288154125213623, 88.30805490447433, 2.974196648406411, -62.121662450287495, 0.0, 0.0, 0.0, 0.0, 0.0, 0.0
4.2882654666900635, 88.30805490447433, 2.974196648406411, -62.121662450287495, 0.0, 0.0, 0.0, 0.0, 0.0, 0.0
4.305095195770264, 88.30805490447433, 2.974196648406411, -62.121662450287495, 0.0, 0.0, 0.0, 0.0, 0.0, 0.0
4.305203437805176, 88.30805490447433, 2.974196648406411, -62.121662450287495, 0.0, 0.0, 0.0, 0.0, 0.0, 0.0
4.321657180786133, 88.30805490447433, 2.974196648406411, -62.121662450287495, 0.0, 0.0, 0.0, 0.0, 0.0, 0.0
4.3217644691467285, 88.30805490447433, 2.974196648406411, -62.121662450287495, 0.0, 0.0, 0.0, 0.0, 0.0, 0.0
4.33806300163269, 88.30805490447433, 2.974196648406411, -62.121662450287495, 0.0, 0.0, 0.0, 0.0, 0.0, 0.0
4.338171482086182, 88.30805490447433, 2.974196648406411, -62.121662450287495, 0.0, 0.0, 0.0, 0.0, 0.0, 0.0
4.3548736572265625, 88.30805490447433, 2.974196648406411, -62.121662450287495, 0.0, 0.0, 0.0, 0.0, 0.0, 0.0
4.354986190795898, 88.30805490447433, 2.974196648406411, -62.121662450287495, 0.0, 0.0, 0.0, 0.0, 0.0, 0.0
4.388046503067017, 88.30805490447433, 2.974196648406411, -62.121662450287495, 0.0, 0.0, 0.0, 0.0, 0.0, 0.0
4.388156175613403, 88.30805490447433, 2.974196648406411, -62.121662450287495, 0.0, 0.0, 0.0, 0.0, 0.0, 0.0
4.4049482345581055, 88.30805490447433, 2.974196648406411, -62.121662450287495, 0.0, 0.0, 0.0, 0.0, 0.0, 0.0
4.405065536499023, 88.30805490447433, 2.974196648406411, -62.121662450287495, 0.0, 0.0, 0.0, 0.0, 0.0, 0.0
4.421557426452637, 88.30805490447433, 2.974196648406411, -62.121662450287495, 0.0, 0.0, 0.0, 0.0, 0.0, 0.0
4.421665191650391, 88.30805490447433, 2.974196648406411, -62.121662450287495, 0.0, 0.0, 0.0, 0.0, 0.0, 0.0
4.4381256103515625, 88.30805490447433, 2.974196648406411, -62.121662450287495, 0.0, 0.0, 0.0, 0.0, 0.0, 0.0
4.438230276107788, 88.30805490447433, 2.974196648406411, -62.121662450287495, 0.0, 0.0, 0.0, 0.0, 0.0, 0.0
4.454856634140015, 88.30805490447433, 2.974196648406411, -62.121662450287495, 0.0, 0.0, 0.0, 0.0, 0.0, 0.0
4.454965353012085, 88.30805490447433, 2.974196648406411, -62.121662450287495, 0.0, 0.0, 0.0, 0.0, 0.0, 0.0
4.47445273399353, 88.30805490447433, 2.974196648406411, -62.121662450287495, 0.0, 0.0, 0.0, 0.0, 0.0, 0.0
4.474563360214233, 88.30805490447433, 2.974196648406411, -62.121662450287495, 0.0, 0.0, 0.0, 0.0, 0.0, 0.0
4.504931688308716, 88.30805490447433, 2.974196648406411, -62.121662450287495, 0.0, 0.0, 0.0, 0.0, 0.0, 0.0
4.505046606063843, 88.30805490447433, 2.974196648406411, -62.121662450287495, 0.0, 0.0, 0.0, 0.0, 0.0, 0.0
4.5215184688568115, 88.30805490447433, 2.974196648406411, -62.121662450287495, 0.0, 0.0, 0.0, 0.0, 0.0, 0.0
4.521626234054565, 88.30805490447433, 2.974196648406411, -62.121662450287495, 0.0, 0.0, 0.0, 0.0, 0.0, 0.0
4.538161277770996, 88.30805490447433, 2.974196648406411, -62.121662450287495, 0.0, 0.0, 0.0, 0.0, 0.0, 0.0
4.538271427154541, 88.30805490447433, 2.974196648406411, -62.121662450287495, 0.0, 0.0, 0.0, 0.0, 0.0, 0.0
4.554864883422852, 88.30805490447433, 2.974196648406411, -62.121662450287495, 0.0, 0.0, 0.0, 0.0, 0.0, 0.0
4.5549750328063965, 88.30805490447433, 2.974196648406411, -62.121662450287495, 0.0, 0.0, 0.0, 0.0, 0.0, 0.0
4.588621139526367, 88.30805490447433, 2.974196648406411, -62.121662450287495, 0.0, 0.0, 0.0, 0.0, 0.0, 0.0
4.5887391567230225, 88.30805490447433, 2.974196648406411, -62.121662450287495, 0.0, 0.0, 0.0, 0.0, 0.0, 0.0
4.6059417724609375, 88.30805490447433, 2.974196648406411, -62.121662450287495, 0.0, 0.0, 0.0, 0.0, 0.0, 0.0
4.60608696937561, 88.30805490447433, 2.974196648406411, -62.121662450287495, 0.0, 0.0, 0.0, 0.0, 0.0, 0.0
4.622472047805786, 88.30805490447433, 2.974196648406411, -62.121662450287495, 0.0, 0.0, 0.0, 0.0, 0.0, 0.0
4.622600793838501, 88.30805490447433, 2.974196648406411, -62.121662450287495, 0.0, 0.0, 0.0, 0.0, 0.0, 0.0
4.638976097106934, 88.30805490447433, 2.974196648406411, -62.121662450287495, 0.0, 0.0, 0.0, 0.0, 0.0, 0.0
4.639112710952759, 88.30805490447433, 2.974196648406411, -62.121662450287495, 0.0, 0.0, 0.0, 0.0, 0.0, 0.0
4.655735731124878, 88.30805490447433, 2.974196648406411, -62.121662450287495, 0.0, 0.0, 0.0, 0.0, 0.0, 0.0
4.655851125717163, 88.30805490447433, 2.974196648406411, -62.121662450287495, 0.0, 0.0, 0.0, 0.0, 0.0, 0.0
4.706236362457275, 88.30805490447433, 2.974196648406411, -62.121662450287495, 0.0, 0.0, 0.0, 0.0, 0.0, 0.0
4.706571578979492, 88.30805490447433, 2.974196648406411, -62.121662450287495, 0.0, 0.0, 0.0, 0.0, 0.0, 0.0
4.734931230545044, 88.30805490447433, 2.974196648406411, -62.121662450287495, 0.0, 0.0, 0.0, 0.0, 0.0, 0.0
4.735188007354736, 88.30805490447433, 2.974196648406411, -62.121662450287495, 0.0, 0.0, 0.0, 0.0, 0.0, 0.0
4.753027677536011, 88.30805490447433, 2.974196648406411, -62.121662450287495, 0.0, 0.0, 0.0, 0.0, 0.0, 0.0
4.753173828125, 88.30805490447433, 2.974196648406411, -62.121662450287495, 0.0, 0.0, 0.0, 0.0, 0.0, 0.0
4.771544694900513, 88.30805490447433, 2.974196648406411, -62.121662450287495, 0.0, 0.0, 0.0, 0.0, 0.0, 0.0
4.7716591358184814, 88.30805490447433, 2.974196648406411, -62.121662450287495, 0.0, 0.0, 0.0, 0.0, 0.0, 0.0
4.804760932922363, 88.30805490447433, 2.974196648406411, -62.121662450287495, 0.0, 0.0, 0.0, 0.0, 0.0, 0.0
4.804876804351807, 88.30805490447433, 2.974196648406411, -62.121662450287495, 0.0, 0.0, 0.0, 0.0, 0.0, 0.0
4.821565628051758, 88.30805490447433, 2.974196648406411, -62.121662450287495, 0.0, 0.0, 0.0, 0.0, 0.0, 0.0
4.821681261062622, 88.30805490447433, 2.974196648406411, -62.121662450287495, 0.0, 0.0, 0.0, 0.0, 0.0, 0.0
4.838270664215088, 88.30805490447433, 2.974196648406411, -62.121662450287495, 0.0, 0.0, 0.0, 0.0, 0.0, 0.0
4.838385343551636, 88.30805490447433, 2.974196648406411, -62.121662450287495, 0.0, 0.0, 0.0, 0.0, 0.0, 0.0
4.864972352981567, 88.30805490447433, 2.974196648406411, -62.121662450287495, 0.0, 0.0, 0.0, 0.0, 0.0, 0.0
4.865198373794556, 88.30805490447433, 2.974196648406411, -62.121662450287495, 0.0, 0.0, 0.0, 0.0, 0.0, 0.0
4.882399797439575, 88.30805490447433, 2.974196648406411, -62.121662450287495, 0.0, 0.0, 0.0, 0.0, 0.0, 0.0
4.882530689239502, 88.30805490447433, 2.974196648406411, -62.121662450287495, 0.0, 0.0, 0.0, 0.0, 0.0, 0.0
4.895616054534912, 88.30805490447433, 2.974196648406411, -62.121662450287495, 0.0, 0.0, 0.0, 0.0, 0.0, 0.0
4.895721912384033, 88.30805490447433, 2.974196648406411, -62.121662450287495, 0.0, 0.0, 0.0, 0.0, 0.0, 0.0
4.908995628356934, 88.30805490447433, 2.974196648406411, -62.121662450287495, 0.0, 0.0, 0.0, 0.0, 0.0, 0.0
4.909114122390747, 88.30805490447433, 2.974196648406411, -62.121662450287495, 0.0, 0.0, 0.0, 0.0, 0.0, 0.0
4.9382829666137695, 88.30805490447433, 2.974196648406411, -62.121662450287495, 0.0, 0.0, 0.0, 0.0, 0.0, 0.0
4.938398122787476, 88.30805490447433, 2.974196648406411, -62.121662450287495, 0.0, 0.0, 0.0, 0.0, 0.0, 0.0
4.955022096633911, 88.30805490447433, 2.974196648406411, -62.121662450287495, 0.0, 0.0, 0.0, 0.0, 0.0, 0.0
4.955138683319092, 88.30805490447433, 2.974196648406411, -62.121662450287495, 0.0, 0.0, 0.0, 0.0, 0.0, 0.0
4.971724987030029, 88.30805490447433, 2.974196648406411, -62.121662450287495, 0.0, 0.0, 0.0, 0.0, 0.0, 0.0
4.9718382358551025, 88.30805490447433, 2.974196648406411, -62.121662450287495, 0.0, 0.0, 0.0, 0.0, 0.0, 0.0
5.024493217468262, 88.30805490447433, 2.974196648406411, -62.121662450287495, 0.0, 0.0, 0.0, 0.0, 0.0, 0.0
5.0248589515686035, 88.30805490447433, 2.974196648406411, -62.121662450287495, 0.0, 0.0, 0.0, 0.0, 0.0, 0.0
5.0516040325164795, 88.30805490447433, 2.974196648406411, -62.121662450287495, 0.0, 0.0, 0.0, 0.0, 0.0, 0.0
5.051872730255127, 88.30805490447433, 2.974196648406411, -62.121662450287495, 0.0, 0.0, 0.0, 0.0, 0.0, 0.0
5.069808721542358, 88.30805490447433, 2.974196648406411, -62.121662450287495, 0.0, 0.0, 0.0, 0.0, 0.0, 0.0
5.06993842124939, 88.30805490447433, 2.974196648406411, -62.121662450287495, 0.0, 0.0, 0.0, 0.0, 0.0, 0.0
5.088369369506836, 88.30805490447433, 2.974196648406411, -62.121662450287495, 0.0, 0.0, 0.0, 0.0, 0.0, 0.0
5.088489294052124, 88.30805490447433, 2.974196648406411, -62.121662450287495, 0.0, 0.0, 0.0, 0.0, 0.0, 0.0
5.105576276779175, 88.30805490447433, 2.974196648406411, -62.121662450287495, 0.0, 0.0, 0.0, 0.0, 0.0, 0.0
5.105698585510254, 88.30805490447433, 2.974196648406411, -62.121662450287495, 0.0, 0.0, 0.0, 0.0, 0.0, 0.0
5.138317823410034, 88.30805490447433, 2.974196648406411, -62.121662450287495, 0.0, 0.0, 0.0, 0.0, 0.0, 0.0
5.138425350189209, 88.30805490447433, 2.974196648406411, -62.121662450287495, 0.0, 0.0, 0.0, 0.0, 0.0, 0.0
5.155627250671387, 88.30805490447433, 2.974196648406411, -62.121662450287495, 0.0, 0.0, 0.0, 0.0, 0.0, 0.0
5.15574049949646, 88.30805490447433, 2.974196648406411, -62.121662450287495, 0.0, 0.0, 0.0, 0.0, 0.0, 0.0
5.171395301818848, 88.30805490447433, 2.974196648406411, -62.121662450287495, 0.0, 0.0, 0.0, 0.0, 0.0, 0.0
5.171504497528076, 88.30805490447433, 2.974196648406411, -62.121662450287495, 0.0, 0.0, 0.0, 0.0, 0.0, 0.0
5.188210725784302, 88.30805490447433, 2.974196648406411, -62.121662450287495, 0.0, 0.0, 0.0, 0.0, 0.0, 0.0
5.188322305679321, 88.30805490447433, 2.974196648406411, -62.121662450287495, 0.0, 0.0, 0.0, 0.0, 0.0, 0.0
5.205204963684082, 88.30805490447433, 2.974196648406411, -62.121662450287495, 0.0, 0.0, 0.0, 0.0, 0.0, 0.0
5.205317497253418, 88.30805490447433, 2.974196648406411, -62.121662450287495, 0.0, 0.0, 0.0, 0.0, 0.0, 0.0
5.23805570602417, 88.30805490447433, 2.974196648406411, -62.121662450287495, 0.0, 0.0, 0.0, 0.0, 0.0, 0.0
5.23816704750061, 88.30805490447433, 2.974196648406411, -62.121662450287495, 0.0, 0.0, 0.0, 0.0, 0.0, 0.0
