# Timestamp, Fx, Fy, Fz, Tx, Ty, Tz, FemurPosX, FemurPosY, FemurPosZ, FemurQuatW, FemurQuatX, FemurQuatY, FemurQuatZ, TibiaPosX, TibiaPosY, TibiaPosZ, TibiaQuatW, TibiaQuatX, TibiaQuatY, TibiaQuatZ, Flexion, Adduction, Rotation, Anterior_Posterior, Medial_Lateral, Proximal_Distal
0.05604410171508789,-5.50109,4.14781,0.806497,0.321471,0.360522,0.781108,0.0368097,0.456104,0.328135,0.343922,0.649692,0.58319,-0.345697,0.0465992,0.278681,-0.114635,0.725777,0.18236,0.209037,-0.62952,85.2564511247629,3.4533657328807106,-48.024735420881946,-17.700720612533818,-10.703018830788587,10.88207795209038
0.0570368766784668,-5.50109,4.14781,0.806497,0.321471,0.360522,0.781108,0.0368097,0.456104,0.328135,0.343922,0.649692,0.58319,-0.345697,0.0465992,0.278681,-0.114635,0.725777,0.18236,0.209037,-0.62952,85.2564511247629,3.4533657328807106,-48.024735420881946,-17.700720612533818,-10.703018830788587,10.88207795209038
0.11505913734436035,-5.4658,4.21129,0.819874,0.32643,0.354779,0.794814,0.0368092,0.456104,0.328135,0.343955,0.649663,0.583197,-0.345708,0.046583,0.278791,-0.11462,0.724447,0.182897,0.209336,-0.630796,85.19452817359038,3.25941483946749,-46.022910740201226,-17.82537805970799,-10.47817066921266,11.023574265479727
0.11603903770446777,-5.4658,4.21129,0.819874,0.32643,0.354779,0.794814,0.0368092,0.456104,0.328135,0.343955,0.649663,0.583197,-0.345708,0.046583,0.278791,-0.11462,0.724447,0.182897,0.209336,-0.630796,85.19452817359038,3.25941483946749,-46.022910740201226,-17.82537805970799,-10.47817066921266,11.023574265479727
0.1739203929901123,-5.49466,4.17557,0.806352,0.324155,0.360105,0.787194,0.0368086,0.456104,0.328134,0.343935,0.64967,0.583206,-0.3457,0.0465239,0.278732,-0.114587,0.724316,0.182124,0.208901,-0.631314,85.29819994652702,3.2000998276580677,-46.13022444692782,-17.595904589667878,-10.336566416605399,10.793555008944244
0.17488336563110352,-5.49466,4.17557,0.806352,0.324155,0.360105,0.787194,0.0368086,0.456104,0.328134,0.343935,0.64967,0.583206,-0.3457,0.0465239,0.278732,-0.114587,0.724316,0.182124,0.208901,-0.631314,85.29819994652702,3.2000998276580677,-46.13022444692782,-17.595904589667878,-10.336566416605399,10.793555008944244
0.2330169677734375,-5.40282,4.16866,0.806251,0.323311,0.351771,0.787534,0.0368095,0.456104,0.328135,0.343927,0.64968,0.583197,-0.345703,0.046524,0.278728,-0.114585,0.724315,0.182138,0.208888,-0.631316,85.29870787537638,3.2020325038929,-46.14811530217667,-17.60094720941052,-10.341148925902543,10.79626501735479
0.23398232460021973,-5.40282,4.16866,0.806251,0.323311,0.351771,0.787534,0.0368095,0.456104,0.328135,0.343927,0.64968,0.583197,-0.345703,0.046524,0.278728,-0.114585,0.724315,0.182138,0.208888,-0.631316,85.29870787537638,3.2020325038929,-46.14811530217667,-17.60094720941052,-10.341148925902543,10.79626501735479
0.29194116592407227,-5.44559,4.18704,0.82601,0.324492,0.351846,0.790533,0.0368092,0.456104,0.328134,0.343912,0.649674,0.583208,-0.345712,0.0465987,0.27868,-0.114636,0.725758,0.182381,0.209022,-0.629542,85.25681268121858,3.451879672267316,-48.007681523139624,-17.701973565200703,-10.701850488149462,10.884630284383691
0.2929224967956543,-5.44559,4.18704,0.82601,0.324492,0.351846,0.790533,0.0368092,0.456104,0.328134,0.343912,0.649674,0.583208,-0.345712,0.0465987,0.27868,-0.114636,0.725758,0.182381,0.209022,-0.629542,85.25681268121858,3.451879672267316,-48.007681523139624,-17.701973565200703,-10.701850488149462,10.884630284383691
0.3511042594909668,-5.51297,4.23614,0.819432,0.329304,0.359225,0.799177,0.0368093,0.456103,0.328135,0.34394,0.649674,0.583195,-0.345706,0.046523,0.278729,-0.1146,0.724274,0.182259,0.208907,-0.631321,85.28649016302106,3.200734384752482,-46.05815940406891,-17.615243244386605,-10.373061737334465,10.830516525072733
0.35207653045654297,-5.51297,4.23614,0.819432,0.329304,0.359225,0.799177,0.0368093,0.456103,0.328135,0.34394,0.649674,0.583195,-0.345706,0.046523,0.278729,-0.1146,0.724274,0.182259,0.208907,-0.631321,85.28649016302106,3.200734384752482,-46.05815940406891,-17.615243244386605,-10.373061737334465,10.830516525072733
0.40999865531921387,-5.45012,4.181,0.79996,0.324418,0.357037,0.789045,0.0368052,0.456092,0.328141,0.34385,0.649913,0.58302,-0.345641,0.0465972,0.278683,-0.114635,0.725727,0.182383,0.209052,-0.629566,85.26062689579854,3.4596883195530874,-48.12482096429484,-17.740505037231422,-10.671861610926245,10.90133618416009
0.4109675884246826,-5.45012,4.181,0.79996,0.324418,0.357037,0.789045,0.0368052,0.456092,0.328141,0.34385,0.649913,0.58302,-0.345641,0.0465972,0.278683,-0.114635,0.725727,0.182383,0.209052,-0.629566,85.26062689579854,3.4596883195530874,-48.12482096429484,-17.740505037231422,-10.671861610926245,10.90133618416009
0.46935367584228516,-5.49747,4.20889,0.819508,0.326663,0.357692,0.793604,0.0368359,0.456086,0.328143,0.344554,0.649715,0.582911,-0.345496,0.0465414,0.278778,-0.114637,0.724138,0.183583,0.208774,-0.631138,85.14769770236627,3.1998951498589077,-45.2115324084263,-17.637021233250117,-11.109398392336026,10.926897681437563
0.4703214168548584,-5.49747,4.20889,0.819508,0.326663,0.357692,0.793604,0.0368359,0.456086,0.328143,0.344554,0.649715,0.582911,-0.345496,0.0465414,0.278778,-0.114637,0.724138,0.183583,0.208774,-0.631138,85.14769770236627,3.1998951498589077,-45.2115324084263,-17.637021233250117,-11.109398392336026,10.926897681437563
0.5297114849090576,-5.39567,4.20654,0.806217,0.326675,0.350893,0.795593,0.0368086,0.456103,0.328134,0.343925,0.649674,0.583213,-0.34569,0.0465956,0.278684,-0.114634,0.725692,0.1824,0.209046,-0.629603,85.25403420596692,3.439283917440109,-47.889851229277376,-17.7129460356862,-10.70045747614341,10.892162662939391
0.5306837558746338,-5.39567,4.20654,0.806217,0.326675,0.350893,0.795593,0.0368086,0.456103,0.328134,0.343925,0.649674,0.583213,-0.34569,0.0465956,0.278684,-0.114634,0.725692,0.1824,0.209046,-0.629603,85.25403420596692,3.439283917440109,-47.889851229277376,-17.7129460356862,-10.70045747614341,10.892162662939391
0.5894880294799805,-5.44067,4.19028,0.799843,0.325457,0.356589,0.791301,0.0368088,0.456102,0.328135,0.34391,0.649694,0.583186,-0.345712,0.0465808,0.278713,-0.114602,0.725166,0.181902,0.209204,-0.630301,85.28077195641796,3.331829274007566,-47.204191694359785,-17.63219672778131,-10.336131933079644,10.822572864929647
0.5905513763427734,-5.44067,4.19028,0.799843,0.325457,0.356589,0.791301,0.0368088,0.456102,0.328135,0.34391,0.649694,0.583186,-0.345712,0.0465808,0.278713,-0.114602,0.725166,0.181902,0.209204,-0.630301,85.28077195641796,3.331829274007566,-47.204191694359785,-17.63219672778131,-10.336131933079644,10.822572864929647
0.6492414474487305,-5.45626,4.21642,0.806648,0.327336,0.356359,0.796315,0.0368329,0.456116,0.328145,0.343443,0.649911,0.58299,-0.3461,0.0465967,0.278682,-0.114636,0.725728,0.182401,0.209017,-0.629572,85.26866199780036,3.5255992920675823,-48.65568555261722,-17.75626206222964,-10.402436287766696,10.944415302132608
0.6502118110656738,-5.45626,4.21642,0.806648,0.327336,0.356359,0.796315,0.0368329,0.456116,0.328145,0.343443,0.649911,0.58299,-0.3461,0.0465967,0.278682,-0.114636,0.725728,0.182401,0.209017,-0.629572,85.26866199780036,3.5255992920675823,-48.65568555261722,-17.75626206222964,-10.402436287766696,10.944415302132608
0.7094500064849854,-5.473,4.25108,0.812829,0.330632,0.356736,0.802589,0.0368325,0.456113,0.328143,0.343448,0.649898,0.582984,-0.346129,0.0465381,0.278704,-0.114617,0.724828,0.182628,0.208719,-0.63064,85.2841151012803,3.3917996307450133,-47.5947484009734,-17.714359227580317,-10.365880058601618,10.9096017246595
0.7104318141937256,-5.473,4.25108,0.812829,0.330632,0.356736,0.802589,0.0368325,0.456113,0.328143,0.343448,0.649898,0.582984,-0.346129,0.0465381,0.278704,-0.114617,0.724828,0.182628,0.208719,-0.63064,85.2841151012803,3.3917996307450133,-47.5947484009734,-17.714359227580317,-10.365880058601618,10.9096017246595
0.7692949771881104,-5.45738,4.21258,0.812866,0.32721,0.355573,0.795339,0.0368092,0.456102,0.328134,0.343932,0.649668,0.583203,-0.345713,0.0465209,0.278729,-0.114598,0.724248,0.182258,0.20892,-0.631347,85.28604086954348,3.1969977859156455,-46.02264012737353,-17.621075789957626,-10.35966325347101,10.833129323645771
0.7702643871307373,-5.45738,4.21258,0.812866,0.32721,0.355573,0.795339,0.0368092,0.456102,0.328134,0.343932,0.649668,0.583203,-0.345713,0.0465209,0.278729,-0.114598,0.724248,0.182258,0.20892,-0.631347,85.28604086954348,3.1969977859156455,-46.02264012737353,-17.621075789957626,-10.35966325347101,10.833129323645771
0.8297855854034424,-5.45548,4.2343,0.786671,0.32982,0.360346,0.799938,0.0368319,0.456114,0.328144,0.343472,0.649885,0.582988,-0.346123,0.0465235,0.27873,-0.114587,0.724325,0.182134,0.208898,-0.631302,85.30724523381754,3.2813851022155527,-46.85488752926284,-17.636342633637007,-10.030269736810613,10.845558791570387
0.8307673931121826,-5.45548,4.2343,0.786671,0.32982,0.360346,0.799938,0.0368319,0.456114,0.328144,0.343472,0.649885,0.582988,-0.346123,0.0465235,0.27873,-0.114587,0.724325,0.182134,0.208898,-0.631302,85.30724523381754,3.2813851022155527,-46.85488752926284,-17.636342633637007,-10.030269736810613,10.845558791570387
0.889718770980835,-5.46194,4.20973,0.819497,0.326731,0.35476,0.794663,0.0368091,0.456105,0.328134,0.343935,0.649654,0.58323,-0.345688,0.0465983,0.278683,-0.114632,0.725756,0.182357,0.209049,-0.629542,85.2560885360554,3.445437797627617,-47.95500397101695,-17.704231718564532,-10.704864266372324,10.881725474329084
0.8907866477966309,-5.46194,4.20973,0.819497,0.326731,0.35476,0.794663,0.0368091,0.456105,0.328134,0.343935,0.649654,0.58323,-0.345688,0.0465983,0.278683,-0.114632,0.725756,0.182357,0.209049,-0.629542,85.2560885360554,3.445437797627617,-47.95500397101695,-17.704231718564532,-10.704864266372324,10.881725474329084
0.9513194561004639,-5.51088,4.2613,0.793691,0.331773,0.364138,0.804063,0.036806,0.45611,0.32814,0.344277,0.649571,0.583336,-0.345326,0.0465388,0.278701,-0.11462,0.72487,0.182584,0.208701,-0.630611,85.27401103948628,3.2539784263710834,-46.42851884424413,-17.64163973056609,-10.958356680544476,10.830587741426138
0.9523062705993652,-5.51088,4.2613,0.793691,0.331773,0.364138,0.804063,0.036806,0.45611,0.32814,0.344277,0.649571,0.583336,-0.345326,0.0465388,0.278701,-0.11462,0.72487,0.182584,0.208701,-0.630611,85.27401103948628,3.2539784263710834,-46.42851884424413,-17.64163973056609,-10.958356680544476,10.830587741426138
1.0121681690216064,-5.44653,4.24874,0.799764,0.330651,0.356891,0.802631,0.0368104,0.456104,0.328133,0.343958,0.649651,0.583213,-0.3457,0.0465818,0.278714,-0.114601,0.725169,0.181899,0.209231,-0.630289,85.27526156007475,3.325687088055704,-47.12194039676502,-17.62660123534522,-10.352859601582585,10.820655471604137
1.0131478309631348,-5.44653,4.24874,0.799764,0.330651,0.356891,0.802631,0.0368104,0.456104,0.328133,0.343958,0.649651,0.583213,-0.3457,0.0465818,0.278714,-0.114601,0.725169,0.181899,0.209231,-0.630289,85.27526156007475,3.325687088055704,-47.12194039676502,-17.62660123534522,-10.352859601582585,10.820655471604137
1.0735132694244385,-5.49052,4.16093,0.800162,0.322638,0.360861,0.784339,0.0368105,0.456104,0.328134,0.343899,0.649698,0.583181,-0.345725,0.046525,0.27873,-0.114586,0.724336,0.182106,0.208888,-0.6313,85.30173996604468,3.208714243253454,-46.22538198975132,-17.595952599500457,-10.315755410520087,10.79034489415736
1.0744917392730713,-5.49052,4.16093,0.800162,0.322638,0.360861,0.784339,0.0368105,0.456104,0.328134,0.343899,0.649698,0.583181,-0.345725,0.046525,0.27873,-0.114586,0.724336,0.182106,0.208888,-0.6313,85.30173996604468,3.208714243253454,-46.22538198975132,-17.595952599500457,-10.315755410520087,10.79034489415736
1.1418051719665527,-5.457,4.21867,0.799695,0.3282,0.358213,0.796578,0.0368147,0.456093,0.328135,0.34397,0.649528,0.583406,-0.345595,0.0465423,0.278776,-0.114636,0.724196,0.183543,0.208762,-0.631087,85.21280424967901,3.2301079719001144,-45.75676281239313,-17.857513249855213,-10.905578559578306,11.025797141641153
1.1427955627441406,-5.457,4.21867,0.799695,0.3282,0.358213,0.796578,0.0368147,0.456093,0.328135,0.34397,0.649528,0.583406,-0.345595,0.0465423,0.278776,-0.114636,0.724196,0.183543,0.208762,-0.631087,85.21280424967901,3.2301079719001144,-45.75676281239313,-17.857513249855213,-10.905578559578306,11.025797141641153
1.2039484977722168,-5.43473,4.2289,0.819273,0.328436,0.351872,0.798971,0.0368087,0.456103,0.328134,0.343978,0.649652,0.583206,-0.34569,0.0465977,0.278684,-0.114635,0.725718,0.182382,0.209033,-0.629583,85.25109530168359,3.4386897308108746,-47.87005948311126,-17.682839819057918,-10.719200408448556,10.874973029955681
1.2049357891082764,-5.43473,4.2289,0.819273,0.328436,0.351872,0.798971,0.0368087,0.456103,0.328134,0.343978,0.649652,0.583206,-0.34569,0.0465977,0.278684,-0.114635,0.725718,0.182382,0.209033,-0.629583,85.25109530168359,3.4386897308108746,-47.87005948311126,-17.682839819057918,-10.719200408448556,10.874973029955681
1.2659192085266113,-5.41078,4.17821,0.826025,0.323487,0.348348,0.78945,0.0368085,0.456105,0.328134,0.343938,0.649654,0.583225,-0.345694,0.046581,0.278712,-0.114603,0.725166,0.181909,0.209239,-0.630288,85.2764573586775,3.326095076597055,-47.13099094865604,-17.640903522174575,-10.34957548169704,10.833574341689573
1.2668917179107666,-5.41078,4.17821,0.826025,0.323487,0.348348,0.78945,0.0368085,0.456105,0.328134,0.343938,0.649654,0.583225,-0.345694,0.046581,0.278712,-0.114603,0.725166,0.181909,0.209239,-0.630288,85.2764573586775,3.326095076597055,-47.13099094865604,-17.640903522174575,-10.34957548169704,10.833574341689573
1.327589750289917,-5.47318,4.17095,0.799882,0.323746,0.359492,0.786411,0.0368157,0.456093,0.328136,0.343952,0.649543,0.583389,-0.345613,0.0465223,0.278731,-0.114601,0.724271,0.182292,0.208923,-0.63131,85.29254675713317,3.182387167619958,-45.91916207162348,-17.650042485043723,-10.443858378218549,10.842225719374554
1.328568696975708,-5.47318,4.17095,0.799882,0.323746,0.359492,0.786411,0.0368157,0.456093,0.328136,0.343952,0.649543,0.583389,-0.345613,0.0465223,0.278731,-0.114601,0.724271,0.182292,0.208923,-0.63131,85.29254675713317,3.182387167619958,-45.91916207162348,-17.650042485043723,-10.443858378218549,10.842225719374554
1.3894410133361816,-5.41098,4.25528,0.806118,0.331221,0.352668,0.804837,0.0368107,0.456105,0.328134,0.343937,0.649691,0.583201,-0.345667,0.046582,0.278712,-0.114602,0.725164,0.181901,0.209206,-0.630303,85.281650307051,3.3253959555739994,-47.158558455683426,-17.640197418763556,-10.363622718741665,10.825203992055041
1.3904907703399658,-5.41098,4.25528,0.806118,0.331221,0.352668,0.804837,0.0368107,0.456105,0.328134,0.343937,0.649691,0.583201,-0.345667,0.046582,0.278712,-0.114602,0.725164,0.181901,0.209206,-0.630303,85.281650307051,3.3253959555739994,-47.158558455683426,-17.640197418763556,-10.363622718741665,10.825203992055041
1.4509696960449219,-5.49607,4.23533,0.806386,0.329457,0.360483,0.798809,0.0368327,0.456115,0.328145,0.343444,0.649907,0.582985,-0.346115,0.0465222,0.278731,-0.114601,0.72427,0.182279,0.208909,-0.63132,85.29883073828005,3.281666163162386,-46.7975401681681,-17.675699502681393,-10.060936359732004,10.89290042077417
1.4519305229187012,-5.49607,4.23533,0.806386,0.329457,0.360483,0.798809,0.0368327,0.456115,0.328145,0.343444,0.649907,0.582985,-0.346115,0.0465222,0.278731,-0.114601,0.72427,0.182279,0.208909,-0.63132,85.29883073828005,3.281666163162386,-46.7975401681681,-17.675699502681393,-10.060936359732004,10.89290042077417
1.5131950378417969,-5.44664,4.17334,0.812754,0.323729,0.354379,0.787656,0.0368313,0.456122,0.32815,0.34381,0.649808,0.583096,-0.345751,0.046598,0.278763,-0.114653,0.724976,0.183345,0.209122,-0.630129,85.18483160879997,3.3904764540883137,-47.01789870317744,-17.91410030360401,-10.772709392616688,11.10897573534908
1.5141682624816895,-5.44664,4.17334,0.812754,0.323729,0.354379,0.787656,0.0368313,0.456122,0.32815,0.34381,0.649808,0.583096,-0.345751,0.046598,0.278763,-0.114653,0.724976,0.183345,0.209122,-0.630129,85.18483160879997,3.3904764540883137,-47.01789870317744,-17.91410030360401,-10.772709392616688,11.10897573534908
1.5754759311676025,-5.4425,4.1587,0.806564,0.322212,0.355135,0.784801,0.0367979,0.456101,0.328115,0.344465,0.649394,0.583197,-0.345707,0.0465792,0.278712,-0.114602,0.72514,0.181929,0.209209,-0.630322,85.2251312140163,3.281961750412916,-46.469812649498415,-17.4314666813438,-10.515982402029616,10.718172657169042
1.5764379501342773,-5.4425,4.1587,0.806564,0.322212,0.355135,0.784801,0.0367979,0.456101,0.328115,0.344465,0.649394,0.583197,-0.345707,0.0465792,0.278712,-0.114602,0.72514,0.181929,0.209209,-0.630322,85.2251312140163,3.281961750412916,-46.469812649498415,-17.4314666813438,-10.515982402029616,10.718172657169042
1.6387090682983398,-5.45323,4.22169,0.812564,0.328242,0.35514,0.797013,0.0368156,0.456093,0.328137,0.34396,0.649532,0.583401,-0.345605,0.0465288,0.278803,-0.114606,0.723676,0.183061,0.208994,-0.631746,85.23194150955202,3.121908664389634,-44.987467418195465,-17.802539565697934,-10.538268350735423,10.982815752179345
1.639688491821289,-5.45323,4.22169,0.812564,0.328242,0.35514,0.797013,0.0368156,0.456093,0.328137,0.34396,0.649532,0.583401,-0.345605,0.0465288,0.278803,-0.114606,0.723676,0.183061,0.208994,-0.631746,85.23194150955202,3.121908664389634,-44.987467418195465,-17.802539565697934,-10.538268350735423,10.982815752179345
1.7022385597229004,-5.45103,4.2299,0.780419,0.329426,0.361715,0.799076,0.0368099,0.456103,0.328135,0.343926,0.649677,0.583191,-0.345721,0.0465401,0.278703,-0.114617,0.724885,0.182576,0.208688,-0.630601,85.27818706288518,3.319575668596451,-46.981046100797755,-17.64419982904534,-10.680813020083228,10.836112957190915
1.7032153606414795,-5.45103,4.2299,0.780419,0.329426,0.361715,0.799076,0.0368099,0.456103,0.328135,0.343926,0.649677,0.583191,-0.345721,0.0465401,0.278703,-0.114617,0.724885,0.182576,0.208688,-0.630601,85.27818706288518,3.319575668596451,-46.981046100797755,-17.64419982904534,-10.680813020083228,10.836112957190915
1.7649388313293457,-5.44104,4.18989,0.819379,0.32497,0.352659,0.791209,0.0368065,0.456113,0.328151,0.343719,0.649768,0.583342,-0.3455,0.0465385,0.278701,-0.114619,0.724866,0.182606,0.208689,-0.630614,85.31547299650201,3.3112344252880073,-47.125792516768996,-17.807237340228756,-10.716723597365386,10.926172875516743
1.765904188156128,-5.44104,4.18989,0.819379,0.32497,0.352659,0.791209,0.0368065,0.456113,0.328151,0.343719,0.649768,0.583342,-0.3455,0.0465385,0.278701,-0.114619,0.724866,0.182606,0.208689,-0.630614,85.31547299650201,3.3112344252880073,-47.125792516768996,-17.807237340228756,-10.716723597365386,10.926172875516743
1.8287370204925537,-5.48118,4.18715,0.806449,0.324962,0.358754,0.789417,0.0368083,0.456103,0.328134,0.343953,0.649639,0.583231,-0.345697,0.0465814,0.27871,-0.114604,0.725201,0.181925,0.209215,-0.630251,85.27566975299854,3.331250522109874,-47.16581271569646,-17.63120765615201,-10.374562675021423,10.826263057441878
1.8297133445739746,-5.48118,4.18715,0.806449,0.324962,0.358754,0.789417,0.0368083,0.456103,0.328134,0.343953,0.649639,0.583231,-0.345697,0.0465814,0.27871,-0.114604,0.725201,0.181925,0.209215,-0.630251,85.27566975299854,3.331250522109874,-47.16581271569646,-17.63120765615201,-10.374562675021423,10.826263057441878
1.8928472995758057,-5.42332,4.20029,0.799563,0.326565,0.35522,0.793374,0.0368169,0.456094,0.328136,0.343996,0.649531,0.583383,-0.345601,0.0465983,0.278683,-0.114635,0.725711,0.182417,0.209037,-0.62958,85.2569708453172,3.4206752903514386,-47.74115843076437,-17.712967162201377,-10.792553184605481,10.885136924308892
1.8938279151916504,-5.42332,4.20029,0.799563,0.326565,0.35522,0.793374,0.0368169,0.456094,0.328136,0.343996,0.649531,0.583383,-0.345601,0.0465983,0.278683,-0.114635,0.725711,0.182417,0.209037,-0.62958,85.2569708453172,3.4206752903514386,-47.74115843076437,-17.712967162201377,-10.792553184605481,10.885136924308892
1.956190824508667,-5.4313,4.20414,0.812972,0.326238,0.353089,0.794143,0.0368087,0.456105,0.328136,0.34389,0.649689,0.583206,-0.345708,0.0465943,0.278783,-0.11462,0.724512,0.182924,0.209158,-0.630773,85.2152230148446,3.276476527906156,-46.26465736142536,-17.818765660245035,-10.518716127264545,11.000730667656846
1.9571611881256104,-5.4313,4.20414,0.812972,0.326238,0.353089,0.794143,0.0368087,0.456105,0.328136,0.34389,0.649689,0.583206,-0.345708,0.0465943,0.278783,-0.11462,0.724512,0.182924,0.209158,-0.630773,85.2152230148446,3.276476527906156,-46.26465736142536,-17.818765660245035,-10.518716127264545,11.000730667656846
2.0201334953308105,-5.51995,4.2727,0.826048,0.332324,0.358638,0.80615,0.0368343,0.456116,0.328143,0.343439,0.649917,0.582972,-0.346123,0.0465823,0.27871,-0.114603,0.725201,0.181893,0.209195,-0.630266,85.29334881401402,3.4161415829990527,-47.9587802182263,-17.678073071498837,-10.03456620205715,10.874919016269185
2.0211095809936523,-5.51995,4.2727,0.826048,0.332324,0.358638,0.80615,0.0368343,0.456116,0.328143,0.343439,0.649917,0.582972,-0.346123,0.0465823,0.27871,-0.114603,0.725201,0.181893,0.209195,-0.630266,85.29334881401402,3.4161415829990527,-47.9587802182263,-17.678073071498837,-10.03456620205715,10.874919016269185
2.084350824356079,-5.52803,4.21032,0.812924,0.327023,0.361391,0.793369,0.0368349,0.456087,0.328142,0.344553,0.649701,0.582903,-0.345537,0.046582,0.278712,-0.114602,0.725185,0.181893,0.209197,-0.630284,85.22523021052706,3.2884680051474935,-46.58108788342557,-17.401264992322748,-10.618630324367198,10.699891445649712
2.085327625274658,-5.52803,4.21032,0.812924,0.327023,0.361391,0.793369,0.0368349,0.456087,0.328142,0.344553,0.649701,0.582903,-0.345537,0.046582,0.278712,-0.114602,0.725185,0.181893,0.209197,-0.630284,85.22523021052706,3.2884680051474935,-46.58108788342557,-17.401264992322748,-10.618630324367198,10.699891445649712
2.160999298095703,-5.40584,4.18715,0.806223,0.324955,0.3518,0.791365,0.03684,0.456105,0.328146,0.343503,0.649763,0.58317,-0.346014,0.046597,0.278685,-0.114635,0.725714,0.18238,0.209075,-0.629574,85.26951838698025,3.500128272562022,-48.448727007586534,-17.766633033646663,-10.451864045179565,10.944606652650318
2.1619725227355957,-5.40584,4.18715,0.806223,0.324955,0.3518,0.791365,0.03684,0.456105,0.328146,0.343503,0.649763,0.58317,-0.346014,0.046597,0.278685,-0.114635,0.725714,0.18238,0.209075,-0.629574,85.26951838698025,3.500128272562022,-48.448727007586534,-17.766633033646663,-10.451864045179565,10.944606652650318
2.2256383895874023,-5.46343,4.17285,0.800317,0.32347,0.358528,0.787109,0.0367931,0.456107,0.328121,0.344786,0.649282,0.583332,-0.345368,0.0465246,0.278728,-0.114588,0.724364,0.182135,0.208859,-0.63127,85.24484592493114,3.1088368581756933,-45.06097226416656,-17.36971498441786,-10.771998189528263,10.661715527857078
2.22660493850708,-5.46343,4.17285,0.800317,0.32347,0.358528,0.787109,0.0367931,0.456107,0.328121,0.344786,0.649282,0.583332,-0.345368,0.0465246,0.278728,-0.114588,0.724364,0.182135,0.208859,-0.63127,85.24484592493114,3.1088368581756933,-45.06097226416656,-17.36971498441786,-10.771998189528263,10.661715527857078
2.2901928424835205,-5.51003,4.22224,0.832706,0.327401,0.356141,0.795934,0.0368168,0.456094,0.328135,0.343986,0.649541,0.583359,-0.345633,0.046579,0.278715,-0.114602,0.72513,0.181905,0.209215,-0.630338,85.2821846435871,3.3035522944394473,-46.96276694450765,-17.629433266976648,-10.405487869901924,10.815285269022128
2.2911760807037354,-5.51003,4.22224,0.832706,0.327401,0.356141,0.795934,0.0368168,0.456094,0.328135,0.343986,0.649541,0.583359,-0.345633,0.046579,0.278715,-0.114602,0.72513,0.181905,0.209215,-0.630338,85.2821846435871,3.3035522944394473,-46.96276694450765,-17.629433266976648,-10.405487869901924,10.815285269022128
2.3540759086608887,-5.44214,4.17715,0.786551,0.324745,0.359168,0.788276,0.0367986,0.456101,0.328116,0.34446,0.64939,0.583198,-0.345716,0.0465386,0.278704,-0.114618,0.724865,0.182584,0.208697,-0.630618,85.22543144553941,3.2717759316849726,-46.28234218530362,-17.444815022938766,-10.846453395581948,10.731546417313368
2.355051040649414,-5.44214,4.17715,0.786551,0.324745,0.359168,0.788276,0.0367986,0.456101,0.328116,0.34446,0.64939,0.583198,-0.345716,0.0465386,0.278704,-0.114618,0.724865,0.182584,0.208697,-0.630618,85.22543144553941,3.2717759316849726,-46.28234218530362,-17.444815022938766,-10.846453395581948,10.731546417313368
2.4185421466827393,-5.42018,4.171,0.799689,0.323747,0.354533,0.787698,0.0368323,0.456115,0.328144,0.343459,0.649895,0.582993,-0.34611,0.0465798,0.278714,-0.114601,0.725149,0.181905,0.209201,-0.630321,85.29181679897147,3.404330232302324,-47.85014705103061,-17.676725179422863,-10.037041378599131,10.874669912885448
2.4194986820220947,-5.42018,4.171,0.799689,0.323747,0.354533,0.787698,0.0368323,0.456115,0.328144,0.343459,0.649895,0.582993,-0.34611,0.0465798,0.278714,-0.114601,0.725149,0.181905,0.209201,-0.630321,85.29181679897147,3.404330232302324,-47.85014705103061,-17.676725179422863,-10.037041378599131,10.874669912885448
2.482980489730835,-5.49324,4.20771,0.799595,0.327452,0.361604,0.793545,0.0368101,0.456103,0.328134,0.343974,0.64965,0.583217,-0.345679,0.0465246,0.27873,-0.114601,0.724297,0.182254,0.208937,-0.631287,85.28301446470793,3.1981562367829386,-46.01976244951964,-17.616974463148825,-10.392558628887539,10.832300893626801
2.4839534759521484,-5.49324,4.20771,0.799595,0.327452,0.361604,0.793545,0.0368101,0.456103,0.328134,0.343974,0.64965,0.583217,-0.345679,0.0465246,0.27873,-0.114601,0.724297,0.182254,0.208937,-0.631287,85.28301446470793,3.1981562367829386,-46.01976244951964,-17.616974463148825,-10.392558628887539,10.832300893626801
2.548473358154297,-5.45085,4.16519,0.793484,0.323235,0.358788,0.785926,0.0368093,0.456103,0.328134,0.343958,0.64966,0.583198,-0.345709,0.0465181,0.278727,-0.11458,0.724271,0.182084,0.208781,-0.631416,85.30979186087644,3.1901551041927108,-46.103896822819145,-17.55023538680988,-10.35098979156198,10.749783587677905
2.549445629119873,-5.45085,4.16519,0.793484,0.323235,0.358788,0.785926,0.0368093,0.456103,0.328134,0.343958,0.64966,0.583198,-0.345709,0.0465181,0.278727,-0.11458,0.724271,0.182084,0.208781,-0.631416,85.30979186087644,3.1901551041927108,-46.103896822819145,-17.55023538680988,-10.35098979156198,10.749783587677905
2.61592960357666,-5.45326,4.19224,0.800311,0.32519,0.357621,0.791338,0.0368093,0.456103,0.328133,0.343959,0.649663,0.583211,-0.345681,0.0465384,0.278701,-0.114619,0.724878,0.182573,0.208693,-0.630608,85.27812559361858,3.3117221517047826,-46.917207401166756,-17.646359824790974,-10.706288284817228,10.836819575213347
2.6169042587280273,-5.45326,4.19224,0.800311,0.32519,0.357621,0.791338,0.0368093,0.456103,0.328133,0.343959,0.649663,0.583211,-0.345681,0.0465384,0.278701,-0.114619,0.724878,0.182573,0.208693,-0.630608,85.27812559361858,3.3117221517047826,-46.917207401166756,-17.646359824790974,-10.706288284817228,10.836819575213347
2.681062936782837,-5.44354,4.21885,0.787062,0.328001,0.359444,0.796509,0.0368099,0.456103,0.328134,0.343918,0.649679,0.583205,-0.345702,0.0465411,0.278702,-0.114619,0.724871,0.182586,0.208704,-0.630608,85.27848641800482,3.3163859573249055,-46.95646808239868,-17.660569858892842,-10.681875920113368,10.848071804972399
2.68203067779541,-5.44354,4.21885,0.787062,0.328001,0.359444,0.796509,0.0368099,0.456103,0.328134,0.343918,0.649679,0.583205,-0.345702,0.0465411,0.278702,-0.114619,0.724871,0.182586,0.208704,-0.630608,85.27848641800482,3.3163859573249055,-46.95646808239868,-17.660569858892842,-10.681875920113368,10.848071804972399
2.7455508708953857,-5.4676,4.19415,0.7933,0.326028,0.360456,0.791054,0.0368096,0.456103,0.328135,0.343931,0.649651,0.583231,-0.345698,0.0465821,0.27871,-0.114602,0.725199,0.181864,0.209201,-0.630275,85.2837364176114,3.3298183159059356,-47.20405294419848,-17.622418823344308,-10.348525711645465,10.814609727858361
2.7465262413024902,-5.4676,4.19415,0.7933,0.326028,0.360456,0.791054,0.0368096,0.456103,0.328135,0.343931,0.649651,0.583231,-0.345698,0.0465821,0.27871,-0.114602,0.725199,0.181864,0.209201,-0.630275,85.2837364176114,3.3298183159059356,-47.20405294419848,-17.622418823344308,-10.348525711645465,10.814609727858361
2.8104774951934814,-5.50103,4.22069,0.819823,0.327486,0.358322,0.795749,0.0368101,0.456104,0.328135,0.343916,0.649681,0.583199,-0.345711,0.0465383,0.278798,-0.114602,0.723713,0.18312,0.208844,-0.631736,85.2332300701831,3.154674279755365,-45.27462623730738,-17.770615302937195,-10.51953764703718,10.95838267822182
2.811452627182007,-5.50103,4.22069,0.819823,0.327486,0.358322,0.795749,0.0368101,0.456104,0.328135,0.343916,0.649681,0.583199,-0.345711,0.0465383,0.278798,-0.114602,0.723713,0.18312,0.208844,-0.631736,85.2332300701831,3.154674279755365,-45.27462623730738,-17.770615302937195,-10.51953764703718,10.95838267822182
2.8752810955047607,-5.49111,4.21385,0.793903,0.327336,0.36244,0.795105,0.0368105,0.456105,0.328134,0.343934,0.649673,0.583214,-0.345682,0.0465429,0.27878,-0.114638,0.724157,0.183579,0.208792,-0.631112,85.20030693129925,3.2463633182219125,-45.83790823520853,-17.857953386757593,-10.833003218752403,11.044517302249902
2.8762621879577637,-5.49111,4.21385,0.793903,0.327336,0.36244,0.795105,0.0368105,0.456105,0.328134,0.343934,0.649673,0.583214,-0.345682,0.0465429,0.27878,-0.114638,0.724157,0.183579,0.208792,-0.631112,85.20030693129925,3.2463633182219125,-45.83790823520853,-17.857953386757593,-10.833003218752403,11.044517302249902
2.9414095878601074,-5.43712,4.26164,0.832465,0.330893,0.349414,0.80553,0.0368104,0.456104,0.328135,0.343939,0.649674,0.583202,-0.345696,0.0465815,0.27871,-0.1146,0.725173,0.181887,0.209211,-0.630295,85.2799383478486,3.3277860172217912,-47.16746914656779,-17.629064329738846,-10.349547955364756,10.820427600381691
2.942396640777588,-5.43712,4.26164,0.832465,0.330893,0.349414,0.80553,0.0368104,0.456104,0.328135,0.343939,0.649674,0.583202,-0.345696,0.0465815,0.27871,-0.1146,0.725173,0.181887,0.209211,-0.630295,85.2799383478486,3.3277860172217912,-47.16746914656779,-17.629064329738846,-10.349547955364756,10.820427600381691
3.0077624320983887,-5.46605,4.20312,0.793483,0.326607,0.359905,0.793324,0.036816,0.456093,0.328137,0.343989,0.649515,0.583401,-0.345609,0.0465225,0.278731,-0.114585,0.724306,0.182099,0.208877,-0.631341,85.30829347867734,3.1743266824179655,-45.9516220381139,-17.590490508926113,-10.40992393738035,10.777090746581791
3.0087430477142334,-5.46605,4.20312,0.793483,0.326607,0.359905,0.793324,0.036816,0.456093,0.328137,0.343989,0.649515,0.583401,-0.345609,0.0465225,0.278731,-0.114585,0.724306,0.182099,0.208877,-0.631341,85.30829347867734,3.1743266824179655,-45.9516220381139,-17.590490508926113,-10.40992393738035,10.777090746581791
3.073679208755493,-5.41601,4.16776,0.806229,0.323236,0.352707,0.787136,0.0368337,0.456115,0.328145,0.343437,0.649902,0.583,-0.346106,0.0465383,0.278703,-0.114618,0.724835,0.182614,0.208663,-0.630655,85.29350962714082,3.3907128708568113,-47.63719776506244,-17.708678297373734,-10.384975359800046,10.900586445079437
3.074648857116699,-5.41601,4.16776,0.806229,0.323236,0.352707,0.787136,0.0368337,0.456115,0.328145,0.343437,0.649902,0.583,-0.346106,0.0465383,0.278703,-0.114618,0.724835,0.182614,0.208663,-0.630655,85.29350962714082,3.3907128708568113,-47.63719776506244,-17.708678297373734,-10.384975359800046,10.900586445079437
3.147783041000366,-5.46974,4.18498,0.845017,0.324306,0.349906,0.789047,0.0368366,0.456086,0.328143,0.344554,0.649726,0.582896,-0.3455,0.0465402,0.2787,-0.114632,0.724826,0.18277,0.208775,-0.630584,85.20340890332709,3.2725690042773277,-46.21442558705624,-17.494193662204317,-11.005626002790104,10.79632546555125
3.1487531661987305,-5.46974,4.18498,0.845017,0.324306,0.349906,0.789047,0.0368366,0.456086,0.328143,0.344554,0.649726,0.582896,-0.3455,0.0465402,0.2787,-0.114632,0.724826,0.18277,0.208775,-0.630584,85.20340890332709,3.2725690042773277,-46.21442558705624,-17.494193662204317,-11.005626002790104,10.79632546555125
3.2143869400024414,-5.42927,4.15865,0.826158,0.321749,0.350223,0.785256,0.0368334,0.456115,0.328145,0.343452,0.649903,0.582994,-0.346099,0.046538,0.278701,-0.114634,0.724789,0.182763,0.208723,-0.630645,85.27577168937256,3.389306764729396,-47.51595899399329,-17.744037389044966,-10.418873216834793,10.955321424473489
3.215359926223755,-5.42927,4.15865,0.826158,0.321749,0.350223,0.785256,0.0368334,0.456115,0.328145,0.343452,0.649903,0.582994,-0.346099,0.046538,0.278701,-0.114634,0.724789,0.182763,0.208723,-0.630645,85.27577168937256,3.389306764729396,-47.51595899399329,-17.744037389044966,-10.418873216834793,10.955321424473489
3.2816998958587646,-5.4233,4.18794,0.806405,0.325022,0.353827,0.791137,0.0368086,0.456104,0.328134,0.34391,0.649656,0.583223,-0.345722,0.0465824,0.278712,-0.114603,0.72518,0.181944,0.209233,-0.630263,85.27489867144286,3.334469010023549,-47.1860563806343,-17.64954998717289,-10.345763760941004,10.83974571964955
3.2826619148254395,-5.4233,4.18794,0.806405,0.325022,0.353827,0.791137,0.0368086,0.456104,0.328134,0.34391,0.649656,0.583223,-0.345722,0.0465824,0.278712,-0.114603,0.72518,0.181944,0.209233,-0.630263,85.27489867144286,3.334469010023549,-47.1860563806343,-17.64954998717289,-10.345763760941004,10.83974571964955
3.3491251468658447,-5.42214,4.20888,0.819282,0.326657,0.350738,0.795551,0.036835,0.456115,0.328145,0.343455,0.649904,0.582999,-0.346084,0.0466018,0.278681,-0.114637,0.725772,0.182396,0.209043,-0.629514,85.26638110356332,3.5299115915822736,-48.68081143139913,-17.762014286559758,-10.413801431882217,10.948512563554523
3.350107192993164,-5.42214,4.20888,0.819282,0.326657,0.350738,0.795551,0.036835,0.456115,0.328145,0.343455,0.649904,0.582999,-0.346084,0.0466018,0.278681,-0.114637,0.725772,0.182396,0.209043,-0.629514,85.26638110356332,3.5299115915822736,-48.68081143139913,-17.762014286559758,-10.413801431882217,10.948512563554523
3.4164135456085205,-5.48113,4.18619,0.826021,0.324424,0.354778,0.789473,0.0368351,0.456115,0.328143,0.343462,0.64991,0.58299,-0.346084,0.0465822,0.278711,-0.114601,0.725196,0.181887,0.209225,-0.630264,85.29203259391885,3.409396995886371,-47.90040042603002,-17.688897717130125,-10.048418481400953,10.878831868419116
3.417388439178467,-5.48113,4.18619,0.826021,0.324424,0.354778,0.789473,0.0368351,0.456115,0.328143,0.343462,0.64991,0.58299,-0.346084,0.0465822,0.278711,-0.114601,0.725196,0.181887,0.209225,-0.630264,85.29203259391885,3.409396995886371,-47.90040042603002,-17.688897717130125,-10.048418481400953,10.878831868419116
3.4840548038482666,-5.47631,4.18218,0.800233,0.324517,0.360077,0.788704,0.0368063,0.456111,0.328141,0.344259,0.649579,0.583331,-0.345337,0.0465409,0.278778,-0.114651,0.724105,0.183714,0.208852,-0.631112,85.18060745892225,3.188218238753087,-45.25032313528329,-17.880624411083225,-11.104887125828887,11.082849400290023
3.4850502014160156,-5.47631,4.18218,0.800233,0.324517,0.360077,0.788704,0.0368063,0.456111,0.328141,0.344259,0.649579,0.583331,-0.345337,0.0465409,0.278778,-0.114651,0.724105,0.183714,0.208852,-0.631112,85.18060745892225,3.188218238753087,-45.25032313528329,-17.880624411083225,-11.104887125828887,11.082849400290023
3.553802013397217,-5.43311,4.18397,0.832423,0.323998,0.349052,0.789936,0.0368343,0.456115,0.328145,0.343417,0.649911,0.583009,-0.346094,0.046599,0.278683,-0.114634,0.725738,0.18236,0.209038,-0.629565,85.27313257080694,3.5257052433898264,-48.68615496419329,-17.765475854743283,-10.37930031526321,10.944872858323748
3.5547635555267334,-5.43311,4.18397,0.832423,0.323998,0.349052,0.789936,0.0368343,0.456115,0.328145,0.343417,0.649911,0.583009,-0.346094,0.046599,0.278683,-0.114634,0.725738,0.18236,0.209038,-0.629565,85.27313257080694,3.5257052433898264,-48.68615496419329,-17.765475854743283,-10.37930031526321,10.944872858323748
3.6213982105255127,-5.4373,4.18151,0.819518,0.324006,0.352169,0.789352,0.0368336,0.456115,0.328144,0.343471,0.649891,0.582972,-0.34614,0.0465229,0.278731,-0.114588,0.724322,0.182115,0.208893,-0.631312,85.30768201234923,3.282193042002344,-46.86564917989198,-17.623815415581745,-10.017886118645999,10.839280429272934
3.622366189956665,-5.4373,4.18151,0.819518,0.324006,0.352169,0.789352,0.0368336,0.456115,0.328144,0.343471,0.649891,0.582972,-0.34614,0.0465229,0.278731,-0.114588,0.724322,0.182115,0.208893,-0.631312,85.30768201234923,3.282193042002344,-46.86564917989198,-17.623815415581745,-10.017886118645999,10.839280429272934
3.6890063285827637,-5.45162,4.17106,0.819349,0.323301,0.353611,0.786832,0.0368163,0.456093,0.328136,0.34397,0.649524,0.583413,-0.34559,0.0465205,0.278732,-0.114601,0.724219,0.182271,0.208945,-0.631368,85.29293772144669,3.168295687218808,-45.80220516990675,-17.650479685359066,-10.436398535925353,10.844889266457713
3.690035581588745,-5.45162,4.17106,0.819349,0.323301,0.353611,0.786832,0.0368163,0.456093,0.328136,0.34397,0.649524,0.583413,-0.34559,0.0465205,0.278732,-0.114601,0.724219,0.182271,0.208945,-0.631368,85.29293772144669,3.168295687218808,-45.80220516990675,-17.650479685359066,-10.436398535925353,10.844889266457713
3.757167100906372,-5.44564,4.188,0.806438,0.32503,0.355822,0.790477,0.0368084,0.456104,0.328133,0.343949,0.649651,0.583214,-0.34571,0.0465952,0.278682,-0.114636,0.725709,0.182397,0.209016,-0.629595,85.25326410873612,3.441170711310051,-47.89695267743739,-17.68925843090344,-10.712335488696313,10.879500229412194
3.7581377029418945,-5.44564,4.188,0.806438,0.32503,0.355822,0.790477,0.0368084,0.456104,0.328133,0.343949,0.649651,0.583214,-0.34571,0.0465952,0.278682,-0.114636,0.725709,0.182397,0.209016,-0.629595,85.25326410873612,3.441170711310051,-47.89695267743739,-17.68925843090344,-10.712335488696313,10.879500229412194
3.825273036956787,-5.45323,4.20364,0.813041,0.326195,0.355039,0.793631,0.0368079,0.456103,0.328134,0.343912,0.64967,0.5832,-0.345733,0.0465378,0.278702,-0.114619,0.724873,0.182582,0.208685,-0.630614,85.27882639937039,3.3192621508484423,-46.978768744455365,-17.646491670399044,-10.672533835333569,10.840001477286393
3.826251268386841,-5.45323,4.20364,0.813041,0.326195,0.355039,0.793631,0.0368079,0.456103,0.328134,0.343912,0.64967,0.5832,-0.345733,0.0465378,0.278702,-0.114619,0.724873,0.182582,0.208685,-0.630614,85.27882639937039,3.3192621508484423,-46.978768744455365,-17.646491670399044,-10.672533835333569,10.840001477286393
3.8933558464050293,-5.42563,4.22889,0.799646,0.32889,0.354789,0.799177,0.0368092,0.456104,0.328134,0.343947,0.649667,0.583205,-0.345696,0.0465243,0.278732,-0.114586,0.724314,0.182131,0.208868,-0.631325,85.29988370460529,3.199022717910182,-46.12784052167923,-17.586427190657247,-10.352579002141095,10.783943081928165
3.8943307399749756,-5.42563,4.22889,0.799646,0.32889,0.354789,0.799177,0.0368092,0.456104,0.328134,0.343947,0.649667,0.583205,-0.345696,0.0465243,0.278732,-0.114586,0.724314,0.182131,0.208868,-0.631325,85.29988370460529,3.199022717910182,-46.12784052167923,-17.586427190657247,-10.352579002141095,10.783943081928165
3.961639881134033,-5.46402,4.16998,0.799827,0.323662,0.358433,0.786673,0.0368092,0.456105,0.328135,0.343945,0.649656,0.58322,-0.345693,0.0465799,0.278715,-0.114602,0.725132,0.18191,0.20923,-0.630329,85.27678157832318,3.320349038527857,-47.08421433007996,-17.63418496182014,-10.346991120285221,10.829250663023801
3.9626104831695557,-5.46402,4.16998,0.799827,0.323662,0.358433,0.786673,0.0368092,0.456105,0.328135,0.343945,0.649656,0.58322,-0.345693,0.0465799,0.278715,-0.114602,0.725132,0.18191,0.20923,-0.630329,85.27678157832318,3.320349038527857,-47.08421433007996,-17.63418496182014,-10.346991120285221,10.829250663023801
4.030092000961304,-5.47102,4.20084,0.800078,0.326179,0.359138,0.7925,0.0368429,0.456114,0.328145,0.344137,0.648453,0.583868,-0.346663,0.0465385,0.278703,-0.114618,0.724851,0.1826,0.208677,-0.630637,85.20571079848462,3.3139337591353066,-46.34298481785415,-17.25737090691741,-10.488626769460675,10.730771234328412
4.031079292297363,-5.47102,4.20084,0.800078,0.326179,0.359138,0.7925,0.0368429,0.456114,0.328145,0.344137,0.648453,0.583868,-0.346663,0.0465385,0.278703,-0.114618,0.724851,0.1826,0.208677,-0.630637,85.20571079848462,3.3139337591353066,-46.34298481785415,-17.25737090691741,-10.488626769460675,10.730771234328412
4.09934663772583,-5.45638,4.15909,0.819161,0.322461,0.353949,0.784722,0.0368343,0.456115,0.328146,0.343437,0.649907,0.582996,-0.346103,0.0465418,0.278781,-0.114637,0.724167,0.183536,0.208797,-0.63111,85.21603571491441,3.3279124226895056,-46.59561484293178,-17.899767329856164,-10.495862375088326,11.093289887417814
4.1003406047821045,-5.45638,4.15909,0.819161,0.322461,0.353949,0.784722,0.0368343,0.456115,0.328146,0.343437,0.649907,0.582996,-0.346103,0.0465418,0.278781,-0.114637,0.724167,0.183536,0.208797,-0.63111,85.21603571491441,3.3279124226895056,-46.59561484293178,-17.899767329856164,-10.495862375088326,11.093289887417814
4.183004379272461,-5.44466,4.27365,0.80625,0.332856,0.35566,0.808041,0.0368094,0.456106,0.328134,0.343933,0.649666,0.583211,-0.3457,0.0465431,0.2787,-0.114634,0.724847,0.182749,0.208725,-0.630582,85.26309537499402,3.3188515544084485,-46.8759612407706,-17.690738870273965,-10.733629366072746,10.896049378181058
4.183967113494873,-5.44466,4.27365,0.80625,0.332856,0.35566,0.808041,0.0368094,0.456106,0.328134,0.343933,0.649666,0.583211,-0.3457,0.0465431,0.2787,-0.114634,0.724847,0.182749,0.208725,-0.630582,85.26309537499402,3.3188515544084485,-46.8759612407706,-17.690738870273965,-10.733629366072746,10.896049378181058
4.253062963485718,-5.46537,4.21643,0.826275,0.326882,0.353442,0.796109,0.0368164,0.456094,0.328137,0.344015,0.649522,0.583374,-0.345617,0.0465998,0.278685,-0.114636,0.725717,0.182394,0.209036,-0.62958,85.25560312663323,3.4205760750180745,-47.73413990371235,-17.69132881063443,-10.783233177750912,10.875016251400421
4.254035949707031,-5.46537,4.21643,0.826275,0.326882,0.353442,0.796109,0.0368164,0.456094,0.328137,0.344015,0.649522,0.583374,-0.345617,0.0465998,0.278685,-0.114636,0.725717,0.182394,0.209036,-0.62958,85.25560312663323,3.4205760750180745,-47.73413990371235,-17.69132881063443,-10.783233177750912,10.875016251400421
4.32257866859436,-5.44725,4.23863,0.799653,0.32997,0.357351,0.800658,0.0368176,0.456104,0.328135,0.344624,0.648218,0.584104,-0.346222,0.0465988,0.278684,-0.114636,0.725734,0.18238,0.20905,-0.62956,85.17012798027055,3.3635906388301158,-46.63664561368796,-17.26552578062842,-10.820019319348937,10.724601386429098
4.323581218719482,-5.44725,4.23863,0.799653,0.32997,0.357351,0.800658,0.0368176,0.456104,0.328135,0.344624,0.648218,0.584104,-0.346222,0.0465988,0.278684,-0.114636,0.725734,0.18238,0.20905,-0.62956,85.17012798027055,3.3635906388301158,-46.63664561368796,-17.26552578062842,-10.820019319348937,10.724601386429098
4.3919517993927,-5.43648,4.19273,0.812748,0.325449,0.353472,0.791885,0.0368099,0.456104,0.328134,0.343931,0.649664,0.583214,-0.345702,0.0465819,0.278713,-0.114601,0.725148,0.181904,0.209235,-0.630312,85.27724467617914,3.3246739669861856,-47.12397772593277,-17.638859107519302,-10.337704526404993,10.829994667736909
4.392925500869751,-5.43648,4.19273,0.812748,0.325449,0.353472,0.791885,0.0368099,0.456104,0.328134,0.343931,0.649664,0.583214,-0.345702,0.0465819,0.278713,-0.114601,0.725148,0.181904,0.209235,-0.630312,85.27724467617914,3.3246739669861856,-47.12397772593277,-17.638859107519302,-10.337704526404993,10.829994667736909
4.461176872253418,-5.42889,4.15904,0.806622,0.322237,0.354153,0.785348,0.0368091,0.456104,0.328134,0.343923,0.649679,0.583223,-0.345665,0.0465382,0.278702,-0.114619,0.724831,0.182611,0.208699,-0.630649,85.27995208381859,3.307094130407859,-46.88524952623902,-17.676206162131116,-10.701339551063597,10.856943893726093
4.462132453918457,-5.42889,4.15904,0.806622,0.322237,0.354153,0.785348,0.0368091,0.456104,0.328134,0.343923,0.649679,0.583223,-0.345665,0.0465382,0.278702,-0.114619,0.724831,0.182611,0.208699,-0.630649,85.27995208381859,3.307094130407859,-46.88524952623902,-17.676206162131116,-10.701339551063597,10.856943893726093
4.530953407287598,-5.45327,4.20459,0.793469,0.326733,0.359014,0.793574,0.036834,0.456115,0.328145,0.343445,0.649913,0.582998,-0.34608,0.0465799,0.278714,-0.114601,0.725148,0.181905,0.209224,-0.630314,85.29324716646214,3.4030697206352083,-47.85220545154423,-17.69754555274229,-10.039998271712046,10.88662387587954
4.531922101974487,-5.45327,4.20459,0.793469,0.326733,0.359014,0.793574,0.036834,0.456115,0.328145,0.343445,0.649913,0.582998,-0.34608,0.0465799,0.278714,-0.114601,0.725148,0.181905,0.209224,-0.630314,85.29324716646214,3.4030697206352083,-47.85220545154423,-17.69754555274229,-10.039998271712046,10.88662387587954
4.600552558898926,-5.49291,4.21173,0.812877,0.327142,0.358505,0.79428,0.0368398,0.456105,0.328145,0.343518,0.649767,0.583148,-0.346029,0.0465823,0.278788,-0.114619,0.724463,0.18286,0.2093,-0.6308,85.21895977678277,3.320000426776586,-46.639291647660556,-17.870287478313717,-10.235473928385732,11.058205181850376
4.601525068283081,-5.49291,4.21173,0.812877,0.327142,0.358505,0.79428,0.0368398,0.456105,0.328145,0.343518,0.649767,0.583148,-0.346029,0.0465823,0.278788,-0.114619,0.724463,0.18286,0.2093,-0.6308,85.21895977678277,3.320000426776586,-46.639291647660556,-17.870287478313717,-10.235473928385732,11.058205181850376
4.67129373550415,-5.43015,4.21939,0.819484,0.32737,0.351292,0.797411,0.0368075,0.456104,0.328132,0.343932,0.649673,0.583194,-0.345717,0.0465206,0.278732,-0.114586,0.724296,0.182117,0.208892,-0.631342,85.29852448382921,3.198578041146063,-46.11827558760487,-17.58917767941487,-10.324462419608912,10.787418889718655
4.672262668609619,-5.43015,4.21939,0.819484,0.32737,0.351292,0.797411,0.0368075,0.456104,0.328132,0.343932,0.649673,0.583194,-0.345717,0.0465206,0.278732,-0.114586,0.724296,0.182117,0.208892,-0.631342,85.29852448382921,3.198578041146063,-46.11827558760487,-17.58917767941487,-10.324462419608912,10.787418889718655
4.741657972335815,-5.4766,4.17764,0.80666,0.323897,0.358173,0.787857,0.0368037,0.456091,0.328117,0.344461,0.649269,0.583376,-0.345642,0.0466389,0.278665,-0.114628,0.72583,0.182712,0.208434,-0.629558,85.24200748579867,3.420674037091717,-47.58139911759019,-17.459189553383364,-11.169883011838554,10.691830195141257
4.742628335952759,-5.4766,4.17764,0.80666,0.323897,0.358173,0.787857,0.0368037,0.456091,0.328117,0.344461,0.649269,0.583376,-0.345642,0.0466389,0.278665,-0.114628,0.72583,0.182712,0.208434,-0.629558,85.24200748579867,3.420674037091717,-47.58139911759019,-17.459189553383364,-11.169883011838554,10.691830195141257
4.811622858047485,-5.42632,4.20642,0.806377,0.326666,0.353856,0.794967,0.0368694,0.456097,0.328151,0.344779,0.648506,0.583541,-0.346478,0.0465213,0.278734,-0.114588,0.724291,0.182146,0.20888,-0.631343,85.16849694859329,3.155221234942107,-44.904031130831676,-16.97471936129943,-10.417213617168668,10.561010544528955
4.812582492828369,-5.42632,4.20642,0.806377,0.326666,0.353856,0.794967,0.0368694,0.456097,0.328151,0.344779,0.648506,0.583541,-0.346478,0.0465213,0.278734,-0.114588,0.724291,0.182146,0.20888,-0.631343,85.16849694859329,3.155221234942107,-44.904031130831676,-16.97471936129943,-10.417213617168668,10.561010544528955
4.881807804107666,-5.38238,4.20899,0.799495,0.327121,0.350692,0.796383,0.036839,0.456106,0.328146,0.343469,0.649787,0.583147,-0.346043,0.0465964,0.278686,-0.114635,0.725705,0.182408,0.209033,-0.629591,85.27214251442932,3.5062419474993374,-48.507143389303344,-17.766204844516754,-10.445012282030994,10.942547168483154
4.8827807903289795,-5.38238,4.20899,0.799495,0.327121,0.350692,0.796383,0.036839,0.456106,0.328146,0.343469,0.649787,0.583147,-0.346043,0.0465964,0.278686,-0.114635,0.725705,0.182408,0.209033,-0.629591,85.27214251442932,3.5062419474993374,-48.507143389303344,-17.766204844516754,-10.445012282030994,10.942547168483154
4.952443838119507,-5.46196,4.20403,0.813132,0.326228,0.356052,0.793517,0.036808,0.456103,0.328134,0.34396,0.649645,0.583227,-0.345686,0.0465986,0.27876,-0.114653,0.725002,0.183335,0.209082,-0.630115,85.18230895651156,3.369304382987744,-46.81888036142172,-17.870256164715073,-10.84790634723794,11.058170935841453
4.953400373458862,-5.46196,4.20403,0.813132,0.326228,0.356052,0.793517,0.036808,0.456103,0.328134,0.34396,0.649645,0.583227,-0.345686,0.0465986,0.27876,-0.114653,0.725002,0.183335,0.209082,-0.630115,85.18230895651156,3.369304382987744,-46.81888036142172,-17.870256164715073,-10.84790634723794,11.058170935841453
5.022952556610107,-5.43169,4.19805,0.826143,0.325248,0.350449,0.792905,0.0368098,0.456103,0.328135,0.343942,0.64969,0.58318,-0.345699,0.0465814,0.278713,-0.114601,0.725144,0.18188,0.209225,-0.630326,85.27835748840486,3.323980954120533,-47.130216807486114,-17.62459060956393,-10.332608036414015,10.820431239004332
5.023911237716675,-5.43169,4.19805,0.826143,0.325248,0.350449,0.792905,0.0368098,0.456103,0.328135,0.343942,0.64969,0.58318,-0.345699,0.0465814,0.278713,-0.114601,0.725144,0.18188,0.209225,-0.630326,85.27835748840486,3.323980954120533,-47.130216807486114,-17.62459060956393,-10.332608036414015,10.820431239004332
5.093478202819824,-5.46977,4.2172,0.799709,0.328073,0.359104,0.796327,0.0368386,0.456105,0.328146,0.343476,0.649774,0.583162,-0.346035,0.0465979,0.278682,-0.114637,0.725746,0.182393,0.209029,-0.62955,85.27358310232792,3.5101132444449616,-48.547375744449596,-17.762346941252407,-10.456772956521178,10.940186848317232
5.094447135925293,-5.46977,4.2172,0.799709,0.328073,0.359104,0.796327,0.0368386,0.456105,0.328146,0.343476,0.649774,0.583162,-0.346035,0.0465979,0.278682,-0.114637,0.725746,0.182393,0.209029,-0.62955,85.27358310232792,3.5101132444449616,-48.547375744449596,-17.762346941252407,-10.456772956521178,10.940186848317232
5.1686506271362305,-5.44825,4.22397,0.805969,0.328669,0.355908,0.797838,0.0368327,0.456114,0.328145,0.34344,0.649892,0.582996,-0.346128,0.0465819,0.278713,-0.1146,0.725159,0.181899,0.209188,-0.630316,85.29403674731275,3.40815312230422,-47.89181491458188,-17.67377522942882,-10.026104838110514,10.871700418783867
5.169620990753174,-5.44825,4.22397,0.805969,0.328669,0.355908,0.797838,0.0368327,0.456114,0.328145,0.34344,0.649892,0.582996,-0.346128,0.0465819,0.278713,-0.1146,0.725159,0.181899,0.209188,-0.630316,85.29403674731275,3.40815312230422,-47.89181491458188,-17.67377522942882,-10.026104838110514,10.871700418783867
5.240211248397827,-5.4674,4.26192,0.813089,0.331371,0.356308,0.804996,0.0368178,0.456104,0.328135,0.344641,0.648225,0.584084,-0.346226,0.0465232,0.278728,-0.114587,0.724334,0.182111,0.208893,-0.6313,85.21375000275165,3.120621518197164,-44.817210635955,-17.150316600712905,-10.462641264214605,10.624879724469963
5.241188287734985,-5.4674,4.26192,0.813089,0.331371,0.356308,0.804996,0.0368178,0.456104,0.328135,0.344641,0.648225,0.584084,-0.346226,0.0465232,0.278728,-0.114587,0.724334,0.182111,0.208893,-0.6313,85.21375000275165,3.120621518197164,-44.817210635955,-17.150316600712905,-10.462641264214605,10.624879724469963
5.3153698444366455,-5.45167,4.15397,0.800254,0.321793,0.357485,0.783393,0.0368096,0.456103,0.328134,0.343934,0.649661,0.583225,-0.345685,0.0465269,0.278805,-0.114605,0.723651,0.183081,0.20896,-0.63178,85.22648651112678,3.137505396120166,-45.10054399221765,-17.785440926422964,-10.488136299593826,10.9771609515214
5.316356658935547,-5.45167,4.15397,0.800254,0.321793,0.357485,0.783393,0.0368096,0.456103,0.328134,0.343934,0.649661,0.583225,-0.345685,0.0465269,0.278805,-0.114605,0.723651,0.183081,0.20896,-0.63178,85.22648651112678,3.137505396120166,-45.10054399221765,-17.785440926422964,-10.488136299593826,10.9771609515214
5.388019561767578,-5.45125,4.1534,0.80029,0.321742,0.35744,0.783541,0.0368056,0.456109,0.328141,0.3443,0.649556,0.583325,-0.345351,0.0466214,0.278692,-0.114593,0.725254,0.182197,0.208669,-0.630292,85.29911463477244,3.2978453990232244,-46.9782931140591,-17.55485372801273,-10.843685901877757,10.727278995699006
5.388975620269775,-5.45125,4.1534,0.80029,0.321742,0.35744,0.783541,0.0368056,0.456109,0.328141,0.3443,0.649556,0.583325,-0.345351,0.0466214,0.278692,-0.114593,0.725254,0.182197,0.208669,-0.630292,85.29911463477244,3.2978453990232244,-46.9782931140591,-17.55485372801273,-10.843685901877757,10.727278995699006
5.459359645843506,-5.50126,4.20016,0.800274,0.326119,0.362056,0.792022,0.0368332,0.456113,0.328145,0.343452,0.649881,0.582987,-0.346152,0.0465252,0.278729,-0.114589,0.724325,0.182169,0.208915,-0.631286,85.30281274620258,3.2867115111273266,-46.86987102693042,-17.64519007121981,-10.020294002834298,10.859254643175184
5.460346698760986,-5.50126,4.20016,0.800274,0.326119,0.362056,0.792022,0.0368332,0.456113,0.328145,0.343452,0.649881,0.582987,-0.346152,0.0465252,0.278729,-0.114589,0.724325,0.182169,0.208915,-0.631286,85.30281274620258,3.2867115111273266,-46.86987102693042,-17.64519007121981,-10.020294002834298,10.859254643175184
5.53239631652832,-5.409,4.21074,0.799732,0.327271,0.353778,0.795894,0.0368332,0.456115,0.328144,0.343438,0.649912,0.582981,-0.346119,0.0465271,0.278803,-0.114602,0.723655,0.183052,0.208959,-0.631784,85.24019545656978,3.2211561241196027,-45.87999743726044,-17.829836350042793,-10.14782785214925,11.026663999187267
5.533384799957275,-5.409,4.21074,0.799732,0.327271,0.353778,0.795894,0.0368332,0.456115,0.328144,0.343438,0.649912,0.582981,-0.346119,0.0465271,0.278803,-0.114602,0.723655,0.183052,0.208959,-0.631784,85.24019545656978,3.2211561241196027,-45.87999743726044,-17.829836350042793,-10.14782785214925,11.026663999187267
5.603942155838013,-5.44159,4.25421,0.82585,0.330674,0.351655,0.804267,0.0368096,0.456106,0.328136,0.343919,0.64967,0.583208,-0.345714,0.0465398,0.278702,-0.114618,0.724869,0.182587,0.208702,-0.630611,85.27775565022398,3.3165899579531146,-46.95218045516916,-17.656895391622836,-10.679496193483207,10.849367189154641
5.604903221130371,-5.44159,4.25421,0.82585,0.330674,0.351655,0.804267,0.0368096,0.456106,0.328136,0.343919,0.64967,0.583208,-0.345714,0.0465398,0.278702,-0.114618,0.724869,0.182587,0.208702,-0.630611,85.27775565022398,3.3165899579531146,-46.95218045516916,-17.656895391622836,-10.679496193483207,10.849367189154641
5.675622463226318,-5.46937,4.16731,0.825958,0.322747,0.353735,0.785757,0.0368232,0.456095,0.328136,0.344658,0.648097,0.584273,-0.346131,0.0466005,0.27868,-0.114634,0.725801,0.182359,0.209001,-0.629505,85.18302371804744,3.354075597154122,-46.617868900256816,-17.267370091272717,-10.908207520372923,10.704879040467791
5.676593780517578,-5.46937,4.16731,0.825958,0.322747,0.353735,0.785757,0.0368232,0.456095,0.328136,0.344658,0.648097,0.584273,-0.346131,0.0466005,0.27868,-0.114634,0.725801,0.182359,0.209001,-0.629505,85.18302371804744,3.354075597154122,-46.617868900256816,-17.267370091272717,-10.908207520372923,10.704879040467791
5.748253107070923,-5.47478,4.20352,0.793574,0.32664,0.360919,0.79321,0.036819,0.456105,0.328134,0.344634,0.648198,0.584124,-0.346216,0.046524,0.278731,-0.114588,0.724325,0.182141,0.208884,-0.631305,85.21471276925226,3.1180035380530984,-44.7924883905638,-17.161281547789518,-10.478754485607052,10.630016431256252
5.749222755432129,-5.47478,4.20352,0.793574,0.32664,0.360919,0.79321,0.036819,0.456105,0.328134,0.344634,0.648198,0.584124,-0.346216,0.046524,0.278731,-0.114588,0.724325,0.182141,0.208884,-0.631305,85.21471276925226,3.1180035380530984,-44.7924883905638,-17.161281547789518,-10.478754485607052,10.630016431256252
5.821370840072632,-5.4786,4.21648,0.806681,0.327344,0.358354,0.795654,0.036833,0.456115,0.328145,0.343431,0.649923,0.582984,-0.3461,0.0465821,0.278714,-0.114602,0.725151,0.181903,0.209247,-0.630304,85.29084037679637,3.4067378771953636,-47.87024809764207,-17.70099478328731,-10.01727598495519,10.89360898953029
5.822347402572632,-5.4786,4.21648,0.806681,0.327344,0.358354,0.795654,0.036833,0.456115,0.328145,0.343431,0.649923,0.582984,-0.3461,0.0465821,0.278714,-0.114602,0.725151,0.181903,0.209247,-0.630304,85.29084037679637,3.4067378771953636,-47.87024809764207,-17.70099478328731,-10.01727598495519,10.89360898953029
5.894862413406372,-5.46299,4.17798,0.806718,0.323922,0.357191,0.788404,0.0368185,0.456104,0.328135,0.344587,0.648233,0.584108,-0.346226,0.0465985,0.278682,-0.114634,0.725748,0.182383,0.20907,-0.629536,85.1713420617646,3.369128112463053,-46.68965325186739,-17.2883522681368,-10.8076700096582,10.736482300104399
5.8958306312561035,-5.46299,4.17798,0.806718,0.323922,0.357191,0.788404,0.0368185,0.456104,0.328135,0.344587,0.648233,0.584108,-0.346226,0.0465985,0.278682,-0.114634,0.725748,0.182383,0.20907,-0.629536,85.1713420617646,3.369128112463053,-46.68965325186739,-17.2883522681368,-10.8076700096582,10.736482300104399
5.9682841300964355,-5.44865,4.21218,0.812775,0.327177,0.35456,0.795453,0.0368334,0.456116,0.328146,0.343456,0.649905,0.582979,-0.346117,0.0465379,0.278703,-0.114618,0.724829,0.182609,0.208704,-0.63065,85.2869554143657,3.389879029081064,-47.59759360131269,-17.705627745241728,-10.371484733517566,10.907000314286414
5.969268798828125,-5.44865,4.21218,0.812775,0.327177,0.35456,0.795453,0.0368334,0.456116,0.328146,0.343456,0.649905,0.582979,-0.346117,0.0465379,0.278703,-0.114618,0.724829,0.182609,0.208704,-0.63065,85.2869554143657,3.389879029081064,-47.59759360131269,-17.705627745241728,-10.371484733517566,10.907000314286414
6.042099714279175,-5.48789,4.15441,0.812884,0.32205,0.358295,0.782653,0.0368092,0.456104,0.328134,0.343941,0.649678,0.583201,-0.345686,0.0465811,0.278712,-0.114601,0.725155,0.181907,0.209227,-0.630305,85.27752961526203,3.325016039385151,-47.130857722368454,-17.639021581468345,-10.351299742849053,10.828331544070938
6.04305624961853,-5.48789,4.15441,0.812884,0.32205,0.358295,0.782653,0.0368092,0.456104,0.328134,0.343941,0.649678,0.583201,-0.345686,0.0465811,0.278712,-0.114601,0.725155,0.181907,0.209227,-0.630305,85.27752961526203,3.325016039385151,-47.130857722368454,-17.639021581468345,-10.351299742849053,10.828331544070938
6.116383790969849,-5.45142,4.22381,0.79359,0.328436,0.359075,0.797838,0.0368339,0.456114,0.328145,0.343453,0.649896,0.582984,-0.346128,0.0465993,0.278684,-0.114636,0.725742,0.182379,0.209051,-0.629551,85.26390070968124,3.5280622165390296,-48.65060334372444,-17.743769378462144,-10.379498732603736,10.940852638164818
6.11736536026001,-5.45142,4.22381,0.79359,0.328436,0.359075,0.797838,0.0368339,0.456114,0.328145,0.343453,0.649896,0.582984,-0.346128,0.0465993,0.278684,-0.114636,0.725742,0.182379,0.209051,-0.629551,85.26390070968124,3.5280622165390296,-48.65060334372444,-17.743769378462144,-10.379498732603736,10.940852638164818
6.206516981124878,-5.46902,4.16201,0.800057,0.322731,0.358957,0.784703,0.0368331,0.456114,0.328145,0.343458,0.649889,0.583016,-0.346082,0.0465996,0.27868,-0.114634,0.725767,0.182352,0.209045,-0.629532,85.26987660686716,3.525395636752352,-48.66692994971724,-17.754226683013183,-10.399711189973242,10.939217413203018
6.207495212554932,-5.46902,4.16201,0.800057,0.322731,0.358957,0.784703,0.0368331,0.456114,0.328145,0.343458,0.649889,0.583016,-0.346082,0.0465996,0.27868,-0.114634,0.725767,0.182352,0.209045,-0.629532,85.26987660686716,3.525395636752352,-48.66692994971724,-17.754226683013183,-10.399711189973242,10.939217413203018
6.2816572189331055,-5.43611,4.19313,0.793212,0.325936,0.357402,0.791977,0.036809,0.456104,0.328134,0.34391,0.649659,0.583222,-0.345717,0.0465814,0.278713,-0.114601,0.725134,0.181917,0.209236,-0.630324,85.27740693857228,3.325181459418531,-47.12524893075075,-17.645791345530533,-10.325997633210669,10.835999071905832
6.282626628875732,-5.43611,4.19313,0.793212,0.325936,0.357402,0.791977,0.036809,0.456104,0.328134,0.34391,0.649659,0.583222,-0.345717,0.0465814,0.278713,-0.114601,0.725134,0.181917,0.209236,-0.630324,85.27740693857228,3.325181459418531,-47.12524893075075,-17.645791345530533,-10.325997633210669,10.835999071905832
6.3559770584106445,-5.43848,4.23157,0.812769,0.328896,0.353653,0.799682,0.0368062,0.45611,0.328151,0.343787,0.649728,0.583367,-0.345467,0.0465992,0.278684,-0.114636,0.72571,0.182419,0.209047,-0.629577,85.28540045471404,3.430425881830467,-48.00049329764546,-17.842835396388956,-10.76151097946077,10.962895869315252
6.3569536209106445,-5.43848,4.23157,0.812769,0.328896,0.353653,0.799682,0.0368062,0.45611,0.328151,0.343787,0.649728,0.583367,-0.345467,0.0465992,0.278684,-0.114636,0.72571,0.182419,0.209047,-0.629577,85.28540045471404,3.430425881830467,-48.00049329764546,-17.842835396388956,-10.76151097946077,10.962895869315252
6.429751396179199,-5.49898,4.19895,0.838897,0.325546,0.354267,0.79139,0.0368345,0.456115,0.328145,0.343445,0.649894,0.582995,-0.34612,0.0465982,0.278682,-0.114635,0.725751,0.182371,0.209067,-0.629537,85.26450768086649,3.5285830332627564,-48.6598486285368,-17.754704567021943,-10.378488298977551,10.947027413054936
6.430729150772095,-5.49898,4.19895,0.838897,0.325546,0.354267,0.79139,0.0368345,0.456115,0.328145,0.343445,0.649894,0.582995,-0.34612,0.0465982,0.278682,-0.114635,0.725751,0.182371,0.209067,-0.629537,85.26450768086649,3.5285830332627564,-48.6598486285368,-17.754704567021943,-10.378488298977551,10.947027413054936
6.504421710968018,-5.41874,4.19079,0.799774,0.3255,0.35464,0.791813,0.0368099,0.456102,0.328135,0.343957,0.649655,0.583218,-0.345686,0.0465379,0.278702,-0.114619,0.72484,0.182608,0.208703,-0.630638,85.27481789826908,3.3072944068496835,-46.856987075945675,-17.65354701212059,-10.705290134325182,10.847385313481038
6.505390167236328,-5.41874,4.19079,0.799774,0.3255,0.35464,0.791813,0.0368099,0.456102,0.328135,0.343957,0.649655,0.583218,-0.345686,0.0465379,0.278702,-0.114619,0.72484,0.182608,0.208703,-0.630638,85.27481789826908,3.3072944068496835,-46.856987075945675,-17.65354701212059,-10.705290134325182,10.847385313481038
6.5775556564331055,-5.40243,4.1567,0.793557,0.322255,0.354308,0.78539,0.0368106,0.456103,0.328133,0.343943,0.649666,0.583205,-0.345702,0.0465833,0.278711,-0.114604,0.72519,0.18191,0.209241,-0.630259,85.27447648855765,3.3315312234209054,-47.167241849046285,-17.636174724552237,-10.352219571960605,10.830279623302005
6.578485012054443,-5.40243,4.1567,0.793557,0.322255,0.354308,0.78539,0.0368106,0.456103,0.328133,0.343943,0.649666,0.583205,-0.345702,0.0465833,0.278711,-0.114604,0.72519,0.18191,0.209241,-0.630259,85.27447648855765,3.3315312234209054,-47.167241849046285,-17.636174724552237,-10.352219571960605,10.830279623302005
6.6503565311431885,-5.49667,4.21441,0.806373,0.327603,0.360286,0.794991,0.0368074,0.456112,0.328141,0.344259,0.649576,0.583325,-0.345353,0.0466028,0.278679,-0.114635,0.725792,0.182352,0.209019,-0.629511,85.2536694875001,3.396954159946358,-47.565960119223945,-17.677345449611856,-10.962096963065399,10.860907366455063
6.651315450668335,-5.49667,4.21441,0.806373,0.327603,0.360286,0.794991,0.0368074,0.456112,0.328141,0.344259,0.649576,0.583325,-0.345353,0.0466028,0.278679,-0.114635,0.725792,0.182352,0.209019,-0.629511,85.2536694875001,3.396954159946358,-47.565960119223945,-17.677345449611856,-10.962096963065399,10.860907366455063
6.724605321884155,-5.48341,4.14335,0.819839,0.320615,0.356978,0.780702,0.0368103,0.456104,0.328134,0.343942,0.649676,0.583205,-0.345683,0.0465394,0.278701,-0.114634,0.72481,0.182747,0.208755,-0.630615,85.26092899442402,3.3112192396608737,-46.8042712922434,-17.697561095255914,-10.728731815556307,10.902182738934437
6.725568532943726,-5.48341,4.14335,0.819839,0.320615,0.356978,0.780702,0.0368103,0.456104,0.328134,0.343942,0.649676,0.583205,-0.345683,0.0465394,0.278701,-0.114634,0.72481,0.182747,0.208755,-0.630615,85.26092899442402,3.3112192396608737,-46.8042712922434,-17.697561095255914,-10.728731815556307,10.902182738934437
6.79857325553894,-5.48388,4.20352,0.813201,0.326186,0.358002,0.793005,0.0368109,0.456103,0.328134,0.343913,0.649693,0.583204,-0.345681,0.0465827,0.27871,-0.114602,0.725173,0.181872,0.209223,-0.630296,85.28359148675668,3.327995656524117,-47.193533818107845,-17.642667883648183,-10.337553751781257,10.826889597998424
6.799552917480469,-5.48388,4.20352,0.813201,0.326186,0.358002,0.793005,0.0368109,0.456103,0.328134,0.343913,0.649693,0.583204,-0.345681,0.0465827,0.27871,-0.114602,0.725173,0.181872,0.209223,-0.630296,85.28359148675668,3.327995656524117,-47.193533818107845,-17.642667883648183,-10.337553751781257,10.826889597998424
6.8728413581848145,-5.4842,4.20564,0.806421,0.326606,0.358783,0.793247,0.0368187,0.456104,0.328134,0.344591,0.648238,0.584128,-0.346179,0.0465392,0.278702,-0.114619,0.724854,0.182599,0.208671,-0.630635,85.20283914937394,3.2292981777476,-45.6345778004573,-17.24368964571345,-10.827295739155039,10.688270309994056
6.873799562454224,-5.4842,4.20564,0.806421,0.326606,0.358783,0.793247,0.0368187,0.456104,0.328134,0.344591,0.648238,0.584128,-0.346179,0.0465392,0.278702,-0.114619,0.724854,0.182599,0.208671,-0.630635,85.20283914937394,3.2292981777476,-45.6345778004573,-17.24368964571345,-10.827295739155039,10.688270309994056
6.947801351547241,-5.40654,4.18273,0.812477,0.324778,0.350969,0.790538,0.0367989,0.4561,0.328115,0.344448,0.64939,0.583189,-0.345744,0.0466099,0.278756,-0.114649,0.725038,0.183374,0.208964,-0.630101,85.13763307010973,3.343209588697105,-46.34375419563038,-17.649525696986903,-11.017873831104746,10.927086111157866
6.948756217956543,-5.40654,4.18273,0.812477,0.324778,0.350969,0.790538,0.0367989,0.4561,0.328115,0.344448,0.64939,0.583189,-0.345744,0.0466099,0.278756,-0.114649,0.725038,0.183374,0.208964,-0.630101,85.13763307010973,3.343209588697105,-46.34375419563038,-17.649525696986903,-11.017873831104746,10.927086111157866
7.022432327270508,-5.46742,4.25622,0.806724,0.330868,0.357599,0.80385,0.0367984,0.456101,0.328115,0.344442,0.649405,0.583186,-0.345726,0.0465374,0.278802,-0.114604,0.723647,0.183149,0.208842,-0.631804,85.17911221960222,3.1035920334841567,-44.53530973970029,-17.56663640391926,-10.669696138797717,10.853887447775913
7.023390054702759,-5.46742,4.25622,0.806724,0.330868,0.357599,0.80385,0.0367984,0.456101,0.328115,0.344442,0.649405,0.583186,-0.345726,0.0465374,0.278802,-0.114604,0.723647,0.183149,0.208842,-0.631804,85.17911221960222,3.1035920334841567,-44.53530973970029,-17.56663640391926,-10.669696138797717,10.853887447775913
7.099234580993652,-5.4044,4.22499,0.805831,0.328755,0.352008,0.798862,0.0368314,0.45612,0.328152,0.343766,0.649795,0.58312,-0.345778,0.046524,0.278729,-0.114599,0.724272,0.182248,0.20894,-0.631316,85.29426172782442,3.223589578690602,-46.30248836038566,-17.66180724544771,-10.290502586770721,10.88022424059243
7.100207328796387,-5.4044,4.22499,0.805831,0.328755,0.352008,0.798862,0.0368314,0.45612,0.328152,0.343766,0.649795,0.58312,-0.345778,0.046524,0.278729,-0.114599,0.724272,0.182248,0.20894,-0.631316,85.29426172782442,3.223589578690602,-46.30248836038566,-17.66180724544771,-10.290502586770721,10.88022424059243
7.191360235214233,-5.49492,4.23252,0.813375,0.328543,0.358584,0.798695,0.0368325,0.456122,0.328161,0.34328,0.650014,0.583112,-0.345863,0.0465408,0.278703,-0.114618,0.724876,0.182595,0.208699,-0.630602,85.32656475378423,3.3866524295804474,-47.811274337299274,-17.854045354213255,-10.429130859870536,10.97482198952885
7.1924519538879395,-5.49492,4.23252,0.813375,0.328543,0.358584,0.798695,0.0368325,0.456122,0.328161,0.34328,0.650014,0.583112,-0.345863,0.0465408,0.278703,-0.114618,0.724876,0.182595,0.208699,-0.630602,85.32656475378423,3.3866524295804474,-47.811274337299274,-17.854045354213255,-10.429130859870536,10.97482198952885
7.268448114395142,-5.41391,4.19514,0.832741,0.324761,0.347641,0.792889,0.036834,0.456115,0.328145,0.343462,0.649902,0.583003,-0.346077,0.0465821,0.278715,-0.114603,0.725148,0.181914,0.209228,-0.63031,85.2908880670104,3.4016280349148307,-47.82602890111899,-17.693003452466805,-10.04725113917942,10.887380375006735
7.2694151401519775,-5.41391,4.19514,0.832741,0.324761,0.347641,0.792889,0.036834,0.456115,0.328145,0.343462,0.649902,0.583003,-0.346077,0.0465821,0.278715,-0.114603,0.725148,0.181914,0.209228,-0.63031,85.2908880670104,3.4016280349148307,-47.82602890111899,-17.693003452466805,-10.04725113917942,10.887380375006735
7.345633506774902,-5.45381,4.12977,0.806423,0.319862,0.356548,0.778451,0.0368189,0.456103,0.328135,0.344635,0.648225,0.584106,-0.346196,0.0465392,0.278702,-0.114634,0.724796,0.182756,0.208768,-0.630624,85.17617547541084,3.2265185283001214,-45.45820219113066,-17.268012406641308,-10.850591564758167,10.7445422249852
7.346598863601685,-5.45381,4.12977,0.806423,0.319862,0.356548,0.778451,0.0368189,0.456103,0.328135,0.344635,0.648225,0.584106,-0.346196,0.0465392,0.278702,-0.114634,0.724796,0.182756,0.208768,-0.630624,85.17617547541084,3.2265185283001214,-45.45820219113066,-17.268012406641308,-10.850591564758167,10.7445422249852
7.422950506210327,-5.44448,4.20894,0.819315,0.326665,0.352734,0.794891,0.0368096,0.456105,0.328136,0.343931,0.649681,0.583211,-0.345673,0.0465245,0.278729,-0.114599,0.724282,0.182262,0.208926,-0.631305,85.28800883648911,3.199719780592908,-46.06075731796863,-17.637178037174237,-10.38169568369873,10.842560672512356
7.423924446105957,-5.44448,4.20894,0.819315,0.326665,0.352734,0.794891,0.0368096,0.456105,0.328136,0.343931,0.649681,0.583211,-0.345673,0.0465245,0.278729,-0.114599,0.724282,0.182262,0.208926,-0.631305,85.28800883648911,3.199719780592908,-46.06075731796863,-17.637178037174237,-10.38169568369873,10.842560672512356
7.5000739097595215,-5.42637,4.20738,0.786805,0.327204,0.357832,0.794911,0.0368091,0.456105,0.328135,0.343955,0.649657,0.583216,-0.345688,0.0465255,0.278729,-0.114585,0.724327,0.182109,0.208872,-0.631316,85.30115288071553,3.1980744009517283,-46.12883256298812,-17.584284392903612,-10.352916574146963,10.783047480293543
7.501038312911987,-5.42637,4.20738,0.786805,0.327204,0.357832,0.794911,0.0368091,0.456105,0.328135,0.343955,0.649657,0.583216,-0.345688,0.0465255,0.278729,-0.114585,0.724327,0.182109,0.208872,-0.631316,85.30115288071553,3.1980744009517283,-46.12883256298812,-17.584284392903612,-10.352916574146963,10.783047480293543
7.576978921890259,-5.47019,4.21776,0.799673,0.328124,0.359149,0.796179,0.0368062,0.45611,0.328141,0.344306,0.64954,0.583342,-0.345345,0.0465391,0.278703,-0.11462,0.724854,0.182621,0.208685,-0.630624,85.26878171371675,3.2516707588056124,-46.37201053273678,-17.62626467851244,-10.974111311825016,10.826097553696158
7.577942132949829,-5.47019,4.21776,0.799673,0.328124,0.359149,0.796179,0.0368062,0.45611,0.328141,0.344306,0.64954,0.583342,-0.345345,0.0465391,0.278703,-0.11462,0.724854,0.182621,0.208685,-0.630624,85.26878171371675,3.2516707588056124,-46.37201053273678,-17.62626467851244,-10.974111311825016,10.826097553696158
7.654858112335205,-5.45291,4.22001,0.819481,0.327429,0.353332,0.796602,0.0368095,0.456105,0.328134,0.343947,0.649653,0.583216,-0.345703,0.0465381,0.278705,-0.114619,0.724862,0.182616,0.208692,-0.630614,85.27477126674518,3.3133655982917585,-46.90487456586336,-17.65200874735085,-10.706097924989514,10.844545718023177
7.655822038650513,-5.45291,4.22001,0.819481,0.327429,0.353332,0.796602,0.0368095,0.456105,0.328134,0.343947,0.649653,0.583216,-0.345703,0.0465381,0.278705,-0.114619,0.724862,0.182616,0.208692,-0.630614,85.27477126674518,3.3133655982917585,-46.90487456586336,-17.65200874735085,-10.706097924989514,10.844545718023177
7.731898546218872,-5.42,4.25113,0.812636,0.330634,0.351778,0.803876,0.0368091,0.456105,0.328135,0.343928,0.649673,0.583211,-0.345692,0.0465814,0.278713,-0.114601,0.72515,0.181911,0.209212,-0.630315,85.27976928016449,3.325207283977213,-47.14178342608193,-17.638927056608978,-10.3490707285257,10.82809258399337
7.73286247253418,-5.42,4.25113,0.812636,0.330634,0.351778,0.803876,0.0368091,0.456105,0.328135,0.343928,0.649673,0.583211,-0.345692,0.0465814,0.278713,-0.114601,0.72515,0.181911,0.209212,-0.630315,85.27976928016449,3.325207283977213,-47.14178342608193,-17.638927056608978,-10.3490707285257,10.82809258399337
7.8100550174713135,-5.44364,4.14916,0.806417,0.321582,0.355641,0.78268,0.0368149,0.456093,0.328137,0.343971,0.649553,0.583376,-0.345596,0.0466201,0.278694,-0.114592,0.725255,0.182194,0.208644,-0.6303,85.31735593632806,3.3373722892830258,-47.38115470827731,-17.59403142839894,-10.658053254940436,10.739111885163652
7.811020135879517,-5.44364,4.14916,0.806417,0.321582,0.355641,0.78268,0.0368149,0.456093,0.328137,0.343971,0.649553,0.583376,-0.345596,0.0466201,0.278694,-0.114592,0.725255,0.182194,0.208644,-0.6303,85.31735593632806,3.3373722892830258,-47.38115470827731,-17.59403142839894,-10.658053254940436,10.739111885163652
7.886843919754028,-5.4313,4.20414,0.812972,0.326238,0.353089,0.794143,0.0368087,0.456104,0.328134,0.343963,0.649681,0.583194,-0.345672,0.0465239,0.278729,-0.114586,0.724337,0.18212,0.208884,-0.631297,85.29894827816887,3.2000234254933413,-46.1375337500333,-17.59096028068385,-10.364403837728519,10.786446211080008
7.8878092765808105,-5.4313,4.20414,0.812972,0.326238,0.353089,0.794143,0.0368087,0.456104,0.328134,0.343963,0.649681,0.583194,-0.345672,0.0465239,0.278729,-0.114586,0.724337,0.18212,0.208884,-0.631297,85.29894827816887,3.2000234254933413,-46.1375337500333,-17.59096028068385,-10.364403837728519,10.786446211080008
7.9656243324279785,-5.43963,4.19827,0.806734,0.325718,0.355348,0.793032,0.0367983,0.456101,0.328116,0.344457,0.649411,0.583181,-0.345711,0.0465234,0.278731,-0.114599,0.724256,0.182267,0.208922,-0.631335,85.23365391297285,3.1565907897496897,-45.38645190597262,-17.4217455610144,-10.524233931217317,10.727757023325605
7.96660304069519,-5.43963,4.19827,0.806734,0.325718,0.355348,0.793032,0.0367983,0.456101,0.328116,0.344457,0.649411,0.583181,-0.345711,0.0465234,0.278731,-0.114599,0.724256,0.182267,0.208922,-0.631335,85.23365391297285,3.1565907897496897,-45.38645190597262,-17.4217455610144,-10.524233931217317,10.727757023325605
8.044172048568726,-5.49293,4.20604,0.806512,0.326639,0.359796,0.793134,0.0368383,0.456124,0.328152,0.344422,0.64836,0.584043,-0.346262,0.0465979,0.278683,-0.114635,0.725744,0.182382,0.209049,-0.629548,85.185391982395,3.3885721177700927,-46.93013786952111,-17.33208390046201,-10.759442496064157,10.779118796108223
8.045138120651245,-5.49293,4.20604,0.806512,0.326639,0.359796,0.793134,0.0368383,0.456124,0.328152,0.344422,0.64836,0.584043,-0.346262,0.0465979,0.278683,-0.114635,0.725744,0.182382,0.209049,-0.629548,85.185391982395,3.3885721177700927,-46.93013786952111,-17.33208390046201,-10.759442496064157,10.779118796108223
8.122807741165161,-5.46642,4.20273,0.813019,0.326119,0.355975,0.793232,0.0368329,0.456113,0.328143,0.34345,0.64989,0.582989,-0.346135,0.0465379,0.278702,-0.114633,0.724801,0.182779,0.208742,-0.63062,85.27017893447601,3.3948750765583133,-47.52707991327123,-17.742244788485394,-10.407168576092376,10.955411508884282
8.123786687850952,-5.46642,4.20273,0.813019,0.326119,0.355975,0.793232,0.0368329,0.456113,0.328143,0.34345,0.64989,0.582989,-0.346135,0.0465379,0.278702,-0.114633,0.724801,0.182779,0.208742,-0.63062,85.27017893447601,3.3948750765583133,-47.52707991327123,-17.742244788485394,-10.407168576092376,10.955411508884282
8.21078085899353,-5.45139,4.23521,0.80632,0.329441,0.356493,0.800131,0.0368371,0.456088,0.328143,0.344529,0.649727,0.582899,-0.345519,0.0465827,0.278712,-0.114601,0.725171,0.181909,0.209244,-0.63028,85.22323816836236,3.287990794025905,-46.570319865575,-17.43330640909079,-10.608893873419662,10.722561054868535
8.211745500564575,-5.45139,4.23521,0.80632,0.329441,0.356493,0.800131,0.0368371,0.456088,0.328143,0.344529,0.649727,0.582899,-0.345519,0.0465827,0.278712,-0.114601,0.725171,0.181909,0.209244,-0.63028,85.22323816836236,3.287990794025905,-46.570319865575,-17.43330640909079,-10.608893873419662,10.722561054868535
8.289574384689331,-5.51901,4.21447,0.806406,0.327611,0.362281,0.79433,0.0367943,0.456107,0.328129,0.344329,0.649431,0.583355,-0.345504,0.0465987,0.278761,-0.114651,0.724993,0.183319,0.209117,-0.630119,85.16047513028123,3.316513381744104,-46.26890182709417,-17.79690460640783,-11.022923911757854,11.01720012756002
8.29073166847229,-5.51901,4.21447,0.806406,0.327611,0.362281,0.79433,0.0367943,0.456107,0.328129,0.344329,0.649431,0.583355,-0.345504,0.0465987,0.278761,-0.114651,0.724993,0.183319,0.209117,-0.630119,85.16047513028123,3.316513381744104,-46.26890182709417,-17.79690460640783,-11.022923911757854,11.01720012756002
8.36876392364502,-5.42816,4.19291,0.812621,0.325466,0.352504,0.79185,0.0368098,0.456104,0.328134,0.343949,0.64966,0.583207,-0.345702,0.0465419,0.278779,-0.114636,0.724158,0.183538,0.208787,-0.631124,85.20080866661488,3.244950254913213,-45.83076057410721,-17.835195858845854,-10.816690152603426,11.029362030150125
8.369725704193115,-5.42816,4.19291,0.812621,0.325466,0.352504,0.79185,0.0368098,0.456104,0.328134,0.343949,0.64966,0.583207,-0.345702,0.0465419,0.278779,-0.114636,0.724158,0.183538,0.208787,-0.631124,85.20080866661488,3.244950254913213,-45.83076057410721,-17.835195858845854,-10.816690152603426,11.029362030150125
8.447763681411743,-5.4923,4.2203,0.819732,0.327453,0.357309,0.795862,0.0368089,0.456104,0.328134,0.343938,0.649654,0.583225,-0.345693,0.046541,0.278699,-0.11462,0.724899,0.182585,0.20867,-0.630588,85.28068672989347,3.317372923999103,-46.97357320366071,-17.64861383012817,-10.70912632735391,10.838949857769652
8.44873046875,-5.4923,4.2203,0.819732,0.327453,0.357309,0.795862,0.0368089,0.456104,0.328134,0.343938,0.649654,0.583225,-0.345693,0.046541,0.278699,-0.11462,0.724899,0.182585,0.20867,-0.630588,85.28068672989347,3.317372923999103,-46.97357320366071,-17.64861383012817,-10.70912632735391,10.838949857769652
8.52582049369812,-5.50192,4.26337,0.813626,0.33106,0.359289,0.804521,0.0368106,0.456104,0.328134,0.343938,0.649657,0.583226,-0.345689,0.046538,0.278703,-0.114619,0.724821,0.182617,0.208668,-0.630669,85.27942658401304,3.3059434321094803,-46.86676097760245,-17.65505403579173,-10.706285721126074,10.844449447861336
8.526782035827637,-5.50192,4.26337,0.813626,0.33106,0.359289,0.804521,0.0368106,0.456104,0.328134,0.343938,0.649657,0.583226,-0.345689,0.046538,0.278703,-0.114619,0.724821,0.182617,0.208668,-0.630669,85.27942658401304,3.3059434321094803,-46.86676097760245,-17.65505403579173,-10.706285721126074,10.844449447861336
8.603406429290771,-5.38741,4.2042,0.832406,0.325785,0.345213,0.795224,0.0368094,0.456104,0.328133,0.34393,0.649677,0.583212,-0.34568,0.0465986,0.278681,-0.114635,0.725762,0.182348,0.209045,-0.629538,85.25769793070361,3.4471223479652826,-47.98154323496309,-17.704361480038756,-10.704254679973861,10.882043894835492
8.604371309280396,-5.38741,4.2042,0.832406,0.325785,0.345213,0.795224,0.0368094,0.456104,0.328133,0.34393,0.649677,0.583212,-0.34568,0.0465986,0.278681,-0.114635,0.725762,0.182348,0.209045,-0.629538,85.25769793070361,3.4471223479652826,-47.98154323496309,-17.704361480038756,-10.704254679973861,10.882043894835492
8.681666612625122,-5.38766,4.19603,0.806015,0.325962,0.35034,0.793734,0.0368115,0.456103,0.328135,0.34394,0.649682,0.583219,-0.34565,0.0465407,0.278701,-0.114618,0.72487,0.182592,0.208697,-0.63061,85.28060119469761,3.310466442490615,-46.92145782856555,-17.669509169469784,-10.716359717620835,10.849139448892865
8.682626962661743,-5.38766,4.19603,0.806015,0.325962,0.35034,0.793734,0.0368115,0.456103,0.328135,0.34394,0.649682,0.583219,-0.34565,0.0465407,0.278701,-0.114618,0.72487,0.182592,0.208697,-0.63061,85.28060119469761,3.310466442490615,-46.92145782856555,-17.669509169469784,-10.716359717620835,10.849139448892865
8.75965166091919,-5.45242,4.22721,0.799429,0.329181,0.357734,0.7984,0.0368372,0.456087,0.328143,0.344574,0.649686,0.582942,-0.345479,0.0465887,0.27868,-0.114627,0.72563,0.182305,0.208894,-0.629753,85.2215994332503,3.3748850443583427,-47.22780150810194,-17.438171699695193,-10.994989713977459,10.71878835801613
8.760617017745972,-5.45242,4.22721,0.799429,0.329181,0.357734,0.7984,0.0368372,0.456087,0.328143,0.344574,0.649686,0.582942,-0.345479,0.0465887,0.27868,-0.114627,0.72563,0.182305,0.208894,-0.629753,85.2215994332503,3.3748850443583427,-47.22780150810194,-17.438171699695193,-10.994989713977459,10.71878835801613
8.83830714225769,-5.48991,4.18755,0.80654,0.324995,0.359767,0.789304,0.0368097,0.456104,0.328132,0.343966,0.649652,0.583194,-0.345723,0.046524,0.278729,-0.114586,0.72435,0.182097,0.208894,-0.631285,85.29569200137858,3.20399583872344,-46.1509398477136,-17.571234821426508,-10.339238837469107,10.777150253268132
8.839282274246216,-5.48991,4.18755,0.80654,0.324995,0.359767,0.789304,0.0368097,0.456104,0.328132,0.343966,0.649652,0.583194,-0.345723,0.046524,0.278729,-0.114586,0.72435,0.182097,0.208894,-0.631285,85.29569200137858,3.20399583872344,-46.1509398477136,-17.571234821426508,-10.339238837469107,10.777150253268132
8.917139053344727,-5.4106,4.24331,0.793424,0.330165,0.355205,0.802693,0.0368098,0.456105,0.328134,0.343941,0.649671,0.583204,-0.345695,0.0465841,0.278788,-0.114621,0.724492,0.182834,0.209337,-0.630762,85.20132795198163,3.263486894141233,-46.10162331617775,-17.82341864273764,-10.468099232368916,11.016939413143165
8.91810655593872,-5.4106,4.24331,0.793424,0.330165,0.355205,0.802693,0.0368098,0.456105,0.328134,0.343941,0.649671,0.583204,-0.345695,0.0465841,0.278788,-0.114621,0.724492,0.182834,0.209337,-0.630762,85.20132795198163,3.263486894141233,-46.10162331617775,-17.82341864273764,-10.468099232368916,11.016939413143165
8.99596881866455,-5.51998,4.2613,0.813318,0.331318,0.361221,0.803858,0.0368299,0.45612,0.328151,0.343799,0.649783,0.583123,-0.345763,0.0465957,0.278685,-0.114635,0.72569,0.182385,0.209048,-0.62961,85.25992088122243,3.4590126520712725,-48.089111066306145,-17.728136002328235,-10.638439557272001,10.924368072284114
8.99693250656128,-5.51998,4.2613,0.813318,0.331318,0.361221,0.803858,0.0368299,0.45612,0.328151,0.343799,0.649783,0.583123,-0.345763,0.0465957,0.278685,-0.114635,0.72569,0.182385,0.209048,-0.62961,85.25992088122243,3.4590126520712725,-48.089111066306145,-17.728136002328235,-10.638439557272001,10.924368072284114
9.074749946594238,-5.50405,4.23918,0.819795,0.32913,0.358352,0.799579,0.036816,0.456095,0.328137,0.343983,0.649511,0.58342,-0.345589,0.0465382,0.2787,-0.114633,0.72482,0.182742,0.208737,-0.630611,85.27074593957177,3.289336822951826,-46.659061019776146,-17.70580189434969,-10.8102965101672,10.895425446506867
9.075706958770752,-5.50405,4.23918,0.819795,0.32913,0.358352,0.799579,0.036816,0.456095,0.328137,0.343983,0.649511,0.58342,-0.345589,0.0465382,0.2787,-0.114633,0.72482,0.182742,0.208737,-0.630611,85.27074593957177,3.289336822951826,-46.659061019776146,-17.70580189434969,-10.8102965101672,10.895425446506867
9.160001993179321,-5.459,4.11266,0.799834,0.31857,0.358223,0.775046,0.0368085,0.456104,0.328133,0.343926,0.649654,0.583229,-0.3457,0.0465368,0.278703,-0.114618,0.724842,0.182587,0.208697,-0.630644,85.27924544306204,3.3092913299386297,-46.89751255159789,-17.65820605544153,-10.684779865358607,10.845417163812238
9.16095232963562,-5.459,4.11266,0.799834,0.31857,0.358223,0.775046,0.0368085,0.456104,0.328133,0.343926,0.649654,0.583229,-0.3457,0.0465368,0.278703,-0.114618,0.724842,0.182587,0.208697,-0.630644,85.27924544306204,3.3092913299386297,-46.89751255159789,-17.65820605544153,-10.684779865358607,10.845417163812238
9.238829612731934,-5.43345,4.17425,0.812776,0.323805,0.353442,0.788055,0.0368084,0.456105,0.328134,0.343932,0.649645,0.583237,-0.345697,0.0465805,0.278712,-0.114601,0.725182,0.181862,0.209206,-0.630294,85.2836715765854,3.3263256799319683,-47.17411554177436,-17.624619246907788,-10.343608044452665,10.815140114779682
9.239786624908447,-5.43345,4.17425,0.812776,0.323805,0.353442,0.788055,0.0368084,0.456105,0.328134,0.343932,0.649645,0.583237,-0.345697,0.0465805,0.278712,-0.114601,0.725182,0.181862,0.209206,-0.630294,85.2836715765854,3.3263256799319683,-47.17411554177436,-17.624619246907788,-10.343608044452665,10.815140114779682
9.318091630935669,-5.47094,4.21128,0.83238,0.326647,0.352579,0.794849,0.036811,0.456105,0.328134,0.343928,0.649667,0.583218,-0.345692,0.0465818,0.27871,-0.114603,0.725187,0.181911,0.209215,-0.630271,85.27934316871776,3.330862295431334,-47.186614821987064,-17.64117217878309,-10.360682071694152,10.829872393593174
9.31904935836792,-5.47094,4.21128,0.83238,0.326647,0.352579,0.794849,0.036811,0.456105,0.328134,0.343928,0.649667,0.583218,-0.345692,0.0465818,0.27871,-0.114603,0.725187,0.181911,0.209215,-0.630271,85.27934316871776,3.330862295431334,-47.186614821987064,-17.64117217878309,-10.360682071694152,10.829872393593174
9.396504878997803,-5.46601,4.21452,0.806213,0.327612,0.357323,0.795617,0.0368154,0.456093,0.328136,0.343971,0.649521,0.58341,-0.345601,0.0465968,0.278685,-0.114635,0.725694,0.182399,0.20905,-0.6296,85.26035514546959,3.4173418122615074,-47.73229404838041,-17.72116067137123,-10.772144846658662,10.888884465589735
9.397462368011475,-5.46601,4.21452,0.806213,0.327612,0.357323,0.795617,0.0368154,0.456093,0.328136,0.343971,0.649521,0.58341,-0.345601,0.0465968,0.278685,-0.114635,0.725694,0.182399,0.20905,-0.6296,85.26035514546959,3.4173418122615074,-47.73229404838041,-17.72116067137123,-10.772144846658662,10.888884465589735
9.477020263671875,-5.50582,4.21537,0.806428,0.327687,0.361345,0.794729,0.0368095,0.456104,0.328134,0.343944,0.64967,0.583213,-0.345679,0.0465396,0.278702,-0.114633,0.724798,0.182781,0.208708,-0.630635,85.26315198905533,3.3100775744215234,-46.79986882440058,-17.69466415785944,-10.751511563087906,10.895882477399581
9.47799015045166,-5.50582,4.21537,0.806428,0.327687,0.361345,0.794729,0.0368095,0.456104,0.328134,0.343944,0.64967,0.583213,-0.345679,0.0465396,0.278702,-0.114633,0.724798,0.182781,0.208708,-0.630635,85.26315198905533,3.3100775744215234,-46.79986882440058,-17.69466415785944,-10.751511563087906,10.895882477399581
9.558316230773926,-5.4014,4.18275,0.799971,0.324562,0.353168,0.790503,0.0368105,0.456104,0.328135,0.343922,0.649683,0.583211,-0.345679,0.0465384,0.278703,-0.114618,0.724813,0.18259,0.208716,-0.630669,85.2788873857596,3.30489780934102,-46.86368867442307,-17.670129782414577,-10.679039248082036,10.856001823417996
9.55927848815918,-5.4014,4.18275,0.799971,0.324562,0.353168,0.790503,0.0368105,0.456104,0.328135,0.343922,0.649683,0.583211,-0.345679,0.0465384,0.278703,-0.114618,0.724813,0.18259,0.208716,-0.630669,85.2788873857596,3.30489780934102,-46.86368867442307,-17.670129782414577,-10.679039248082036,10.856001823417996
9.63893985748291,-5.48614,4.19057,0.819409,0.325037,0.356695,0.789739,0.0368102,0.456103,0.328134,0.343936,0.64965,0.583228,-0.345699,0.0465226,0.278728,-0.114598,0.724282,0.182232,0.208901,-0.631322,85.29071824031288,3.198400183310946,-46.06073522569556,-17.615030915961327,-10.372719426932255,10.824317277239146
9.639894485473633,-5.48614,4.19057,0.819409,0.325037,0.356695,0.789739,0.0368102,0.456103,0.328134,0.343936,0.64965,0.583228,-0.345699,0.0465226,0.278728,-0.114598,0.724282,0.182232,0.208901,-0.631322,85.29071824031288,3.198400183310946,-46.06073522569556,-17.615030915961327,-10.372719426932255,10.824317277239146
9.719684362411499,-5.48458,4.18452,0.774044,0.325407,0.365757,0.789074,0.0368099,0.456104,0.328135,0.343965,0.649653,0.583221,-0.345677,0.0465374,0.278703,-0.114618,0.724847,0.182589,0.2087,-0.630637,85.27644673415654,3.3060152661290862,-46.85764630198304,-17.64943024718957,-10.70799924065289,10.842244892801254
9.720648050308228,-5.48458,4.18452,0.774044,0.325407,0.365757,0.789074,0.0368099,0.456104,0.328135,0.343965,0.649653,0.583221,-0.345677,0.0465374,0.278703,-0.114618,0.724847,0.182589,0.2087,-0.630637,85.27644673415654,3.3060152661290862,-46.85764630198304,-17.64943024718957,-10.70799924065289,10.842244892801254
9.799872398376465,-5.47773,4.1681,0.806513,0.323267,0.358679,0.785735,0.0368313,0.456121,0.32816,0.343314,0.649976,0.583123,-0.345883,0.0465813,0.278714,-0.114601,0.725146,0.181908,0.209214,-0.63032,85.32383793627034,3.39305139942154,-47.95049550835592,-17.810677915888334,-10.083874409859224,10.944824785264439
9.800838232040405,-5.47773,4.1681,0.806513,0.323267,0.358679,0.785735,0.0368313,0.456121,0.32816,0.343314,0.649976,0.583123,-0.345883,0.0465813,0.278714,-0.114601,0.725146,0.181908,0.209214,-0.63032,85.32383793627034,3.39305139942154,-47.95049550835592,-17.810677915888334,-10.083874409859224,10.944824785264439
9.880067825317383,-5.45324,4.21599,0.806199,0.327739,0.356432,0.795867,0.0368067,0.456112,0.328142,0.34429,0.649573,0.583338,-0.345306,0.0465977,0.278685,-0.114634,0.725715,0.182382,0.209053,-0.62958,85.24948959929203,3.3793574331146248,-47.39917824234364,-17.692363289135912,-10.977193174950951,10.873022429007012
9.88104510307312,-5.45324,4.21599,0.806199,0.327739,0.356432,0.795867,0.0368067,0.456112,0.328142,0.34429,0.649573,0.583338,-0.345306,0.0465977,0.278685,-0.114634,0.725715,0.182382,0.209053,-0.62958,85.24948959929203,3.3793574331146248,-47.39917824234364,-17.692363289135912,-10.977193174950951,10.873022429007012
9.960758924484253,-5.50878,4.17995,0.819367,0.324314,0.359105,0.787254,0.0368073,0.456109,0.328152,0.343793,0.649752,0.583348,-0.345448,0.0465397,0.278701,-0.114617,0.72488,0.182584,0.208684,-0.630605,85.31417382862095,3.302704598438316,-47.05313381119696,-17.786823247792544,-10.758333934390112,10.907904219744864
9.961725234985352,-5.50878,4.17995,0.819367,0.324314,0.359105,0.787254,0.0368073,0.456109,0.328152,0.343793,0.649752,0.583348,-0.345448,0.0465397,0.278701,-0.114617,0.72488,0.182584,0.208684,-0.630605,85.31417382862095,3.302704598438316,-47.05313381119696,-17.786823247792544,-10.758333934390112,10.907904219744864
10.041991710662842,-5.4572,4.14786,0.825931,0.321019,0.352647,0.782189,0.0368159,0.456094,0.328138,0.343968,0.649529,0.583403,-0.345599,0.0466006,0.278683,-0.114634,0.725748,0.182399,0.209039,-0.629542,85.26119522910405,3.426725687755335,-47.81499699098777,-17.72148608032198,-10.785419448069211,10.88726232516888
10.042950868606567,-5.4572,4.14786,0.825931,0.321019,0.352647,0.782189,0.0368159,0.456094,0.328138,0.343968,0.649529,0.583403,-0.345599,0.0466006,0.278683,-0.114634,0.725748,0.182399,0.209039,-0.629542,85.26119522910405,3.426725687755335,-47.81499699098777,-17.72148608032198,-10.785419448069211,10.88726232516888
10.12342357635498,-5.42729,4.12647,0.81293,0.319343,0.352726,0.778549,0.0368405,0.456104,0.328146,0.343507,0.649762,0.583179,-0.345998,0.0465391,0.278699,-0.114618,0.7249,0.182579,0.208677,-0.630586,85.29951883761609,3.3753144266948665,-47.53913060270791,-17.71176630193564,-10.47305049137767,10.889328928613512
10.124393939971924,-5.42729,4.12647,0.81293,0.319343,0.352726,0.778549,0.0368405,0.456104,0.328146,0.343507,0.649762,0.583179,-0.345998,0.0465391,0.278699,-0.114618,0.7249,0.182579,0.208677,-0.630586,85.29951883761609,3.3753144266948665,-47.53913060270791,-17.71176630193564,-10.47305049137767,10.889328928613512
