# Timestamp, Flexion, Adduction, Rotation, Translation_ap, Translation_ml, Translation_pd, Tx, Ty, Tz, Fx, Fy, Fz
0.10236191749572754, 77.77061558319974, 4.830373854470698, -19.89669690448296, -7.892207669300435, -11.04962563280825, 10.35321107721911, -0.343399, 1.16567, -0.395696, -1.41439, -2.00008, -2.39034
0.10333728790283203, 77.77061558319974, 4.830373854470698, -19.89669690448296, -7.892207669300435, -11.04962563280825, 10.35321107721911, -0.343399, 1.16567, -0.395696, -1.41439, -2.00008, -2.39034
0.19139790534973145, 77.77061558319974, 4.830373854470698, -19.89669690448296, -7.892207669300435, -11.04962563280825, 10.35321107721911, -0.462347, 1.3796, -0.412365, -1.82583, -2.33998, -2.59955
0.19236016273498535, 77.77061558319974, 4.830373854470698, -19.89669690448296, -7.892207669300435, -11.04962563280825, 10.35321107721911, -0.462347, 1.3796, -0.412365, -1.82583, -2.33998, -2.59955
0.28050804138183594, 77.77061558319974, 4.830373854470698, -19.89669690448296, -7.892207669300435, -11.04962563280825, 10.35321107721911, -0.512382, 1.45626, -0.343994, -0.645618, -2.43311, -3.2176
0.28147363662719727, 77.77061558319974, 4.830373854470698, -19.89669690448296, -7.892207669300435, -11.04962563280825, 10.35321107721911, -0.512382, 1.45626, -0.343994, -0.645618, -2.43311, -3.2176
0.37039804458618164, 77.77061558319974, 4.830373854470698, -19.89669690448296, -7.892207669300435, -11.04962563280825, 10.35321107721911, -0.643023, 1.62893, -0.352862, -0.984875, -2.88681, -3.0477
0.37136220932006836, 77.77061558319974, 4.830373854470698, -19.89669690448296, -7.892207669300435, -11.04962563280825, 10.35321107721911, -0.643023, 1.62893, -0.352862, -0.984875, -2.88681, -3.0477
0.4593210220336914, 77.77061558319974, 4.830373854470698, -19.89669690448296, -7.892207669300435, -11.04962563280825, 10.35321107721911, -0.758076, 1.8248, -0.258747, -0.335047, -2.99246, -3.68463
0.46028923988342285, 77.77061558319974, 4.830373854470698, -19.89669690448296, -7.892207669300435, -11.04962563280825, 10.35321107721911, -0.758076, 1.8248, -0.258747, -0.335047, -2.99246, -3.68463
0.5491890907287598, 77.77061558319974, 4.830373854470698, -19.89669690448296, -7.892207669300435, -11.04962563280825, 10.35321107721911, -0.668356, 1.87249, -0.0897064, -1.64795, -2.26035, -3.17434
0.5501620769500732, 77.77061558319974, 4.830373854470698, -19.89669690448296, -7.892207669300435, -11.04962563280825, 10.35321107721911, -0.668356, 1.87249, -0.0897064, -1.64795, -2.26035, -3.17434
0.6376473903656006, 77.77061558319974, 4.830373854470698, -19.89669690448296, -7.892207669300435, -11.04962563280825, 10.35321107721911, -0.675085, 1.29579, -0.376226, -0.821838, -2.0545, -2.54261
0.6386528015136719, 77.77061558319974, 4.830373854470698, -19.89669690448296, -7.892207669300435, -11.04962563280825, 10.35321107721911, -0.675085, 1.29579, -0.376226, -0.821838, -2.0545, -2.54261
0.7261264324188232, 77.77061558319974, 4.830373854470698, -19.89669690448296, -7.892207669300435, -11.04962563280825, 10.35321107721911, -0.240373, 1.1101, -0.0515797, 0.44824, -0.0892942, -3.2466
0.7270867824554443, 77.77061558319974, 4.830373854470698, -19.89669690448296, -7.892207669300435, -11.04962563280825, 10.35321107721911, -0.240373, 1.1101, -0.0515797, 0.44824, -0.0892942, -3.2466
0.8163721561431885, 77.77061558319974, 4.830373854470698, -19.89669690448296, -7.892207669300435, -11.04962563280825, 10.35321107721911, 0.0332441, 1.0206, 0.137118, -0.703281, 0.956414, -2.71508
0.8173351287841797, 77.77061558319974, 4.830373854470698, -19.89669690448296, -7.892207669300435, -11.04962563280825, 10.35321107721911, 0.0332441, 1.0206, 0.137118, -0.703281, 0.956414, -2.71508
0.9061100482940674, 77.77061558319974, 4.830373854470698, -19.89669690448296, -7.892207669300435, -11.04962563280825, 10.35321107721911, 0.0693087, 0.846162, 0.113028, -0.873364, 0.73949, -2.22423
0.9070632457733154, 77.77061558319974, 4.830373854470698, -19.89669690448296, -7.892207669300435, -11.04962563280825, 10.35321107721911, 0.0693087, 0.846162, 0.113028, -0.873364, 0.73949, -2.22423
0.9943852424621582, 77.77061558319974, 4.830373854470698, -19.89669690448296, -7.892207669300435, -11.04962563280825, 10.35321107721911, 0.112001, 0.613134, 0.0872308, -1.55507, 0.815753, -0.91496
0.9953076839447021, 77.77061558319974, 4.830373854470698, -19.89669690448296, -7.892207669300435, -11.04962563280825, 10.35321107721911, 0.112001, 0.613134, 0.0872308, -1.55507, 0.815753, -0.91496
1.0866937637329102, 77.77061558319974, 4.830373854470698, -19.89669690448296, -7.892207669300435, -11.04962563280825, 10.35321107721911, 0.158504, 0.535092, 0.0610259, -1.58967, 0.642679, -0.833549
1.0876657962799072, 77.77061558319974, 4.830373854470698, -19.89669690448296, -7.892207669300435, -11.04962563280825, 10.35321107721911, 0.158504, 0.535092, 0.0610259, -1.58967, 0.642679, -0.833549
1.1773085594177246, 77.77061558319974, 4.830373854470698, -19.89669690448296, -7.892207669300435, -11.04962563280825, 10.35321107721911, 0.229397, 0.458959, 0.130686, -1.82325, 1.12375, -0.671119
1.178281307220459, 77.77061558319974, 4.830373854470698, -19.89669690448296, -7.892207669300435, -11.04962563280825, 10.35321107721911, 0.229397, 0.458959, 0.130686, -1.82325, 1.12375, -0.671119
1.2835700511932373, 77.77061558319974, 4.830373854470698, -19.89669690448296, -7.892207669300435, -11.04962563280825, 10.35321107721911, 0.207654, 0.401155, 0.113873, -1.71164, 0.931285, -0.562508
1.2844934463500977, 77.77061558319974, 4.830373854470698, -19.89669690448296, -7.892207669300435, -11.04962563280825, 10.35321107721911, 0.207654, 0.401155, 0.113873, -1.71164, 0.931285, -0.562508
1.3741481304168701, 77.77061558319974, 4.830373854470698, -19.89669690448296, -7.892207669300435, -11.04962563280825, 10.35321107721911, 0.206431, 0.392916, 0.0875159, -2.24124, 0.940054, -0.227515
1.3750948905944824, 77.77061558319974, 4.830373854470698, -19.89669690448296, -7.892207669300435, -11.04962563280825, 10.35321107721911, 0.206431, 0.392916, 0.0875159, -2.24124, 0.940054, -0.227515
1.4654080867767334, 77.77061558319974, 4.830373854470698, -19.89669690448296, -7.892207669300435, -11.04962563280825, 10.35321107721911, 0.16958, 0.298425, 0.0700613, -2.12733, 0.787155, 0.426649
1.4663751125335693, 77.77061558319974, 4.830373854470698, -19.89669690448296, -7.892207669300435, -11.04962563280825, 10.35321107721911, 0.16958, 0.298425, 0.0700613, -2.12733, 0.787155, 0.426649
1.5564963817596436, 77.77061558319974, 4.830373854470698, -19.89669690448296, -7.892207669300435, -11.04962563280825, 10.35321107721911, 0.126537, 0.268303, 0.0567794, -2.0451, 0.81375, 0.827783
1.5574662685394287, 77.77061558319974, 4.830373854470698, -19.89669690448296, -7.892207669300435, -11.04962563280825, 10.35321107721911, 0.126537, 0.268303, 0.0567794, -2.0451, 0.81375, 0.827783
1.6484572887420654, 77.77061558319974, 4.830373854470698, -19.89669690448296, -7.892207669300435, -11.04962563280825, 10.35321107721911, 0.114731, 0.476889, 0.0444549, -1.57402, 0.708871, -0.19685
1.649437427520752, 77.77061558319974, 4.830373854470698, -19.89669690448296, -7.892207669300435, -11.04962563280825, 10.35321107721911, 0.114731, 0.476889, 0.0444549, -1.57402, 0.708871, -0.19685
1.7404084205627441, 77.77061558319974, 4.830373854470698, -19.89669690448296, -7.892207669300435, -11.04962563280825, 10.35321107721911, 0.0760473, 0.246814, 0.0176805, -1.49286, 0.428703, 1.27809
1.741391897201538, 77.77061558319974, 4.830373854470698, -19.89669690448296, -7.892207669300435, -11.04962563280825, 10.35321107721911, 0.0760473, 0.246814, 0.0176805, -1.49286, 0.428703, 1.27809
1.8318846225738525, 77.77061558319974, 4.830373854470698, -19.89669690448296, -7.892207669300435, -11.04962563280825, 10.35321107721911, 0.111646, 0.497177, 0.0146578, -1.38159, 0.30194, 0.637757
1.832808017730713, 77.77061558319974, 4.830373854470698, -19.89669690448296, -7.892207669300435, -11.04962563280825, 10.35321107721911, 0.111646, 0.497177, 0.0146578, -1.38159, 0.30194, 0.637757
1.9235856533050537, 77.77061558319974, 4.830373854470698, -19.89669690448296, -7.892207669300435, -11.04962563280825, 10.35321107721911, 0.0892225, 0.731856, 0.180424, -1.17346, 0.933287, -0.0975708
1.9245672225952148, 77.77061558319974, 4.830373854470698, -19.89669690448296, -7.892207669300435, -11.04962563280825, 10.35321107721911, 0.0892225, 0.731856, 0.180424, -1.17346, 0.933287, -0.0975708
2.014752149581909, 77.77061558319974, 4.830373854470698, -19.89669690448296, -7.892207669300435, -11.04962563280825, 10.35321107721911, 0.121905, 1.01463, 0.339587, -0.469802, 1.31042, -0.577502
2.0157201290130615, 77.77061558319974, 4.830373854470698, -19.89669690448296, -7.892207669300435, -11.04962563280825, 10.35321107721911, 0.121905, 1.01463, 0.339587, -0.469802, 1.31042, -0.577502
2.107011318206787, 77.77061558319974, 4.830373854470698, -19.89669690448296, -7.892207669300435, -11.04962563280825, 10.35321107721911, 0.0663433, 0.994019, 0.532551, 0.576103, 1.48033, 0.354662
2.108024835586548, 77.77061558319974, 4.830373854470698, -19.89669690448296, -7.892207669300435, -11.04962563280825, 10.35321107721911, 0.0663433, 0.994019, 0.532551, 0.576103, 1.48033, 0.354662
2.1983654499053955, 77.77061558319974, 4.830373854470698, -19.89669690448296, -7.892207669300435, -11.04962563280825, 10.35321107721911, -0.0470878, 1.12748, 0.619789, 0.973721, 1.15444, 0.411104
2.1993203163146973, 77.77061558319974, 4.830373854470698, -19.89669690448296, -7.892207669300435, -11.04962563280825, 10.35321107721911, -0.0470878, 1.12748, 0.619789, 0.973721, 1.15444, 0.411104
2.3014588356018066, 77.77061558319974, 4.830373854470698, -19.89669690448296, -7.892207669300435, -11.04962563280825, 10.35321107721911, -0.0133181, 1.1331, 0.716309, 1.33493, 1.07964, 0.494277
2.302426815032959, 77.77061558319974, 4.830373854470698, -19.89669690448296, -7.892207669300435, -11.04962563280825, 10.35321107721911, -0.0133181, 1.1331, 0.716309, 1.33493, 1.07964, 0.494277
2.3939075469970703, 77.77061558319974, 4.830373854470698, -19.89669690448296, -7.892207669300435, -11.04962563280825, 10.35321107721911, 0.0322569, 1.21747, 0.778095, 1.24419, 1.36389, -0.0354651
2.394878625869751, 77.77061558319974, 4.830373854470698, -19.89669690448296, -7.892207669300435, -11.04962563280825, 10.35321107721911, 0.0322569, 1.21747, 0.778095, 1.24419, 1.36389, -0.0354651
2.486933708190918, 77.77061558319974, 4.830373854470698, -19.89669690448296, -7.892207669300435, -11.04962563280825, 10.35321107721911, 0.0214488, 1.18071, 0.770317, 1.62722, 1.39579, -0.147116
2.487935781478882, 77.77061558319974, 4.830373854470698, -19.89669690448296, -7.892207669300435, -11.04962563280825, 10.35321107721911, 0.0214488, 1.18071, 0.770317, 1.62722, 1.39579, -0.147116
2.578744411468506, 77.77061558319974, 4.830373854470698, -19.89669690448296, -7.892207669300435, -11.04962563280825, 10.35321107721911, -0.118801, 0.981601, 0.663147, 2.61955, 0.708645, 0.234148
2.5797080993652344, 77.77061558319974, 4.830373854470698, -19.89669690448296, -7.892207669300435, -11.04962563280825, 10.35321107721911, -0.118801, 0.981601, 0.663147, 2.61955, 0.708645, 0.234148
2.6718127727508545, 77.77061558319974, 4.830373854470698, -19.89669690448296, -7.892207669300435, -11.04962563280825, 10.35321107721911, -0.216103, 0.954519, 0.561178, 2.67378, 0.42339, 0.0890409
2.672781229019165, 77.77061558319974, 4.830373854470698, -19.89669690448296, -7.892207669300435, -11.04962563280825, 10.35321107721911, -0.216103, 0.954519, 0.561178, 2.67378, 0.42339, 0.0890409
2.765334367752075, 77.77061558319974, 4.830373854470698, -19.89669690448296, -7.892207669300435, -11.04962563280825, 10.35321107721911, -0.304181, 0.799796, 0.552379, 2.79955, 0.223389, 0.846807
2.76629376411438, 77.77061558319974, 4.830373854470698, -19.89669690448296, -7.892207669300435, -11.04962563280825, 10.35321107721911, -0.304181, 0.799796, 0.552379, 2.79955, 0.223389, 0.846807
2.860361337661743, 77.77061558319974, 4.830373854470698, -19.89669690448296, -7.892207669300435, -11.04962563280825, 10.35321107721911, -0.361463, 0.770187, 0.484781, 2.86694, 0.153523, 0.684435
2.8613433837890625, 77.77061558319974, 4.830373854470698, -19.89669690448296, -7.892207669300435, -11.04962563280825, 10.35321107721911, -0.361463, 0.770187, 0.484781, 2.86694, 0.153523, 0.684435
2.9545958042144775, 77.77061558319974, 4.830373854470698, -19.89669690448296, -7.892207669300435, -11.04962563280825, 10.35321107721911, -0.459295, 0.858694, 0.549904, 2.92342, 0.462666, 0.480747
2.9555885791778564, 77.77061558319974, 4.830373854470698, -19.89669690448296, -7.892207669300435, -11.04962563280825, 10.35321107721911, -0.459295, 0.858694, 0.549904, 2.92342, 0.462666, 0.480747
3.048691987991333, 77.77061558319974, 4.830373854470698, -19.89669690448296, -7.892207669300435, -11.04962563280825, 10.35321107721911, -0.574648, 0.87723, 0.563819, 2.88265, 0.539963, 0.305804
3.0496718883514404, 77.77061558319974, 4.830373854470698, -19.89669690448296, -7.892207669300435, -11.04962563280825, 10.35321107721911, -0.574648, 0.87723, 0.563819, 2.88265, 0.539963, 0.305804
3.141709804534912, 77.77061558319974, 4.830373854470698, -19.89669690448296, -7.892207669300435, -11.04962563280825, 10.35321107721911, -0.624352, 0.879631, 0.610984, 3.30208, 0.837372, -0.224639
3.1426455974578857, 77.77061558319974, 4.830373854470698, -19.89669690448296, -7.892207669300435, -11.04962563280825, 10.35321107721911, -0.624352, 0.879631, 0.610984, 3.30208, 0.837372, -0.224639
3.253552198410034, 77.77061558319974, 4.830373854470698, -19.89669690448296, -7.892207669300435, -11.04962563280825, 10.35321107721911, -0.644466, 1.00285, 0.692301, 3.88714, 1.25558, -1.40882
3.2544784545898438, 77.77061558319974, 4.830373854470698, -19.89669690448296, -7.892207669300435, -11.04962563280825, 10.35321107721911, -0.644466, 1.00285, 0.692301, 3.88714, 1.25558, -1.40882
3.3470098972320557, 77.77061558319974, 4.830373854470698, -19.89669690448296, -7.892207669300435, -11.04962563280825, 10.35321107721911, -0.746585, 1.00967, 0.645896, 2.78368, 1.18231, -0.947738
3.348088502883911, 77.77061558319974, 4.830373854470698, -19.89669690448296, -7.892207669300435, -11.04962563280825, 10.35321107721911, -0.746585, 1.00967, 0.645896, 2.78368, 1.18231, -0.947738
3.442241907119751, 77.77061558319974, 4.830373854470698, -19.89669690448296, -7.892207669300435, -11.04962563280825, 10.35321107721911, -0.641013, 1.07391, 0.930712, 3.33647, 2.42797, -1.55365
3.4432284832000732, 77.77061558319974, 4.830373854470698, -19.89669690448296, -7.892207669300435, -11.04962563280825, 10.35321107721911, -0.641013, 1.07391, 0.930712, 3.33647, 2.42797, -1.55365
3.5367822647094727, 77.77061558319974, 4.830373854470698, -19.89669690448296, -7.892207669300435, -11.04962563280825, 10.35321107721911, -0.655503, 1.11163, 0.915436, 2.74774, 2.65655, -1.37881
3.537750005722046, 77.77061558319974, 4.830373854470698, -19.89669690448296, -7.892207669300435, -11.04962563280825, 10.35321107721911, -0.655503, 1.11163, 0.915436, 2.74774, 2.65655, -1.37881
3.631215810775757, 77.77061558319974, 4.830373854470698, -19.89669690448296, -7.892207669300435, -11.04962563280825, 10.35321107721911, -0.572941, 1.12932, 0.963863, 2.5743, 3.16691, -1.29739
3.6321804523468018, 77.77061558319974, 4.830373854470698, -19.89669690448296, -7.892207669300435, -11.04962563280825, 10.35321107721911, -0.572941, 1.12932, 0.963863, 2.5743, 3.16691, -1.29739
3.726611614227295, 77.77061558319974, 4.830373854470698, -19.89669690448296, -7.892207669300435, -11.04962563280825, 10.35321107721911, -0.633946, 1.16995, 0.969226, 2.58079, 3.33918, -1.27674
3.7275776863098145, 77.77061558319974, 4.830373854470698, -19.89669690448296, -7.892207669300435, -11.04962563280825, 10.35321107721911, -0.633946, 1.16995, 0.969226, 2.58079, 3.33918, -1.27674
3.822089910507202, 77.77061558319974, 4.830373854470698, -19.89669690448296, -7.892207669300435, -11.04962563280825, 10.35321107721911, -0.593325, 1.09832, 1.01916, 3.48274, 4.02781, -1.35227
3.8230574131011963, 77.77061558319974, 4.830373854470698, -19.89669690448296, -7.892207669300435, -11.04962563280825, 10.35321107721911, -0.593325, 1.09832, 1.01916, 3.48274, 4.02781, -1.35227
3.9172165393829346, 77.77061558319974, 4.830373854470698, -19.89669690448296, -7.892207669300435, -11.04962563280825, 10.35321107721911, -0.616015, 1.25658, 0.920252, 1.31222, 3.98423, -0.952998
3.918182611465454, 77.77061558319974, 4.830373854470698, -19.89669690448296, -7.892207669300435, -11.04962563280825, 10.35321107721911, -0.616015, 1.25658, 0.920252, 1.31222, 3.98423, -0.952998
4.0122129917144775, 77.77061558319974, 4.830373854470698, -19.89669690448296, -7.892207669300435, -11.04962563280825, 10.35321107721911, -0.608977, 1.30631, 1.09638, 2.39931, 4.71533, -1.35696
4.013137340545654, 77.77061558319974, 4.830373854470698, -19.89669690448296, -7.892207669300435, -11.04962563280825, 10.35321107721911, -0.608977, 1.30631, 1.09638, 2.39931, 4.71533, -1.35696
4.106968402862549, 77.77061558319974, 4.830373854470698, -19.89669690448296, -7.892207669300435, -11.04962563280825, 10.35321107721911, -0.559143, 1.31811, 1.06872, 1.9355, 4.80963, -1.29256
4.107954263687134, 77.77061558319974, 4.830373854470698, -19.89669690448296, -7.892207669300435, -11.04962563280825, 10.35321107721911, -0.559143, 1.31811, 1.06872, 1.9355, 4.80963, -1.29256
4.202375888824463, 77.77061558319974, 4.830373854470698, -19.89669690448296, -7.892207669300435, -11.04962563280825, 10.35321107721911, -0.579269, 1.29539, 1.09877, 2.63365, 5.31577, -1.25482
4.203346252441406, 77.77061558319974, 4.830373854470698, -19.89669690448296, -7.892207669300435, -11.04962563280825, 10.35321107721911, -0.579269, 1.29539, 1.09877, 2.63365, 5.31577, -1.25482
4.322520017623901, 77.77061558319974, 4.830373854470698, -19.89669690448296, -7.892207669300435, -11.04962563280825, 10.35321107721911, -0.84171, 1.08294, 0.757846, 3.4941, 4.1755, -1.04304
4.323478937149048, 77.77061558319974, 4.830373854470698, -19.89669690448296, -7.892207669300435, -11.04962563280825, 10.35321107721911, -0.84171, 1.08294, 0.757846, 3.4941, 4.1755, -1.04304
4.418903827667236, 77.77061558319974, 4.830373854470698, -19.89669690448296, -7.892207669300435, -11.04962563280825, 10.35321107721911, -0.862465, 0.888123, 0.485878, 3.51121, 3.2027, -0.231205
4.419878005981445, 77.77061558319974, 4.830373854470698, -19.89669690448296, -7.892207669300435, -11.04962563280825, 10.35321107721911, -0.862465, 0.888123, 0.485878, 3.51121, 3.2027, -0.231205
4.515172243118286, 77.77061558319974, 4.830373854470698, -19.89669690448296, -7.892207669300435, -11.04962563280825, 10.35321107721911, -0.523624, 1.02722, 0.502441, 2.76575, 3.33886, -1.24684
4.516129493713379, 77.77061558319974, 4.830373854470698, -19.89669690448296, -7.892207669300435, -11.04962563280825, 10.35321107721911, -0.523624, 1.02722, 0.502441, 2.76575, 3.33886, -1.24684
4.6111366748809814, 77.77061558319974, 4.830373854470698, -19.89669690448296, -7.892207669300435, -11.04962563280825, 10.35321107721911, -0.335276, 0.859181, 0.2664, 1.94027, 1.87782, -0.421904
4.612073183059692, 77.77061558319974, 4.830373854470698, -19.89669690448296, -7.892207669300435, -11.04962563280825, 10.35321107721911, -0.335276, 0.859181, 0.2664, 1.94027, 1.87782, -0.421904
4.706478118896484, 77.77061558319974, 4.830373854470698, -19.89669690448296, -7.892207669300435, -11.04962563280825, 10.35321107721911, -0.261271, 0.562633, 0.108927, 2.12425, 0.609369, 0.290298
4.707435131072998, 77.77061558319974, 4.830373854470698, -19.89669690448296, -7.892207669300435, -11.04962563280825, 10.35321107721911, -0.261271, 0.562633, 0.108927, 2.12425, 0.609369, 0.290298
4.802835941314697, 77.77061558319974, 4.830373854470698, -19.89669690448296, -7.892207669300435, -11.04962563280825, 10.35321107721911, -0.689631, 0.66383, -0.485199, 1.30325, -2.16303, 0.174695
4.803810119628906, 77.77061558319974, 4.830373854470698, -19.89669690448296, -7.892207669300435, -11.04962563280825, 10.35321107721911, -0.689631, 0.66383, -0.485199, 1.30325, -2.16303, 0.174695
4.899859666824341, 77.77061558319974, 4.830373854470698, -19.89669690448296, -7.892207669300435, -11.04962563280825, 10.35321107721911, -0.735836, 0.601985, -0.618582, 2.16631, -2.39764, -0.162122
4.900822639465332, 77.77061558319974, 4.830373854470698, -19.89669690448296, -7.892207669300435, -11.04962563280825, 10.35321107721911, -0.735836, 0.601985, -0.618582, 2.16631, -2.39764, -0.162122
4.996299982070923, 77.77061558319974, 4.830373854470698, -19.89669690448296, -7.892207669300435, -11.04962563280825, 10.35321107721911, 0.0808244, 0.406738, 0.224436, 0.432071, 1.28336, 1.23669
4.997255563735962, 77.77061558319974, 4.830373854470698, -19.89669690448296, -7.892207669300435, -11.04962563280825, 10.35321107721911, 0.0808244, 0.406738, 0.224436, 0.432071, 1.28336, 1.23669
5.092665433883667, 77.77061558319974, 4.830373854470698, -19.89669690448296, -7.892207669300435, -11.04962563280825, 10.35321107721911, -0.153395, 0.640858, -0.341157, 0.166385, -1.35932, 0.577988
5.093577146530151, 77.77061558319974, 4.830373854470698, -19.89669690448296, -7.892207669300435, -11.04962563280825, 10.35321107721911, -0.153395, 0.640858, -0.341157, 0.166385, -1.35932, 0.577988
5.189327239990234, 77.77061558319974, 4.830373854470698, -19.89669690448296, -7.892207669300435, -11.04962563280825, 10.35321107721911, -0.659331, 0.873843, -0.973914, 0.0384612, -3.76161, 0.255161
5.190294027328491, 77.77061558319974, 4.830373854470698, -19.89669690448296, -7.892207669300435, -11.04962563280825, 10.35321107721911, -0.659331, 0.873843, -0.973914, 0.0384612, -3.76161, 0.255161
5.308141708374023, 77.77061558319974, 4.830373854470698, -19.89669690448296, -7.892207669300435, -11.04962563280825, 10.35321107721911, -1.00655, 0.914796, -1.34349, -0.11662, -5.09196, 0.571311
5.309101581573486, 77.77061558319974, 4.830373854470698, -19.89669690448296, -7.892207669300435, -11.04962563280825, 10.35321107721911, -1.00655, 0.914796, -1.34349, -0.11662, -5.09196, 0.571311
5.406639337539673, 77.77061558319974, 4.830373854470698, -19.89669690448296, -7.892207669300435, -11.04962563280825, 10.35321107721911, -1.24444, 1.11114, -1.39626, -0.469953, -5.45439, 0.162073
5.407610893249512, 77.77061558319974, 4.830373854470698, -19.89669690448296, -7.892207669300435, -11.04962563280825, 10.35321107721911, -1.24444, 1.11114, -1.39626, -0.469953, -5.45439, 0.162073
5.5047972202301025, 77.77061558319974, 4.830373854470698, -19.89669690448296, -7.892207669300435, -11.04962563280825, 10.35321107721911, -1.46145, 1.21631, -1.29683, -0.764033, -5.24585, -0.179769
5.505767583847046, 77.77061558319974, 4.830373854470698, -19.89669690448296, -7.892207669300435, -11.04962563280825, 10.35321107721911, -1.46145, 1.21631, -1.29683, -0.764033, -5.24585, -0.179769
5.603044509887695, 77.77061558319974, 4.830373854470698, -19.89669690448296, -7.892207669300435, -11.04962563280825, 10.35321107721911, -1.7044, 1.3068, -1.30605, -2.13674, -5.71211, 0.174626
5.603970527648926, 77.77061558319974, 4.830373854470698, -19.89669690448296, -7.892207669300435, -11.04962563280825, 10.35321107721911, -1.7044, 1.3068, -1.30605, -2.13674, -5.71211, 0.174626
5.701314926147461, 77.77061558319974, 4.830373854470698, -19.89669690448296, -7.892207669300435, -11.04962563280825, 10.35321107721911, -1.69345, 1.45499, -1.1291, -4.7922, -4.98105, 0.343136
5.702284097671509, 77.77061558319974, 4.830373854470698, -19.89669690448296, -7.892207669300435, -11.04962563280825, 10.35321107721911, -1.69345, 1.45499, -1.1291, -4.7922, -4.98105, 0.343136
5.799611806869507, 77.77061558319974, 4.830373854470698, -19.89669690448296, -7.892207669300435, -11.04962563280825, 10.35321107721911, -1.68069, 0.9316, -1.02281, -1.67375, -5.28187, 0.475294
5.800582647323608, 77.77061558319974, 4.830373854470698, -19.89669690448296, -7.892207669300435, -11.04962563280825, 10.35321107721911, -1.68069, 0.9316, -1.02281, -1.67375, -5.28187, 0.475294
5.8991217613220215, 77.77061558319974, 4.830373854470698, -19.89669690448296, -7.892207669300435, -11.04962563280825, 10.35321107721911, -1.23578, 0.518279, -0.569315, -2.28905, -2.92528, 1.81668
5.9000914096832275, 77.77061558319974, 4.830373854470698, -19.89669690448296, -7.892207669300435, -11.04962563280825, 10.35321107721911, -1.23578, 0.518279, -0.569315, -2.28905, -2.92528, 1.81668
5.997804641723633, 77.77061558319974, 4.830373854470698, -19.89669690448296, -7.892207669300435, -11.04962563280825, 10.35321107721911, -0.954796, 0.146584, -0.402876, -1.98335, -1.83513, 2.50377
5.9987568855285645, 77.77061558319974, 4.830373854470698, -19.89669690448296, -7.892207669300435, -11.04962563280825, 10.35321107721911, -0.954796, 0.146584, -0.402876, -1.98335, -1.83513, 2.50377
6.095183610916138, 77.77061558319974, 4.830373854470698, -19.89669690448296, -7.892207669300435, -11.04962563280825, 10.35321107721911, -0.901161, 0.401563, -0.452203, -3.90952, -1.89122, 2.20187
6.096109390258789, 77.77061558319974, 4.830373854470698, -19.89669690448296, -7.892207669300435, -11.04962563280825, 10.35321107721911, -0.901161, 0.401563, -0.452203, -3.90952, -1.89122, 2.20187
6.1939849853515625, 77.77061558319974, 4.830373854470698, -19.89669690448296, -7.892207669300435, -11.04962563280825, 10.35321107721911, -1.01502, 0.102892, -0.585143, -2.1364, -2.61261, 2.07262
6.194954872131348, 77.77061558319974, 4.830373854470698, -19.89669690448296, -7.892207669300435, -11.04962563280825, 10.35321107721911, -1.01502, 0.102892, -0.585143, -2.1364, -2.61261, 2.07262
6.309565544128418, 77.77061558319974, 4.830373854470698, -19.89669690448296, -7.892207669300435, -11.04962563280825, 10.35321107721911, -1.09486, 0.0540365, -0.659494, -2.98578, -3.31716, 2.67663
6.310518264770508, 77.77061558319974, 4.830373854470698, -19.89669690448296, -7.892207669300435, -11.04962563280825, 10.35321107721911, -1.09486, 0.0540365, -0.659494, -2.98578, -3.31716, 2.67663
6.409010887145996, 77.77061558319974, 4.830373854470698, -19.89669690448296, -7.892207669300435, -11.04962563280825, 10.35321107721911, -0.904712, 0.272468, -0.419213, -1.45656, -2.48047, 0.839908
6.409986257553101, 77.77061558319974, 4.830373854470698, -19.89669690448296, -7.892207669300435, -11.04962563280825, 10.35321107721911, -0.904712, 0.272468, -0.419213, -1.45656, -2.48047, 0.839908
6.507967233657837, 77.77061558319974, 4.830373854470698, -19.89669690448296, -7.892207669300435, -11.04962563280825, 10.35321107721911, -0.804414, 0.440425, -0.397879, -0.93783, -2.55222, -0.172452
6.508933782577515, 77.77061558319974, 4.830373854470698, -19.89669690448296, -7.892207669300435, -11.04962563280825, 10.35321107721911, -0.804414, 0.440425, -0.397879, -0.93783, -2.55222, -0.172452
6.6072962284088135, 77.77061558319974, 4.830373854470698, -19.89669690448296, -7.892207669300435, -11.04962563280825, 10.35321107721911, -0.674394, 0.638548, -0.312545, -1.63475, -2.19654, -0.729986
6.608262300491333, 77.77061558319974, 4.830373854470698, -19.89669690448296, -7.892207669300435, -11.04962563280825, 10.35321107721911, -0.674394, 0.638548, -0.312545, -1.63475, -2.19654, -0.729986
6.706748008728027, 77.77061558319974, 4.830373854470698, -19.89669690448296, -7.892207669300435, -11.04962563280825, 10.35321107721911, -0.662427, 0.635466, -0.370645, -2.35174, -2.37024, 0.156629
6.7077319622039795, 77.77061558319974, 4.830373854470698, -19.89669690448296, -7.892207669300435, -11.04962563280825, 10.35321107721911, -0.662427, 0.635466, -0.370645, -2.35174, -2.37024, 0.156629
6.80703330039978, 77.77061558319974, 4.830373854470698, -19.89669690448296, -7.892207669300435, -11.04962563280825, 10.35321107721911, -0.509952, 0.658498, -0.250916, -1.7745, -1.89156, 0.0335582
6.808010578155518, 77.77061558319974, 4.830373854470698, -19.89669690448296, -7.892207669300435, -11.04962563280825, 10.35321107721911, -0.509952, 0.658498, -0.250916, -1.7745, -1.89156, 0.0335582
6.90849757194519, 77.77061558319974, 4.830373854470698, -19.89669690448296, -7.892207669300435, -11.04962563280825, 10.35321107721911, -0.36049, 0.435992, -0.175507, -0.0528154, -1.47454, -0.00926676
6.909458160400391, 77.77061558319974, 4.830373854470698, -19.89669690448296, -7.892207669300435, -11.04962563280825, 10.35321107721911, -0.36049, 0.435992, -0.175507, -0.0528154, -1.47454, -0.00926676
7.009085178375244, 77.77061558319974, 4.830373854470698, -19.89669690448296, -7.892207669300435, -11.04962563280825, 10.35321107721911, -0.149626, 0.431011, -0.0607026, -0.597876, -0.741867, -0.0795655
7.010041952133179, 77.77061558319974, 4.830373854470698, -19.89669690448296, -7.892207669300435, -11.04962563280825, 10.35321107721911, -0.149626, 0.431011, -0.0607026, -0.597876, -0.741867, -0.0795655
7.10995626449585, 77.77061558319974, 4.830373854470698, -19.89669690448296, -7.892207669300435, -11.04962563280825, 10.35321107721911, 0.121819, 0.625998, 0.0809278, -1.33818, 0.316849, -1.25263
7.110925912857056, 77.77061558319974, 4.830373854470698, -19.89669690448296, -7.892207669300435, -11.04962563280825, 10.35321107721911, 0.121819, 0.625998, 0.0809278, -1.33818, 0.316849, -1.25263
7.211441516876221, 77.77061558319974, 4.830373854470698, -19.89669690448296, -7.892207669300435, -11.04962563280825, 10.35321107721911, 0.141211, 0.760328, 0.0676703, -1.48851, 0.485312, -2.27789
7.212414503097534, 77.77061558319974, 4.830373854470698, -19.89669690448296, -7.892207669300435, -11.04962563280825, 10.35321107721911, 0.141211, 0.760328, 0.0676703, -1.48851, 0.485312, -2.27789
7.327453136444092, 77.77061558319974, 4.830373854470698, -19.89669690448296, -7.892207669300435, -11.04962563280825, 10.35321107721911, 0.337975, 1.20047, 0.194128, 0.370438, 0.985533, -5.89315
7.3284993171691895, 77.77061558319974, 4.830373854470698, -19.89669690448296, -7.892207669300435, -11.04962563280825, 10.35321107721911, 0.337975, 1.20047, 0.194128, 0.370438, 0.985533, -5.89315
7.42928147315979, 77.77061558319974, 4.830373854470698, -19.89669690448296, -7.892207669300435, -11.04962563280825, 10.35321107721911, 0.284198, 1.77226, 0.137021, 1.12808, 0.730076, -9.36977
7.430250883102417, 77.77061558319974, 4.830373854470698, -19.89669690448296, -7.892207669300435, -11.04962563280825, 10.35321107721911, 0.284198, 1.77226, 0.137021, 1.12808, 0.730076, -9.36977
7.530754327774048, 77.77061558319974, 4.830373854470698, -19.89669690448296, -7.892207669300435, -11.04962563280825, 10.35321107721911, 0.334614, 2.26154, 0.138154, 2.43596, 0.693728, -13.2354
7.53172755241394, 77.77061558319974, 4.830373854470698, -19.89669690448296, -7.892207669300435, -11.04962563280825, 10.35321107721911, 0.334614, 2.26154, 0.138154, 2.43596, 0.693728, -13.2354
7.633134841918945, 77.77061558319974, 4.830373854470698, -19.89669690448296, -7.892207669300435, -11.04962563280825, 10.35321107721911, 0.44774, 2.66463, 0.144011, 2.88943, 0.753185, -16.2937
7.63409423828125, 77.77061558319974, 4.830373854470698, -19.89669690448296, -7.892207669300435, -11.04962563280825, 10.35321107721911, 0.44774, 2.66463, 0.144011, 2.88943, 0.753185, -16.2937
7.736689805984497, 77.77061558319974, 4.830373854470698, -19.89669690448296, -7.892207669300435, -11.04962563280825, 10.35321107721911, 0.492035, 2.96436, 0.149777, 3.83327, 0.666778, -18.6496
7.737649917602539, 77.77061558319974, 4.830373854470698, -19.89669690448296, -7.892207669300435, -11.04962563280825, 10.35321107721911, 0.492035, 2.96436, 0.149777, 3.83327, 0.666778, -18.6496
7.839250802993774, 77.77061558319974, 4.830373854470698, -19.89669690448296, -7.892207669300435, -11.04962563280825, 10.35321107721911, 0.323958, 2.34768, 0.102554, 2.58801, 0.423698, -13.5829
7.840222120285034, 77.77061558319974, 4.830373854470698, -19.89669690448296, -7.892207669300435, -11.04962563280825, 10.35321107721911, 0.323958, 2.34768, 0.102554, 2.58801, 0.423698, -13.5829
7.942034721374512, 77.77061558319974, 4.830373854470698, -19.89669690448296, -7.892207669300435, -11.04962563280825, 10.35321107721911, 0.191921, 1.00062, 0.10208, -0.689706, 0.677677, -3.32818
7.943004369735718, 77.77061558319974, 4.830373854470698, -19.89669690448296, -7.892207669300435, -11.04962563280825, 10.35321107721911, 0.191921, 1.00062, 0.10208, -0.689706, 0.677677, -3.32818
8.04451060295105, 77.77061558319974, 4.830373854470698, -19.89669690448296, -7.892207669300435, -11.04962563280825, 10.35321107721911, 0.105132, 0.519839, 0.0319598, -1.67319, 0.443638, 0.442391
8.04548168182373, 77.77061558319974, 4.830373854470698, -19.89669690448296, -7.892207669300435, -11.04962563280825, 10.35321107721911, 0.105132, 0.519839, 0.0319598, -1.67319, 0.443638, 0.442391
8.145883798599243, 77.77061558319974, 4.830373854470698, -19.89669690448296, -7.892207669300435, -11.04962563280825, 10.35321107721911, -0.0104926, 0.169201, -0.0453182, -2.07224, 0.0806344, 3.08554
8.146807193756104, 77.77061558319974, 4.830373854470698, -19.89669690448296, -7.892207669300435, -11.04962563280825, 10.35321107721911, -0.0104926, 0.169201, -0.0453182, -2.07224, 0.0806344, 3.08554
8.262742757797241, 77.77061558319974, 4.830373854470698, -19.89669690448296, -7.892207669300435, -11.04962563280825, 10.35321107721911, -0.111764, -0.503076, -0.0334155, -3.28055, -0.085386, 7.67787
8.263728380203247, 77.77061558319974, 4.830373854470698, -19.89669690448296, -7.892207669300435, -11.04962563280825, 10.35321107721911, -0.111764, -0.503076, -0.0334155, -3.28055, -0.085386, 7.67787
8.364261865615845, 77.77061558319974, 4.830373854470698, -19.89669690448296, -7.892207669300435, -11.04962563280825, 10.35321107721911, -0.493301, -0.702693, -0.31157, -3.38932, -1.63378, 9.42934
8.365209341049194, 77.77061558319974, 4.830373854470698, -19.89669690448296, -7.892207669300435, -11.04962563280825, 10.35321107721911, -0.493301, -0.702693, -0.31157, -3.38932, -1.63378, 9.42934
8.46731162071228, 77.77061558319974, 4.830373854470698, -19.89669690448296, -7.892207669300435, -11.04962563280825, 10.35321107721911, -0.585672, -0.629931, -0.281245, -2.18301, -2.14183, 8.5549
8.468284845352173, 77.77061558319974, 4.830373854470698, -19.89669690448296, -7.892207669300435, -11.04962563280825, 10.35321107721911, -0.585672, -0.629931, -0.281245, -2.18301, -2.14183, 8.5549
8.570093393325806, 77.77061558319974, 4.830373854470698, -19.89669690448296, -7.892207669300435, -11.04962563280825, 10.35321107721911, -0.646802, -0.480617, -0.0145027, -1.77311, -1.764, 7.89423
8.571060419082642, 77.77061558319974, 4.830373854470698, -19.89669690448296, -7.892207669300435, -11.04962563280825, 10.35321107721911, -0.646802, -0.480617, -0.0145027, -1.77311, -1.764, 7.89423
8.67381501197815, 77.77061558319974, 4.830373854470698, -19.89669690448296, -7.892207669300435, -11.04962563280825, 10.35321107721911, -0.653314, -0.270169, 0.0179519, -0.606037, -1.83775, 5.91256
8.674782752990723, 77.77061558319974, 4.830373854470698, -19.89669690448296, -7.892207669300435, -11.04962563280825, 10.35321107721911, -0.653314, -0.270169, 0.0179519, -0.606037, -1.83775, 5.91256
8.777515888214111, 77.77061558319974, 4.830373854470698, -19.89669690448296, -7.892207669300435, -11.04962563280825, 10.35321107721911, -0.504809, -0.172611, 0.140734, -0.178413, -1.15845, 4.95178
8.778486490249634, 77.77061558319974, 4.830373854470698, -19.89669690448296, -7.892207669300435, -11.04962563280825, 10.35321107721911, -0.504809, -0.172611, 0.140734, -0.178413, -1.15845, 4.95178
8.881150484085083, 77.77061558319974, 4.830373854470698, -19.89669690448296, -7.892207669300435, -11.04962563280825, 10.35321107721911, -0.374507, 0.0537894, 0.133105, 0.508123, -0.476917, 2.62039
8.882116079330444, 77.77061558319974, 4.830373854470698, -19.89669690448296, -7.892207669300435, -11.04962563280825, 10.35321107721911, -0.374507, 0.0537894, 0.133105, 0.508123, -0.476917, 2.62039
8.985236406326294, 77.77061558319974, 4.830373854470698, -19.89669690448296, -7.892207669300435, -11.04962563280825, 10.35321107721911, -0.411956, -0.0827276, -0.132965, -0.882655, -0.77482, 3.77268
8.98620867729187, 77.77061558319974, 4.830373854470698, -19.89669690448296, -7.892207669300435, -11.04962563280825, 10.35321107721911, -0.411956, -0.0827276, -0.132965, -0.882655, -0.77482, 3.77268
9.08943223953247, 77.77061558319974, 4.830373854470698, -19.89669690448296, -7.892207669300435, -11.04962563280825, 10.35321107721911, -0.453509, 0.107223, -0.195041, -0.730703, -1.07397, 2.90983
9.090405702590942, 77.77061558319974, 4.830373854470698, -19.89669690448296, -7.892207669300435, -11.04962563280825, 10.35321107721911, -0.453509, 0.107223, -0.195041, -0.730703, -1.07397, 2.90983
9.193225860595703, 77.77061558319974, 4.830373854470698, -19.89669690448296, -7.892207669300435, -11.04962563280825, 10.35321107721911, -0.568307, 0.115858, -0.337078, -0.336317, -1.65595, 2.17002
9.194194078445435, 77.77061558319974, 4.830373854470698, -19.89669690448296, -7.892207669300435, -11.04962563280825, 10.35321107721911, -0.568307, 0.115858, -0.337078, -0.336317, -1.65595, 2.17002
9.31485915184021, 77.77061558319974, 4.830373854470698, -19.89669690448296, -7.892207669300435, -11.04962563280825, 10.35321107721911, -0.479971, 0.302154, -0.345357, -1.03668, -1.45813, 1.27982
9.315824508666992, 77.77061558319974, 4.830373854470698, -19.89669690448296, -7.892207669300435, -11.04962563280825, 10.35321107721911, -0.479971, 0.302154, -0.345357, -1.03668, -1.45813, 1.27982
9.419037103652954, 77.77061558319974, 4.830373854470698, -19.89669690448296, -7.892207669300435, -11.04962563280825, 10.35321107721911, -0.435259, 0.161795, -0.28026, 0.826549, -1.22994, 0.76223
9.419991493225098, 77.77061558319974, 4.830373854470698, -19.89669690448296, -7.892207669300435, -11.04962563280825, 10.35321107721911, -0.435259, 0.161795, -0.28026, 0.826549, -1.22994, 0.76223
9.522730350494385, 77.77061558319974, 4.830373854470698, -19.89669690448296, -7.892207669300435, -11.04962563280825, 10.35321107721911, -0.445507, 0.252253, -0.364486, 0.282945, -1.51719, 0.474771
9.523688316345215, 77.77061558319974, 4.830373854470698, -19.89669690448296, -7.892207669300435, -11.04962563280825, 10.35321107721911, -0.445507, 0.252253, -0.364486, 0.282945, -1.51719, 0.474771
9.626283884048462, 77.77061558319974, 4.830373854470698, -19.89669690448296, -7.892207669300435, -11.04962563280825, 10.35321107721911, -0.346612, 0.316737, -0.252762, -0.536539, -0.90942, 0.320899
9.627243757247925, 77.77061558319974, 4.830373854470698, -19.89669690448296, -7.892207669300435, -11.04962563280825, 10.35321107721911, -0.346612, 0.316737, -0.252762, -0.536539, -0.90942, 0.320899
9.729621887207031, 77.77061558319974, 4.830373854470698, -19.89669690448296, -7.892207669300435, -11.04962563280825, 10.35321107721911, -0.32863, 0.276899, -0.267258, -0.310675, -0.969833, 0.288923
9.730588912963867, 77.77061558319974, 4.830373854470698, -19.89669690448296, -7.892207669300435, -11.04962563280825, 10.35321107721911, -0.32863, 0.276899, -0.267258, -0.310675, -0.969833, 0.288923
9.833680629730225, 77.77061558319974, 4.830373854470698, -19.89669690448296, -7.892207669300435, -11.04962563280825, 10.35321107721911, -0.269888, 0.308405, -0.190099, -0.808712, -0.600384, 0.429319
9.83463191986084, 77.77061558319974, 4.830373854470698, -19.89669690448296, -7.892207669300435, -11.04962563280825, 10.35321107721911, -0.269888, 0.308405, -0.190099, -0.808712, -0.600384, 0.429319
9.93906831741333, 77.77061558319974, 4.830373854470698, -19.89669690448296, -7.892207669300435, -11.04962563280825, 10.35321107721911, -0.201182, 0.497289, -0.232458, -1.54575, -0.782445, -0.0463725
9.940037250518799, 77.77061558319974, 4.830373854470698, -19.89669690448296, -7.892207669300435, -11.04962563280825, 10.35321107721911, -0.201182, 0.497289, -0.232458, -1.54575, -0.782445, -0.0463725
10.042307615280151, 77.77061558319974, 4.830373854470698, -19.89669690448296, -7.892207669300435, -11.04962563280825, 10.35321107721911, 0.073246, 0.558375, 0.0652682, -1.34734, 0.64818, -0.482788
10.043267726898193, 77.77061558319974, 4.830373854470698, -19.89669690448296, -7.892207669300435, -11.04962563280825, 10.35321107721911, 0.073246, 0.558375, 0.0652682, -1.34734, 0.64818, -0.482788
10.147152662277222, 77.77061558319974, 4.830373854470698, -19.89669690448296, -7.892207669300435, -11.04962563280825, 10.35321107721911, 0.135596, 0.517422, 0.0906467, -1.1258, 0.780993, -0.181291
10.148131608963013, 77.77061558319974, 4.830373854470698, -19.89669690448296, -7.892207669300435, -11.04962563280825, 10.35321107721911, 0.135596, 0.517422, 0.0906467, -1.1258, 0.780993, -0.181291
