# Timestamp, Fx, Fy, Fz, Tx, Ty, Tz, FemurPosX, FemurPosY, FemurPosZ, FemurQuatW, FemurQuatX, FemurQuatY, FemurQuatZ, TibiaPosX, TibiaPosY, TibiaPosZ, TibiaQuatW, TibiaQuatX, TibiaQuatY, TibiaQuatZ, Flexion, Adduction, Rotation, Anterior_Posterior, Medial_Lateral, Proximal_Distal
0.3484218120574951,-5.41529,4.15937,0.80668,0.322262,0.353172,0.785895,0.0368115,0.456101,0.328131,0.343954,0.64967,0.58319,-0.345707,0.0465388,0.278707,-0.114634,0.724802,0.182735,0.208723,-0.630638,85.26166286556901,3.3108688539888194,-46.80325152141388,-17.669996406037853,-10.724478865365718,10.877951546872957
0.34938764572143555,-5.41529,4.15937,0.80668,0.322262,0.353172,0.785895,0.0368115,0.456101,0.328131,0.343954,0.64967,0.58319,-0.345707,0.0465388,0.278707,-0.114634,0.724802,0.182735,0.208723,-0.630638,85.26166286556901,3.3108688539888194,-46.80325152141388,-17.669996406037853,-10.724478865365718,10.877951546872957
0.6576604843139648,-5.47167,4.19547,0.825904,0.325463,0.354331,0.791729,0.0367996,0.456098,0.328113,0.344447,0.649385,0.583207,-0.345724,0.0465387,0.278707,-0.114634,0.724788,0.182733,0.208732,-0.630651,85.21229955555683,3.267723704654721,-46.16156214545819,-17.47810407930729,-10.864899093802475,10.777256217638243
0.6586418151855469,-5.47167,4.19547,0.825904,0.325463,0.354331,0.791729,0.0367996,0.456098,0.328113,0.344447,0.649385,0.583207,-0.345724,0.0465387,0.278707,-0.114634,0.724788,0.182733,0.208732,-0.630651,85.21229955555683,3.267723704654721,-46.16156214545819,-17.47810407930729,-10.864899093802475,10.777256217638243
0.9653828144073486,-5.41833,4.19022,0.79981,0.32545,0.354594,0.791962,0.0368176,0.45609,0.328132,0.343966,0.649527,0.583408,-0.345596,0.0465233,0.278736,-0.114591,0.724276,0.182145,0.208895,-0.631356,85.30663789993179,3.172324063535533,-45.922263998543215,-17.614295821995896,-10.411953305175892,10.791708852982012
0.966350793838501,-5.41833,4.19022,0.79981,0.32545,0.354594,0.791962,0.0368176,0.45609,0.328132,0.343966,0.649527,0.583408,-0.345596,0.0465233,0.278736,-0.114591,0.724276,0.182145,0.208895,-0.631356,85.30663789993179,3.172324063535533,-45.922263998543215,-17.614295821995896,-10.411953305175892,10.791708852982012
1.2714347839355469,-5.40473,4.18485,0.793503,0.324972,0.354904,0.791362,0.0368416,0.456101,0.328143,0.343493,0.649762,0.583154,-0.346054,0.0465248,0.278738,-0.114591,0.724266,0.1822,0.208886,-0.631355,85.31063474455146,3.2581803215429086,-46.657087210572996,-17.65294261107305,-10.096612028551329,10.847630880958429
1.272404670715332,-5.40473,4.18485,0.793503,0.324972,0.354904,0.791362,0.0368416,0.456101,0.328143,0.343493,0.649762,0.583154,-0.346054,0.0465248,0.278738,-0.114591,0.724266,0.1822,0.208886,-0.631355,85.31063474455146,3.2581803215429086,-46.657087210572996,-17.65294261107305,-10.096612028551329,10.847630880958429
1.578362226486206,-5.47029,4.19816,0.806894,0.325708,0.358311,0.792406,0.0368367,0.456113,0.328141,0.343461,0.649916,0.58296,-0.346123,0.0465857,0.278719,-0.114606,0.72515,0.181916,0.209195,-0.630319,85.2896133741312,3.4078118700999123,-47.86731307806843,-17.66597457344116,-10.033078519689083,10.86868899690435
1.579322099685669,-5.47029,4.19816,0.806894,0.325708,0.358311,0.792406,0.0368367,0.456113,0.328141,0.343461,0.649916,0.58296,-0.346123,0.0465857,0.278719,-0.114606,0.72515,0.181916,0.209195,-0.630319,85.2896133741312,3.4078118700999123,-47.86731307806843,-17.66597457344116,-10.033078519689083,10.86868899690435
1.9104156494140625,-5.42288,4.18737,0.806441,0.324971,0.353781,0.791286,0.0368125,0.456101,0.328128,0.343961,0.649667,0.583185,-0.345716,0.0465387,0.278709,-0.114639,0.724777,0.182781,0.208739,-0.630648,85.2554351525566,3.309430407351477,-46.75252087473233,-17.676311456757325,-10.729663383445182,10.889252757837777
1.9113836288452148,-5.42288,4.18737,0.806441,0.324971,0.353781,0.791286,0.0368125,0.456101,0.328128,0.343961,0.649667,0.583185,-0.345716,0.0465387,0.278709,-0.114639,0.724777,0.182781,0.208739,-0.630648,85.2554351525566,3.309430407351477,-46.75252087473233,-17.676311456757325,-10.729663383445182,10.889252757837777
2.219496011734009,-5.41168,4.23281,0.812849,0.328997,0.351735,0.800628,0.0368117,0.4561,0.328131,0.343937,0.649676,0.583182,-0.345728,0.0465252,0.278737,-0.114588,0.724275,0.182144,0.208888,-0.63136,85.29548244072923,3.1975635677718506,-46.08972164775792,-17.58246095104208,-10.324477104466771,10.783829715211178
2.2204670906066895,-5.41168,4.23281,0.812849,0.328997,0.351735,0.800628,0.0368117,0.4561,0.328131,0.343937,0.649676,0.583182,-0.345728,0.0465252,0.278737,-0.114588,0.724275,0.182144,0.208888,-0.63136,85.29548244072923,3.1975635677718506,-46.08972164775792,-17.58246095104208,-10.324477104466771,10.783829715211178
2.5278398990631104,-5.41372,4.19211,0.812751,0.32539,0.351431,0.792694,0.0368421,0.456102,0.328141,0.343498,0.649785,0.583146,-0.346019,0.0465415,0.278707,-0.114639,0.724825,0.182788,0.20877,-0.630581,85.27402501819662,3.377661580620791,-47.401670270198935,-17.762496948967172,-10.489005450206136,10.95723809723918
2.5288774967193604,-5.41372,4.19211,0.812751,0.32539,0.351431,0.792694,0.0368421,0.456102,0.328141,0.343498,0.649785,0.583146,-0.346019,0.0465415,0.278707,-0.114639,0.724825,0.182788,0.20877,-0.630581,85.27402501819662,3.377661580620791,-47.401670270198935,-17.762496948967172,-10.489005450206136,10.95723809723918
2.863386392593384,-5.46113,4.1972,0.806839,0.325624,0.357252,0.792668,0.036812,0.456101,0.32813,0.34397,0.649678,0.583181,-0.345691,0.0465287,0.278813,-0.114608,0.72362,0.183126,0.208957,-0.631803,85.2185977533764,3.1349979462545488,-45.035648569193924,-17.772235421925675,-10.502010194624196,10.969772638577387
2.8643639087677,-5.46113,4.1972,0.806839,0.325624,0.357252,0.792668,0.036812,0.456101,0.32813,0.34397,0.649678,0.583181,-0.345691,0.0465287,0.278813,-0.114608,0.72362,0.183126,0.208957,-0.631803,85.2185977533764,3.1349979462545488,-45.035648569193924,-17.772235421925675,-10.502010194624196,10.969772638577387
3.1712841987609863,-5.47507,4.19284,0.793499,0.325909,0.361334,0.791386,0.0368105,0.4561,0.32813,0.343952,0.649636,0.583233,-0.345701,0.0465817,0.278719,-0.114606,0.725129,0.181919,0.209214,-0.630336,85.2766912133332,3.3193490716906267,-47.07081216897546,-17.62249888451696,-10.35231755796756,10.817401943641336
3.1722559928894043,-5.47507,4.19284,0.793499,0.325909,0.361334,0.791386,0.0368105,0.4561,0.32813,0.343952,0.649636,0.583233,-0.345701,0.0465817,0.278719,-0.114606,0.725129,0.181919,0.209214,-0.630336,85.2766912133332,3.3193490716906267,-47.07081216897546,-17.62249888451696,-10.35231755796756,10.817401943641336
3.4792072772979736,-5.46112,4.22095,0.812727,0.328173,0.356063,0.797196,0.0368132,0.456101,0.32813,0.343975,0.649658,0.583199,-0.345694,0.046539,0.278709,-0.114622,0.724834,0.182619,0.208698,-0.630643,85.2717075374217,3.3071470794748836,-46.83810675327662,-17.641090426114065,-10.71135110314296,10.836105338146101
3.4801855087280273,-5.46112,4.22095,0.812727,0.328173,0.356063,0.797196,0.0368132,0.456101,0.32813,0.343975,0.649658,0.583199,-0.345694,0.046539,0.278709,-0.114622,0.724834,0.182619,0.208698,-0.630643,85.2717075374217,3.3071470794748836,-46.83810675327662,-17.641090426114065,-10.71135110314296,10.836105338146101
3.812246322631836,-5.42583,4.13959,0.826222,0.320055,0.350148,0.781574,0.0368374,0.45611,0.328142,0.343456,0.649919,0.582975,-0.346098,0.0465253,0.278732,-0.1146,0.724254,0.182241,0.208917,-0.631347,85.30093997281095,3.2756670512694344,-46.76561061215893,-17.668567407920598,-10.05138904612102,10.880519934913568
3.8132286071777344,-5.42583,4.13959,0.826222,0.320055,0.350148,0.781574,0.0368374,0.45611,0.328142,0.343456,0.649919,0.582975,-0.346098,0.0465253,0.278732,-0.1146,0.724254,0.182241,0.208917,-0.631347,85.30093997281095,3.2756670512694344,-46.76561061215893,-17.668567407920598,-10.05138904612102,10.880519934913568
4.121570587158203,-5.51929,4.19143,0.813173,0.325336,0.361303,0.790269,0.0368177,0.456092,0.328131,0.343962,0.649528,0.583401,-0.345612,0.0465247,0.278735,-0.114604,0.724265,0.182272,0.20894,-0.631317,85.29191632651305,3.1787151580416118,-45.885717183292556,-17.64485527796886,-10.434568187067205,10.836630259650239
4.122559309005737,-5.51929,4.19143,0.813173,0.325336,0.361303,0.790269,0.0368177,0.456092,0.328131,0.343962,0.649528,0.583401,-0.345612,0.0465247,0.278735,-0.114604,0.724265,0.182272,0.20894,-0.631317,85.29191632651305,3.1787151580416118,-45.885717183292556,-17.64485527796886,-10.434568187067205,10.836630259650239
4.432379484176636,-5.43021,4.21421,0.79341,0.327798,0.357586,0.796377,0.0368372,0.456111,0.328143,0.343451,0.64991,0.582985,-0.346102,0.0465408,0.278708,-0.11462,0.724848,0.182628,0.208667,-0.630635,85.29052990841068,3.3930738158962503,-47.641060468861866,-17.70302670652667,-10.397193866451307,10.893791549355736
4.433348178863525,-5.43021,4.21421,0.79341,0.327798,0.357586,0.796377,0.0368372,0.456111,0.328143,0.343451,0.64991,0.582985,-0.346102,0.0465408,0.278708,-0.11462,0.724848,0.182628,0.208667,-0.630635,85.29052990841068,3.3930738158962503,-47.641060468861866,-17.70302670652667,-10.397193866451307,10.893791549355736
4.777770757675171,-5.45635,4.22057,0.819757,0.32747,0.354332,0.79707,0.0368128,0.456101,0.32813,0.343938,0.649679,0.583196,-0.345696,0.0465399,0.278709,-0.114621,0.724823,0.182623,0.208674,-0.630663,85.27714245809794,3.3089157980822352,-46.88150581770989,-17.651007646170086,-10.7011916501083,10.837354381607904
4.778758525848389,-5.45635,4.22057,0.819757,0.32747,0.354332,0.79707,0.0368128,0.456101,0.32813,0.343938,0.649679,0.583196,-0.345696,0.0465399,0.278709,-0.114621,0.724823,0.182623,0.208674,-0.630663,85.27714245809794,3.3089157980822352,-46.88150581770989,-17.651007646170086,-10.7011916501083,10.837354381607904
5.087551593780518,-5.45497,4.16747,0.806516,0.323208,0.356638,0.786544,0.0368366,0.45611,0.328141,0.343431,0.649901,0.582996,-0.346119,0.0465389,0.278707,-0.114635,0.724748,0.182773,0.208726,-0.630688,85.27569377037605,3.385967356019848,-47.48425867381727,-17.7445365308112,-10.397326259685336,10.951160595809643
5.088528871536255,-5.45497,4.16747,0.806516,0.323208,0.356638,0.786544,0.0368366,0.45611,0.328141,0.343431,0.649901,0.582996,-0.346119,0.0465389,0.278707,-0.114635,0.724748,0.182773,0.208726,-0.630688,85.27569377037605,3.385967356019848,-47.48425867381727,-17.7445365308112,-10.397326259685336,10.951160595809643
5.39747428894043,-5.43424,4.21804,0.799698,0.328141,0.356172,0.797387,0.0368414,0.456101,0.328143,0.343492,0.649791,0.583143,-0.346019,0.0465412,0.278709,-0.114622,0.724845,0.182609,0.20865,-0.630649,85.29930379673614,3.37280312832192,-47.51359212727285,-17.701362644239964,-10.45706427161672,10.881271965769507
5.398442029953003,-5.43424,4.21804,0.799698,0.328141,0.356172,0.797387,0.0368414,0.456101,0.328143,0.343492,0.649791,0.583143,-0.346019,0.0465412,0.278709,-0.114622,0.724845,0.182609,0.20865,-0.630649,85.29930379673614,3.37280312832192,-47.51359212727285,-17.701362644239964,-10.45706427161672,10.881271965769507
5.728609561920166,-5.4229,4.18167,0.800076,0.324468,0.355073,0.790139,0.0368115,0.4561,0.328131,0.343941,0.649677,0.583211,-0.345673,0.0465316,0.27881,-0.11461,0.723643,0.183117,0.20895,-0.631782,85.22461574770473,3.1376250973032587,-45.090198000320676,-17.786261471472802,-10.50354174127902,10.976699665373612
5.729576110839844,-5.4229,4.18167,0.800076,0.324468,0.355073,0.790139,0.0368115,0.4561,0.328131,0.343941,0.649677,0.583211,-0.345673,0.0465316,0.27881,-0.11461,0.723643,0.183117,0.20895,-0.631782,85.22461574770473,3.1376250973032587,-45.090198000320676,-17.786261471472802,-10.50354174127902,10.976699665373612
6.039113283157349,-5.45771,4.1905,0.800061,0.325473,0.358571,0.791222,0.0368008,0.456098,0.328112,0.344423,0.649412,0.583185,-0.345733,0.0466001,0.278688,-0.11464,0.725686,0.182442,0.209044,-0.6296,85.1989275754609,3.403637405044126,-47.28135413808471,-17.51152424023057,-10.847662089082204,10.788257330541168
6.0400872230529785,-5.45771,4.1905,0.800061,0.325473,0.358571,0.791222,0.0368008,0.456098,0.328112,0.344423,0.649412,0.583185,-0.345733,0.0466001,0.278688,-0.11464,0.725686,0.182442,0.209044,-0.6296,85.1989275754609,3.403637405044126,-47.28135413808471,-17.51152424023057,-10.847662089082204,10.788257330541168
6.3491294384002686,-5.46356,4.2366,0.806824,0.329123,0.357479,0.800316,0.0368113,0.456101,0.328131,0.343925,0.649681,0.583182,-0.34573,0.0465636,0.278718,-0.114595,0.724307,0.182572,0.20836,-0.631374,85.3132103909066,3.22645083234379,-46.35864863251427,-17.56371631881285,-10.580379992108929,10.753468372112788
6.350096702575684,-5.46356,4.2366,0.806824,0.329123,0.357479,0.800316,0.0368113,0.456101,0.328131,0.343925,0.649681,0.583182,-0.34573,0.0465636,0.278718,-0.114595,0.724307,0.182572,0.20836,-0.631374,85.3132103909066,3.22645083234379,-46.35864863251427,-17.56371631881285,-10.580379992108929,10.753468372112788
6.661150693893433,-5.43863,4.16284,0.812552,0.323015,0.353826,0.785796,0.0368355,0.456111,0.328141,0.34344,0.649901,0.582979,-0.346142,0.0465251,0.278734,-0.114603,0.724254,0.182274,0.208931,-0.631332,85.2955981712829,3.2812603382530394,-46.7755954628336,-17.67004607314783,-10.036102283860656,10.889813620075376
6.662126064300537,-5.43863,4.16284,0.812552,0.323015,0.353826,0.785796,0.0368355,0.456111,0.328141,0.34344,0.649901,0.582979,-0.346142,0.0465251,0.278734,-0.114603,0.724254,0.182274,0.208931,-0.631332,85.2955981712829,3.2812603382530394,-46.7755954628336,-17.67004607314783,-10.036102283860656,10.889813620075376
6.973280191421509,-5.48409,4.18869,0.800017,0.325321,0.360444,0.790425,0.0368179,0.45609,0.328133,0.343968,0.649529,0.5834,-0.345604,0.0465246,0.278738,-0.11459,0.724274,0.182154,0.208891,-0.631357,85.30539106183481,3.173325400568798,-45.92287476151349,-17.610605362865158,-10.411289861659476,10.789731821813158
6.974247217178345,-5.48409,4.18869,0.800017,0.325321,0.360444,0.790425,0.0368179,0.45609,0.328133,0.343968,0.649529,0.5834,-0.345604,0.0465246,0.278738,-0.11459,0.724274,0.182154,0.208891,-0.631357,85.30539106183481,3.173325400568798,-45.92287476151349,-17.610605362865158,-10.411289861659476,10.789731821813158
7.284221172332764,-5.48409,4.18869,0.800017,0.325321,0.360444,0.790425,0.0367997,0.456095,0.328111,0.344453,0.649397,0.583171,-0.345756,0.0465448,0.278783,-0.114641,0.724183,0.18356,0.208763,-0.631096,85.14742281790461,3.2143619004011637,-45.276056044801386,-17.61662720167774,-10.96668321743196,10.908530287391901
7.285191774368286,-5.48409,4.18869,0.800017,0.325321,0.360444,0.790425,0.0367997,0.456095,0.328111,0.344453,0.649397,0.583171,-0.345756,0.0465448,0.278783,-0.114641,0.724183,0.18356,0.208763,-0.631096,85.14742281790461,3.2143619004011637,-45.276056044801386,-17.61662720167774,-10.96668321743196,10.908530287391901
7.596743822097778,-5.45913,4.15836,0.806818,0.322176,0.357071,0.784871,0.0368359,0.456111,0.328141,0.343455,0.649911,0.582981,-0.346104,0.0465809,0.27872,-0.114604,0.72514,0.181882,0.209251,-0.630322,85.28948519315782,3.4022840283671605,-47.82771733636772,-17.681088212652064,-10.014790635886188,10.87656762931464
7.597721576690674,-5.45913,4.15836,0.806818,0.322176,0.357071,0.784871,0.0368359,0.456111,0.328141,0.343455,0.649911,0.582981,-0.346104,0.0465809,0.27872,-0.114604,0.72514,0.181882,0.209251,-0.630322,85.28948519315782,3.4022840283671605,-47.82771733636772,-17.681088212652064,-10.014790635886188,10.87656762931464
7.942780017852783,-5.43921,4.1977,0.80677,0.325667,0.355303,0.79318,0.0367991,0.456097,0.328112,0.344444,0.649384,0.583186,-0.345763,0.0465395,0.27871,-0.114638,0.72478,0.182787,0.208753,-0.630639,85.20329035002474,3.2730734135842328,-46.1517190163174,-17.479097390090764,-10.857046955982636,10.78836582931773
7.9437596797943115,-5.43921,4.1977,0.80677,0.325667,0.355303,0.79318,0.0367991,0.456097,0.328112,0.344444,0.649384,0.583186,-0.345763,0.0465395,0.27871,-0.114638,0.72478,0.182787,0.208753,-0.630639,85.20329035002474,3.2730734135842328,-46.1517190163174,-17.479097390090764,-10.857046955982636,10.78836582931773
8.253557443618774,-5.47132,4.19016,0.800003,0.325448,0.359553,0.790675,0.0368122,0.4561,0.32813,0.343975,0.649661,0.583168,-0.345741,0.0465829,0.27872,-0.114606,0.725169,0.181937,0.209231,-0.630279,85.26674491925701,3.331655296378452,-47.121242721553074,-17.606302985414423,-10.351628589849412,10.812917566869723
8.254474878311157,-5.47132,4.19016,0.800003,0.325448,0.359553,0.790675,0.0368122,0.4561,0.32813,0.343975,0.649661,0.583168,-0.345741,0.0465829,0.27872,-0.114606,0.725169,0.181937,0.209231,-0.630279,85.26674491925701,3.331655296378452,-47.121242721553074,-17.606302985414423,-10.351628589849412,10.812917566869723
8.564280033111572,-5.46636,4.18675,0.787043,0.325373,0.361612,0.790353,0.0368104,0.456101,0.328131,0.343952,0.649684,0.583194,-0.345678,0.0465851,0.278796,-0.114623,0.724467,0.18288,0.209299,-0.63079,85.20152949320058,3.2604591120553694,-46.07284369596437,-17.81946533826023,-10.495204891003233,11.006422505268823
8.56523084640503,-5.46636,4.18675,0.787043,0.325373,0.361612,0.790353,0.0368104,0.456101,0.328131,0.343952,0.649684,0.583194,-0.345678,0.0465851,0.278796,-0.114623,0.724467,0.18288,0.209299,-0.63079,85.20152949320058,3.2604591120553694,-46.07284369596437,-17.81946533826023,-10.495204891003233,11.006422505268823
8.894980430603027,-5.41168,4.21475,0.813326,0.326951,0.351633,0.797245,0.0368111,0.456101,0.328129,0.343961,0.649656,0.583199,-0.345713,0.0465392,0.278708,-0.114637,0.7248,0.182792,0.208736,-0.63062,85.25525377257277,3.312616095216956,-46.77592814926487,-17.68124332885358,-10.741082100753053,10.89040060535229
8.895941734313965,-5.41168,4.21475,0.813326,0.326951,0.351633,0.797245,0.0368111,0.456101,0.328129,0.343961,0.649656,0.583199,-0.345713,0.0465392,0.278708,-0.114637,0.7248,0.182792,0.208736,-0.63062,85.25525377257277,3.312616095216956,-46.77592814926487,-17.68124332885358,-10.741082100753053,10.89040060535229
9.206461429595947,-5.50575,4.20205,0.832842,0.325605,0.355975,0.792549,0.0368361,0.456112,0.328142,0.343448,0.649904,0.582969,-0.346143,0.0465402,0.278709,-0.114622,0.724825,0.182659,0.208674,-0.630649,85.28464134261746,3.39484279803727,-47.616950859726515,-17.69839610521772,-10.381823248847644,10.899572440429345
9.207438230514526,-5.50575,4.20205,0.832842,0.325605,0.355975,0.792549,0.0368361,0.456112,0.328142,0.343448,0.649904,0.582969,-0.346143,0.0465402,0.278709,-0.114622,0.724825,0.182659,0.208674,-0.630649,85.28464134261746,3.39484279803727,-47.616950859726515,-17.69839610521772,-10.381823248847644,10.899572440429345
9.516264915466309,-5.44479,4.19256,0.812875,0.325431,0.35444,0.79192,0.0368128,0.456101,0.328131,0.34394,0.649661,0.583213,-0.345701,0.0465384,0.278712,-0.114623,0.72478,0.182667,0.20869,-0.630694,85.27249939497139,3.3031807481104303,-46.80119184898628,-17.659269033111123,-10.703161494308176,10.85067704378147
9.517271280288696,-5.44479,4.19256,0.812875,0.325431,0.35444,0.79192,0.0368128,0.456101,0.328131,0.34394,0.649661,0.583213,-0.345701,0.0465384,0.278712,-0.114623,0.72478,0.182667,0.20869,-0.630694,85.27249939497139,3.3031807481104303,-46.80119184898628,-17.659269033111123,-10.703161494308176,10.85067704378147
9.857260465621948,-5.44137,4.16781,0.806574,0.323234,0.355656,0.787092,0.0368139,0.4561,0.328131,0.343939,0.649675,0.583202,-0.345692,0.046528,0.278734,-0.11459,0.724343,0.182132,0.208883,-0.631287,85.29914218287522,3.204328124793899,-46.17137871817996,-17.59069352403858,-10.355698692104323,10.783971382957155
9.858232259750366,-5.44137,4.16781,0.806574,0.323234,0.355656,0.787092,0.0368139,0.4561,0.328131,0.343939,0.649675,0.583202,-0.345692,0.046528,0.278734,-0.11459,0.724343,0.182132,0.208883,-0.631287,85.29914218287522,3.204328124793899,-46.17137871817996,-17.59069352403858,-10.355698692104323,10.783971382957155
10.169909954071045,-5.48718,4.21703,0.819463,0.327601,0.357154,0.796156,0.0368191,0.456091,0.328134,0.344004,0.649532,0.583372,-0.34561,0.0465832,0.278719,-0.114604,0.725171,0.181913,0.209212,-0.630289,85.28170654660073,3.306933328245523,-46.98896041937604,-17.626902159515083,-10.433507706646957,10.80843361398632
10.170894622802734,-5.48718,4.21703,0.819463,0.327601,0.357154,0.796156,0.0368191,0.456091,0.328134,0.344004,0.649532,0.583372,-0.34561,0.0465832,0.278719,-0.114604,0.725171,0.181913,0.209212,-0.630289,85.28170654660073,3.306933328245523,-46.98896041937604,-17.626902159515083,-10.433507706646957,10.80843361398632
10.482361316680908,-5.4255,4.21765,0.799607,0.328108,0.355159,0.7975,0.0368101,0.456102,0.328131,0.343921,0.649686,0.583183,-0.345722,0.0465223,0.278738,-0.114604,0.724253,0.182297,0.208906,-0.631335,85.28427754343255,3.202532037720082,-46.05707814655367,-17.62004365637644,-10.368099466612048,10.831970952706792
10.483338594436646,-5.4255,4.21765,0.799607,0.328108,0.355159,0.7975,0.0368101,0.456102,0.328131,0.343921,0.649686,0.583183,-0.345722,0.0465223,0.278738,-0.114604,0.724253,0.182297,0.208906,-0.631335,85.28427754343255,3.202532037720082,-46.05707814655367,-17.62004365637644,-10.368099466612048,10.831970952706792
10.815087795257568,-5.46232,4.18861,0.78712,0.325533,0.361734,0.79049,0.036811,0.456101,0.328131,0.343953,0.64965,0.583217,-0.3457,0.0465416,0.278708,-0.11462,0.724861,0.182602,0.208691,-0.63062,85.27559218347339,3.311689448859397,-46.896794602867956,-17.64442256798929,-10.70141682592646,10.834463167042271
10.816064596176147,-5.46232,4.18861,0.78712,0.325533,0.361734,0.79049,0.036811,0.456101,0.328131,0.343953,0.64965,0.583217,-0.3457,0.0465416,0.278708,-0.11462,0.724861,0.182602,0.208691,-0.63062,85.27559218347339,3.311689448859397,-46.896794602867956,-17.64442256798929,-10.70141682592646,10.834463167042271
11.128162860870361,-5.46005,4.22576,0.786937,0.328838,0.360825,0.798115,0.0368118,0.4561,0.328131,0.34395,0.649656,0.583216,-0.345696,0.0466012,0.278688,-0.114638,0.725738,0.182396,0.209048,-0.629551,85.25102270818152,3.4447413059742025,-47.91751946934765,-17.696078074760816,-10.713769078877606,10.879870006383776
11.129137516021729,-5.46005,4.22576,0.786937,0.328838,0.360825,0.798115,0.0368118,0.4561,0.328131,0.34395,0.649656,0.583216,-0.345696,0.0466012,0.278688,-0.114638,0.725738,0.182396,0.209048,-0.629551,85.25102270818152,3.4447413059742025,-47.91751946934765,-17.696078074760816,-10.713769078877606,10.879870006383776
11.45908784866333,-5.44996,4.18115,0.812651,0.324642,0.354823,0.789661,0.0368385,0.456084,0.328139,0.344542,0.64973,0.582901,-0.345498,0.0465389,0.278708,-0.114635,0.724778,0.182756,0.208703,-0.630666,85.21307845296676,3.2647734749190893,-46.197055500152004,-17.47269029860207,-11.005504075951249,10.770979088594533
11.460080862045288,-5.44996,4.18115,0.812651,0.324642,0.354823,0.789661,0.0368385,0.456084,0.328139,0.344542,0.64973,0.582901,-0.345498,0.0465389,0.278708,-0.114635,0.724778,0.182756,0.208703,-0.630666,85.21307845296676,3.2647734749190893,-46.197055500152004,-17.47269029860207,-11.005504075951249,10.770979088594533
11.78920292854309,-5.37641,4.21978,0.780082,0.328739,0.355221,0.79905,0.0368179,0.45609,0.328133,0.343973,0.649541,0.583366,-0.345635,0.0465376,0.278713,-0.11462,0.724776,0.182599,0.20871,-0.630712,85.2809681833326,3.2821804158517027,-46.66840357602201,-17.654144054818254,-10.727774302754408,10.8355011193618
11.790291786193848,-5.37641,4.21978,0.780082,0.328739,0.355221,0.79905,0.0368179,0.45609,0.328133,0.343973,0.649541,0.583366,-0.345635,0.0465376,0.278713,-0.11462,0.724776,0.182599,0.20871,-0.630712,85.2809681833326,3.2821804158517027,-46.66840357602201,-17.654144054818254,-10.727774302754408,10.8355011193618
12.104442834854126,-5.42015,4.16434,0.812896,0.322706,0.351849,0.786608,0.0368114,0.456102,0.32813,0.343911,0.649691,0.583201,-0.345692,0.0465229,0.278736,-0.114602,0.724246,0.182238,0.208906,-0.631359,85.29235260458009,3.196237475055775,-46.05464471642751,-17.623976474465383,-10.355905443807714,10.826102374096056
12.105477333068848,-5.42015,4.16434,0.812896,0.322706,0.351849,0.786608,0.0368114,0.456102,0.32813,0.343911,0.649691,0.583201,-0.345692,0.0465229,0.278736,-0.114602,0.724246,0.182238,0.208906,-0.631359,85.29235260458009,3.196237475055775,-46.05464471642751,-17.623976474465383,-10.355905443807714,10.826102374096056
12.424611330032349,-5.46596,4.13686,0.813292,0.320046,0.356243,0.779783,0.0368354,0.456111,0.328142,0.343458,0.649891,0.582971,-0.346156,0.0465974,0.27869,-0.114637,0.725674,0.182418,0.209039,-0.629622,85.25985706379979,3.521130532308524,-48.56483284180689,-17.734005934444856,-10.370478824189034,10.935816817075088
12.425584554672241,-5.46596,4.13686,0.813292,0.320046,0.356243,0.779783,0.0368354,0.456111,0.328142,0.343458,0.649891,0.582971,-0.346156,0.0465974,0.27869,-0.114637,0.725674,0.182418,0.209039,-0.629622,85.25985706379979,3.521130532308524,-48.56483284180689,-17.734005934444856,-10.370478824189034,10.935816817075088
12.77110242843628,-5.43048,4.21537,0.806202,0.32768,0.354391,0.796676,0.0367981,0.456098,0.328112,0.344415,0.649394,0.583201,-0.34575,0.0465362,0.27871,-0.11462,0.724794,0.182603,0.208681,-0.6307,85.22811946173354,3.266796558141418,-46.24750488827208,-17.448103872847874,-10.811395797171741,10.731072960609247
12.772110223770142,-5.43048,4.21537,0.806202,0.32768,0.354391,0.796676,0.0367981,0.456098,0.328112,0.344415,0.649394,0.583201,-0.34575,0.0465362,0.27871,-0.11462,0.724794,0.182603,0.208681,-0.6307,85.22811946173354,3.266796558141418,-46.24750488827208,-17.448103872847874,-10.811395797171741,10.731072960609247
13.099087953567505,-5.44521,4.19313,0.812839,0.325482,0.354485,0.791771,0.0367996,0.456096,0.328112,0.344468,0.649386,0.58319,-0.34573,0.0465807,0.278718,-0.114605,0.725123,0.18192,0.209208,-0.630344,85.22392362405436,3.280415533290762,-46.44897990461007,-17.413204947863626,-10.498954606005409,10.705393671309407
13.100065469741821,-5.44521,4.19313,0.812839,0.325482,0.354485,0.791771,0.0367996,0.456096,0.328112,0.344468,0.649386,0.58319,-0.34573,0.0465807,0.278718,-0.114605,0.725123,0.18192,0.209208,-0.630344,85.22392362405436,3.280415533290762,-46.44897990461007,-17.413204947863626,-10.498954606005409,10.705393671309407
13.432292461395264,-5.45916,4.16502,0.793611,0.323217,0.359756,0.785961,0.0368695,0.456082,0.328151,0.344151,0.649808,0.58284,-0.345842,0.0465978,0.278689,-0.114637,0.725685,0.182383,0.209049,-0.629616,85.213337979993,3.4522634351131343,-47.79519771468112,-17.521243817996975,-10.72913701600859,10.807936288061594
13.43327260017395,-5.45916,4.16502,0.793611,0.323217,0.359756,0.785961,0.0368695,0.456082,0.328151,0.344151,0.649808,0.58284,-0.345842,0.0465978,0.278689,-0.114637,0.725685,0.182383,0.209049,-0.629616,85.213337979993,3.4522634351131343,-47.79519771468112,-17.521243817996975,-10.72913701600859,10.807936288061594
13.776439428329468,-5.43902,4.15675,0.825723,0.322025,0.351186,0.784558,0.0368182,0.45609,0.328132,0.343991,0.649504,0.583403,-0.345623,0.0465982,0.278691,-0.11464,0.725651,0.182457,0.209046,-0.629635,85.25298159910834,3.413323245382889,-47.64959487478673,-17.711645483772227,-10.78044471280422,10.888106105805258
13.777412414550781,-5.43902,4.15675,0.825723,0.322025,0.351186,0.784558,0.0368182,0.45609,0.328132,0.343991,0.649504,0.583403,-0.345623,0.0465982,0.278691,-0.11464,0.725651,0.182457,0.209046,-0.629635,85.25298159910834,3.413323245382889,-47.64959487478673,-17.711645483772227,-10.78044471280422,10.888106105805258
14.09908390045166,-5.45834,4.17624,0.786841,0.324659,0.361058,0.788493,0.036818,0.45609,0.328133,0.343994,0.649514,0.583389,-0.345625,0.0465288,0.278809,-0.114621,0.723594,0.183231,0.209005,-0.631788,85.2135667174483,3.11626547305812,-44.821933091694014,-17.810519049433605,-10.579183478669142,11.01232174077079
14.100056648254395,-5.45834,4.17624,0.786841,0.324659,0.361058,0.788493,0.036818,0.45609,0.328133,0.343994,0.649514,0.583389,-0.345625,0.0465288,0.278809,-0.114621,0.723594,0.183231,0.209005,-0.631788,85.2135667174483,3.11626547305812,-44.821933091694014,-17.810519049433605,-10.579183478669142,11.01232174077079
14.428630113601685,-5.43618,4.26162,0.825656,0.331554,0.351086,0.806386,0.0368109,0.456102,0.328131,0.343944,0.649679,0.58319,-0.3457,0.0465996,0.278769,-0.114657,0.724985,0.183352,0.209107,-0.630121,85.17845601805944,3.371960384018592,-46.822488799330316,-17.874672522171807,-10.829746260894835,11.062007867538076
14.429630279541016,-5.43618,4.26162,0.825656,0.331554,0.351086,0.806386,0.0368109,0.456102,0.328131,0.343944,0.649679,0.58319,-0.3457,0.0465996,0.278769,-0.114657,0.724985,0.183352,0.209107,-0.630121,85.17845601805944,3.371960384018592,-46.822488799330316,-17.874672522171807,-10.829746260894835,11.062007867538076
14.761051893234253,-5.44716,4.23101,0.832432,0.328392,0.35069,0.799625,0.0368354,0.456111,0.328141,0.343485,0.649889,0.582971,-0.346131,0.046596,0.278692,-0.114638,0.725659,0.182409,0.209031,-0.629645,85.26056273937121,3.5143343387750976,-48.51668940800159,-17.725567944923316,-10.38509835040486,10.928304218551162
14.762296676635742,-5.44716,4.23101,0.832432,0.328392,0.35069,0.799625,0.0368354,0.456111,0.328141,0.343485,0.649889,0.582971,-0.346131,0.046596,0.278692,-0.114638,0.725659,0.182409,0.209031,-0.629645,85.26056273937121,3.5143343387750976,-48.51668940800159,-17.725567944923316,-10.38509835040486,10.928304218551162
15.091803789138794,-5.42704,4.19631,0.806266,0.325985,0.354316,0.792994,0.0368113,0.4561,0.32813,0.343957,0.649671,0.583189,-0.345705,0.046524,0.278738,-0.11459,0.724294,0.182144,0.20886,-0.631347,85.29780648626259,3.1971773925676166,-46.09916961028753,-17.57375526007258,-10.35358823649866,10.773942365194097
15.092780828475952,-5.42704,4.19631,0.806266,0.325985,0.354316,0.792994,0.0368113,0.4561,0.32813,0.343957,0.649671,0.583189,-0.345705,0.046524,0.278738,-0.11459,0.724294,0.182144,0.20886,-0.631347,85.29780648626259,3.1971773925676166,-46.09916961028753,-17.57375526007258,-10.35358823649866,10.773942365194097
15.421950340270996,-5.46985,4.22135,0.812818,0.328207,0.357076,0.797083,0.0368453,0.456113,0.328143,0.344104,0.648475,0.583899,-0.346605,0.0465243,0.278737,-0.11459,0.724266,0.182156,0.20888,-0.631369,85.23295424807539,3.192339492635561,-45.51625650439886,-17.234862181633424,-10.148149352033691,10.693782205529464
15.423031091690063,-5.46985,4.22135,0.812818,0.328207,0.357076,0.797083,0.0368453,0.456113,0.328143,0.344104,0.648475,0.583899,-0.346605,0.0465243,0.278737,-0.11459,0.724266,0.182156,0.20888,-0.631369,85.23295424807539,3.192339492635561,-45.51625650439886,-17.234862181633424,-10.148149352033691,10.693782205529464
15.764299154281616,-5.41101,4.15724,0.806339,0.322512,0.353108,0.785893,0.0368117,0.456099,0.32813,0.343984,0.649657,0.58319,-0.345702,0.0465973,0.278689,-0.114638,0.725692,0.18236,0.209059,-0.629611,85.24873062672664,3.43454833496845,-47.827008725480816,-17.672339841509796,-10.695917871098581,10.868127918287037
15.765279293060303,-5.41101,4.15724,0.806339,0.322512,0.353108,0.785893,0.0368117,0.456099,0.32813,0.343984,0.649657,0.58319,-0.345702,0.0465973,0.278689,-0.114638,0.725692,0.18236,0.209059,-0.629611,85.24873062672664,3.43454833496845,-47.827008725480816,-17.672339841509796,-10.695917871098581,10.868127918287037
16.082976579666138,-5.52572,4.16367,0.813318,0.322652,0.36172,0.784183,0.0368129,0.456101,0.328131,0.343955,0.649672,0.583208,-0.345672,0.0465296,0.278814,-0.11461,0.72363,0.183131,0.208966,-0.631788,85.22077271506572,3.135094452025348,-45.047501005196615,-17.786074630363846,-10.508877672236986,10.978647587596946
16.08395004272461,-5.52572,4.16367,0.813318,0.322652,0.36172,0.784183,0.0368129,0.456101,0.328131,0.343955,0.649672,0.583208,-0.345672,0.0465296,0.278814,-0.11461,0.72363,0.183131,0.208966,-0.631788,85.22077271506572,3.135094452025348,-45.047501005196615,-17.786074630363846,-10.508877672236986,10.978647587596946
16.402711868286133,-5.42744,4.18452,0.813072,0.324493,0.352968,0.79061,0.0368137,0.456101,0.328132,0.343953,0.649647,0.583233,-0.345681,0.046539,0.278709,-0.11462,0.724823,0.182578,0.208665,-0.630679,85.28194497008718,3.302095354553699,-46.85201305217899,-17.637007836213495,-10.703302749878548,10.82631014044857
16.403695821762085,-5.42744,4.18452,0.813072,0.324493,0.352968,0.79061,0.0368137,0.456101,0.328132,0.343953,0.649647,0.583233,-0.345681,0.046539,0.278709,-0.11462,0.724823,0.182578,0.208665,-0.630679,85.28194497008718,3.302095354553699,-46.85201305217899,-17.637007836213495,-10.703302749878548,10.82631014044857
16.73304843902588,-5.49778,4.17445,0.813545,0.323383,0.359296,0.78725,0.0368113,0.456101,0.328131,0.343913,0.649663,0.583217,-0.345716,0.0465816,0.278721,-0.114607,0.725109,0.181967,0.209218,-0.630343,85.27513928583869,3.323768892148256,-47.09505823202767,-17.64325940660262,-10.343910886493198,10.834199297527451
16.734076499938965,-5.49778,4.17445,0.813545,0.323383,0.359296,0.78725,0.0368113,0.456101,0.328131,0.343913,0.649663,0.583217,-0.345716,0.0465816,0.278721,-0.114607,0.725109,0.181967,0.209218,-0.630343,85.27513928583869,3.323768892148256,-47.09505823202767,-17.64325940660262,-10.343910886493198,10.834199297527451
17.053918838500977,-5.44679,4.2314,0.812896,0.328879,0.354621,0.799717,0.0368124,0.4561,0.32813,0.343957,0.649653,0.583214,-0.345696,0.0465988,0.278689,-0.114639,0.725732,0.182372,0.209034,-0.62957,85.2534734056413,3.4420442973591143,-47.910633896122704,-17.682755110451307,-10.712074543814824,10.869332117306824
17.054892539978027,-5.44679,4.2314,0.812896,0.328879,0.354621,0.799717,0.0368124,0.4561,0.32813,0.343957,0.649653,0.583214,-0.345696,0.0465988,0.278689,-0.114639,0.725732,0.182372,0.209034,-0.62957,85.2534734056413,3.4420442973591143,-47.910633896122704,-17.682755110451307,-10.712074543814824,10.869332117306824
17.37268567085266,-5.45153,4.14842,0.80658,0.321514,0.356563,0.782863,0.0368116,0.4561,0.328131,0.343961,0.649644,0.583204,-0.345727,0.046582,0.278718,-0.114604,0.725145,0.181904,0.209217,-0.63032,85.27399017376192,3.3240888644315594,-47.09779044016335,-17.608035502039314,-10.341639215207337,10.809928997632074
17.37368369102478,-5.45153,4.14842,0.80658,0.321514,0.356563,0.782863,0.0368116,0.4561,0.328131,0.343961,0.649644,0.583204,-0.345727,0.046582,0.278718,-0.114604,0.725145,0.181904,0.209217,-0.63032,85.27399017376192,3.3240888644315594,-47.09779044016335,-17.608035502039314,-10.341639215207337,10.809928997632074
17.69661808013916,-5.44062,4.18932,0.819415,0.32492,0.352614,0.791357,0.0368359,0.456111,0.328142,0.343432,0.649894,0.582998,-0.34613,0.0465821,0.278718,-0.114605,0.725171,0.181928,0.209193,-0.630292,85.29195107231946,3.412268910435081,-47.911276250754604,-17.678499786390258,-10.037315647548116,10.873571851194745
17.69763493537903,-5.44062,4.18932,0.819415,0.32492,0.352614,0.791357,0.0368359,0.456111,0.328142,0.343432,0.649894,0.582998,-0.34613,0.0465821,0.278718,-0.114605,0.725171,0.181928,0.209193,-0.630292,85.29195107231946,3.412268910435081,-47.911276250754604,-17.678499786390258,-10.037315647548116,10.873571851194745
18.012805461883545,-5.45915,4.17072,0.799976,0.32372,0.358465,0.787107,0.0368114,0.4561,0.328129,0.343946,0.649683,0.583171,-0.345724,0.0465252,0.278812,-0.114621,0.723559,0.183206,0.209005,-0.631834,85.20822164480933,3.133744973302489,-44.961627978529116,-17.79215395602199,-10.48401091701935,11.008027914495113
18.013784170150757,-5.45915,4.17072,0.799976,0.32372,0.358465,0.787107,0.0368114,0.4561,0.328129,0.343946,0.649683,0.583171,-0.345724,0.0465252,0.278812,-0.114621,0.723559,0.183206,0.209005,-0.631834,85.20822164480933,3.133744973302489,-44.961627978529116,-17.79215395602199,-10.48401091701935,11.008027914495113
18.33241081237793,-5.48411,4.18299,0.793652,0.324819,0.361735,0.789278,0.0368106,0.456101,0.328131,0.343961,0.64965,0.58321,-0.345705,0.0465233,0.27874,-0.114589,0.724273,0.182156,0.208902,-0.631354,85.29322018338576,3.1925620994051385,-46.03301443583988,-17.585559325981997,-10.344846223928908,10.78707124416525
18.333386182785034,-5.48411,4.18299,0.793652,0.324819,0.361735,0.789278,0.0368106,0.456101,0.328131,0.343961,0.64965,0.58321,-0.345705,0.0465233,0.27874,-0.114589,0.724273,0.182156,0.208902,-0.631354,85.29322018338576,3.1925620994051385,-46.03301443583988,-17.585559325981997,-10.344846223928908,10.78707124416525
18.654518365859985,-5.43824,4.15087,0.799858,0.321959,0.356363,0.783652,0.0368132,0.456102,0.328132,0.343967,0.649656,0.58319,-0.345719,0.0465275,0.278813,-0.114621,0.723566,0.183241,0.209036,-0.631805,85.20128335091249,3.1333397933063454,-44.917856871904405,-17.80024392920311,-10.501164070470631,11.021900234175579
18.655494213104248,-5.43824,4.15087,0.799858,0.321959,0.356363,0.783652,0.0368132,0.456102,0.328132,0.343967,0.649656,0.58319,-0.345719,0.0465275,0.278813,-0.114621,0.723566,0.183241,0.209036,-0.631805,85.20128335091249,3.1333397933063454,-44.917856871904405,-17.80024392920311,-10.501164070470631,11.021900234175579
18.98567223548889,-5.43383,4.21177,0.793369,0.327588,0.357418,0.796389,0.0368179,0.456091,0.328133,0.343995,0.649531,0.583364,-0.345634,0.0465389,0.27871,-0.114622,0.724813,0.182638,0.208736,-0.63065,85.2731257042623,3.2883738952090247,-46.67559684004906,-17.662509245568813,-10.751754968197632,10.848189712825747
18.98664426803589,-5.43383,4.21177,0.793369,0.327588,0.357418,0.796389,0.0368179,0.456091,0.328133,0.343995,0.649531,0.583364,-0.345634,0.0465389,0.27871,-0.114622,0.724813,0.182638,0.208736,-0.63065,85.2731257042623,3.2883738952090247,-46.67559684004906,-17.662509245568813,-10.751754968197632,10.848189712825747
19.304646253585815,-5.44699,4.14557,0.793584,0.321489,0.358668,0.782392,0.0368175,0.45609,0.328133,0.343953,0.649544,0.583402,-0.345587,0.0465399,0.278706,-0.114621,0.724848,0.182596,0.208662,-0.630646,85.29134117607362,3.2901566010365597,-46.79279464134213,-17.670384044125612,-10.771360179937016,10.834329025184747
19.30562925338745,-5.44699,4.14557,0.793584,0.321489,0.358668,0.782392,0.0368175,0.45609,0.328133,0.343953,0.649544,0.583402,-0.345587,0.0465399,0.278706,-0.114621,0.724848,0.182596,0.208662,-0.630646,85.29134117607362,3.2901566010365597,-46.79279464134213,-17.670384044125612,-10.771360179937016,10.834329025184747
19.623082160949707,-5.47371,4.22291,0.813195,0.327906,0.357095,0.797234,0.0368373,0.456113,0.328141,0.343475,0.649912,0.582958,-0.346119,0.0465983,0.278688,-0.114638,0.725718,0.182413,0.20901,-0.629582,85.26322408494639,3.525218442694151,-48.621313486273486,-17.73302842408134,-10.408010251946958,10.92817273685815
19.624057054519653,-5.47371,4.22291,0.813195,0.327906,0.357095,0.797234,0.0368373,0.456113,0.328141,0.343475,0.649912,0.582958,-0.346119,0.0465983,0.278688,-0.114638,0.725718,0.182413,0.20901,-0.629582,85.26322408494639,3.525218442694151,-48.621313486273486,-17.73302842408134,-10.408010251946958,10.92817273685815
19.952236652374268,-5.46915,4.22576,0.806564,0.328384,0.357908,0.79791,0.0368166,0.456092,0.328132,0.343993,0.649517,0.5834,-0.345601,0.0465227,0.278738,-0.11459,0.724292,0.182149,0.208924,-0.631326,85.3002775057368,3.173768539811054,-45.901470029205335,-17.61070947492903,-10.416307541115563,10.793064876869447
19.953217267990112,-5.46915,4.22576,0.806564,0.328384,0.357908,0.79791,0.0368166,0.456092,0.328132,0.343993,0.649517,0.5834,-0.345601,0.0465227,0.278738,-0.11459,0.724292,0.182149,0.208924,-0.631326,85.3002775057368,3.173768539811054,-45.901470029205335,-17.61070947492903,-10.416307541115563,10.793064876869447
20.279117822647095,-5.41833,4.19022,0.79981,0.32545,0.354594,0.791962,0.0368368,0.456112,0.328143,0.343468,0.649901,0.582981,-0.34611,0.046582,0.278719,-0.114607,0.725139,0.181973,0.209207,-0.630311,85.28498923600173,3.4061367092576496,-47.82148046132677,-17.681801059070985,-10.060671270343075,10.883849134036431
20.280162811279297,-5.41833,4.19022,0.79981,0.32545,0.354594,0.791962,0.0368368,0.456112,0.328143,0.343468,0.649901,0.582981,-0.34611,0.046582,0.278719,-0.114607,0.725139,0.181973,0.209207,-0.630311,85.28498923600173,3.4061367092576496,-47.82148046132677,-17.681801059070985,-10.060671270343075,10.883849134036431
20.60546851158142,-5.42602,4.19861,0.806792,0.325743,0.354366,0.793579,0.0368185,0.456092,0.328133,0.343944,0.64953,0.583406,-0.345616,0.0465405,0.278709,-0.114638,0.724779,0.182782,0.208766,-0.630637,85.26683520069099,3.2904467299968228,-46.643219117906014,-17.7212039745369,-10.780576027204317,10.907963043182008
20.606489181518555,-5.42602,4.19861,0.806792,0.325743,0.354366,0.793579,0.0368185,0.456092,0.328133,0.343944,0.64953,0.583406,-0.345616,0.0465405,0.278709,-0.114638,0.724779,0.182782,0.208766,-0.630637,85.26683520069099,3.2904467299968228,-46.643219117906014,-17.7212039745369,-10.780576027204317,10.907963043182008
20.944247007369995,-5.44067,4.19028,0.799843,0.325457,0.356589,0.791301,0.0368121,0.456101,0.328131,0.343942,0.649676,0.583209,-0.345678,0.0465396,0.27871,-0.114622,0.724819,0.182595,0.20869,-0.63067,85.27903653745936,3.3045652209781453,-46.859809398101504,-17.651092442482668,-10.695035566228432,10.838266124048845
20.945284843444824,-5.44067,4.19028,0.799843,0.325457,0.356589,0.791301,0.0368121,0.456101,0.328131,0.343942,0.649676,0.583209,-0.345678,0.0465396,0.27871,-0.114622,0.724819,0.182595,0.20869,-0.63067,85.27903653745936,3.3045652209781453,-46.859809398101504,-17.651092442482668,-10.695035566228432,10.838266124048845
21.26203727722168,-5.47549,4.19341,0.793463,0.32596,0.361379,0.791237,0.0368128,0.4561,0.328132,0.343968,0.649641,0.583213,-0.34571,0.0466001,0.278686,-0.114636,0.725731,0.182362,0.209028,-0.629577,85.25275135998888,3.4413636154159475,-47.90005173383517,-17.67215291788729,-10.70720091884006,10.864457317347053
21.26303243637085,-5.47549,4.19341,0.793463,0.32596,0.361379,0.791237,0.0368128,0.4561,0.328132,0.343968,0.649641,0.583213,-0.34571,0.0466001,0.278686,-0.114636,0.725731,0.182362,0.209028,-0.629577,85.25275135998888,3.4413636154159475,-47.90005173383517,-17.67215291788729,-10.70720091884006,10.864457317347053
21.5800940990448,-5.46237,4.24822,0.780518,0.331052,0.362712,0.802941,0.0368355,0.456112,0.32814,0.343467,0.649876,0.582975,-0.346168,0.0465236,0.278738,-0.11459,0.724304,0.182152,0.208906,-0.631318,85.30225653844607,3.282998734090959,-46.83568479178506,-17.624008528309172,-10.011242790149488,10.839304636052841
21.581072568893433,-5.46237,4.24822,0.780518,0.331052,0.362712,0.802941,0.0368355,0.456112,0.32814,0.343467,0.649876,0.582975,-0.346168,0.0465236,0.278738,-0.11459,0.724304,0.182152,0.208906,-0.631318,85.30225653844607,3.282998734090959,-46.83568479178506,-17.624008528309172,-10.011242790149488,10.839304636052841
21.89717388153076,-5.46237,4.24822,0.780518,0.331052,0.362712,0.802941,0.0368122,0.456102,0.328131,0.343953,0.649672,0.583189,-0.345708,0.0465385,0.278712,-0.114623,0.724837,0.182637,0.208681,-0.630641,85.2728607523047,3.3118774456781988,-46.88122664296091,-17.642440343396526,-10.708432814660673,10.837095214987643
21.898147106170654,-5.46237,4.24822,0.780518,0.331052,0.362712,0.802941,0.0368122,0.456102,0.328131,0.343953,0.649672,0.583189,-0.345708,0.0465385,0.278712,-0.114623,0.724837,0.182637,0.208681,-0.630641,85.2728607523047,3.3118774456781988,-46.88122664296091,-17.642440343396526,-10.708432814660673,10.837095214987643
22.215079069137573,-5.43549,4.20169,0.800067,0.326247,0.356206,0.793559,0.0368342,0.456112,0.328142,0.343465,0.649901,0.582988,-0.3461,0.0465398,0.278706,-0.114637,0.724818,0.182744,0.208741,-0.630611,85.27380872414606,3.392463152497553,-47.53495866004697,-17.733838134615038,-10.416656195277428,10.946174207204034
22.216047286987305,-5.43549,4.20169,0.800067,0.326247,0.356206,0.793559,0.0368342,0.456112,0.328142,0.343465,0.649901,0.582988,-0.3461,0.0465398,0.278706,-0.114637,0.724818,0.182744,0.208741,-0.630611,85.27380872414606,3.392463152497553,-47.53495866004697,-17.733838134615038,-10.416656195277428,10.946174207204034
22.541802406311035,-5.45279,4.20877,0.819442,0.326647,0.353702,0.794925,0.0368128,0.456102,0.328132,0.343949,0.649683,0.5832,-0.345672,0.0465396,0.27871,-0.114621,0.724833,0.182606,0.208689,-0.630652,85.27772048983374,3.306948343669924,-46.87316782658063,-17.652937190069572,-10.70747471282607,10.839088449478623
22.542804956436157,-5.45279,4.20877,0.819442,0.326647,0.353702,0.794925,0.0368128,0.456102,0.328132,0.343949,0.649683,0.5832,-0.345672,0.0465396,0.27871,-0.114621,0.724833,0.182606,0.208689,-0.630652,85.27772048983374,3.306948343669924,-46.87316782658063,-17.652937190069572,-10.70747471282607,10.839088449478623
22.904245376586914,-5.37846,4.28031,0.812444,0.333436,0.348474,0.810873,0.0368101,0.4561,0.328131,0.343976,0.649645,0.583205,-0.345708,0.0465995,0.278767,-0.114657,0.724998,0.183345,0.209121,-0.630104,85.1742730225231,3.3705840602695916,-46.787248464537,-17.861384678160114,-10.83534082767378,11.057401069628565
22.90530562400818,-5.37846,4.28031,0.812444,0.333436,0.348474,0.810873,0.0368101,0.4561,0.328131,0.343976,0.649645,0.583205,-0.345708,0.0465995,0.278767,-0.114657,0.724998,0.183345,0.209121,-0.630104,85.1742730225231,3.3705840602695916,-46.787248464537,-17.861384678160114,-10.83534082767378,11.057401069628565
23.23658275604248,-5.42426,4.17232,0.832293,0.323183,0.348408,0.788373,0.0368375,0.456112,0.328141,0.343483,0.649903,0.582986,-0.346082,0.0465249,0.278736,-0.11459,0.724332,0.182155,0.208866,-0.631298,85.31040826495867,3.2803032746036287,-46.864084901903894,-17.637692006963128,-10.070454822027829,10.835797732434925
23.237701177597046,-5.42426,4.17232,0.832293,0.323183,0.348408,0.788373,0.0368375,0.456112,0.328141,0.343483,0.649903,0.582986,-0.346082,0.0465249,0.278736,-0.11459,0.724332,0.182155,0.208866,-0.631298,85.31040826495867,3.2803032746036287,-46.864084901903894,-17.637692006963128,-10.070454822027829,10.835797732434925
23.571693897247314,-5.42426,4.1516,0.78038,0.322472,0.359312,0.784291,0.0368195,0.456092,0.328132,0.343987,0.649539,0.583357,-0.345639,0.046527,0.278736,-0.114589,0.724324,0.182135,0.208892,-0.631305,85.30099065710587,3.183978456547036,-45.993984387550775,-17.58993797466028,-10.405819244252731,10.778204575142677
23.572669506072998,-5.42426,4.1516,0.78038,0.322472,0.359312,0.784291,0.0368195,0.456092,0.328132,0.343987,0.649539,0.583357,-0.345639,0.046527,0.278736,-0.114589,0.724324,0.182135,0.208892,-0.631305,85.30099065710587,3.183978456547036,-45.993984387550775,-17.58993797466028,-10.405819244252731,10.778204575142677
23.904617071151733,-5.42489,4.22621,0.806462,0.328419,0.353962,0.799083,0.0368127,0.4561,0.328131,0.343977,0.649656,0.583204,-0.345688,0.0465402,0.278705,-0.114636,0.7248,0.18273,0.208774,-0.630626,85.25676300143832,3.3061126310732805,-46.74042069960417,-17.678196492752683,-10.725319448145067,10.890276029449447
23.905588150024414,-5.42489,4.22621,0.806462,0.328419,0.353962,0.799083,0.0368127,0.4561,0.328131,0.343977,0.649656,0.583204,-0.345688,0.0465402,0.278705,-0.114636,0.7248,0.18273,0.208774,-0.630626,85.25676300143832,3.3061126310732805,-46.74042069960417,-17.678196492752683,-10.725319448145067,10.890276029449447
24.237863302230835,-5.48526,4.16775,0.78714,0.323686,0.363532,0.786011,0.0368126,0.456102,0.32813,0.343959,0.649678,0.583175,-0.345714,0.0465392,0.278713,-0.114624,0.724757,0.182652,0.2087,-0.630722,85.2692195679884,3.3003005177802054,-46.763420958791386,-17.64480328012234,-10.685818344546345,10.846277871409953
24.238850116729736,-5.48526,4.16775,0.78714,0.323686,0.363532,0.786011,0.0368126,0.456102,0.32813,0.343959,0.649678,0.583175,-0.345714,0.0465392,0.278713,-0.114624,0.724757,0.182652,0.2087,-0.630722,85.2692195679884,3.3003005177802054,-46.763420958791386,-17.64480328012234,-10.685818344546345,10.846277871409953
24.562659740447998,-5.42748,4.19118,0.799865,0.325533,0.355653,0.7917,0.0368127,0.4561,0.328131,0.343949,0.649666,0.583186,-0.345727,0.0465251,0.278735,-0.114602,0.724255,0.182251,0.208904,-0.631346,85.28493562073878,3.1984009879116284,-46.02850425584894,-17.597632032527166,-10.360193927128368,10.816760065189147
24.563650369644165,-5.42748,4.19118,0.799865,0.325533,0.355653,0.7917,0.0368127,0.4561,0.328131,0.343949,0.649666,0.583186,-0.345727,0.0465251,0.278735,-0.114602,0.724255,0.182251,0.208904,-0.631346,85.28493562073878,3.1984009879116284,-46.02850425584894,-17.597632032527166,-10.360193927128368,10.816760065189147
24.88955569267273,-5.46117,4.20385,0.793632,0.326665,0.359937,0.793758,0.0368427,0.456102,0.328142,0.343506,0.649762,0.583149,-0.34605,0.0465394,0.278708,-0.114621,0.724825,0.182597,0.208705,-0.630657,85.2917722150526,3.369282690469237,-47.442238130820364,-17.69906820222534,-10.430016546780816,10.888788862955206
24.890546321868896,-5.46117,4.20385,0.793632,0.326665,0.359937,0.793758,0.0368427,0.456102,0.328142,0.343506,0.649762,0.583149,-0.34605,0.0465394,0.278708,-0.114621,0.724825,0.182597,0.208705,-0.630657,85.2917722150526,3.369282690469237,-47.442238130820364,-17.69906820222534,-10.430016546780816,10.888788862955206
25.214914560317993,-5.4769,4.16696,0.806585,0.323166,0.358588,0.786032,0.0368118,0.456102,0.328132,0.343938,0.649659,0.583221,-0.345692,0.0465414,0.278784,-0.114656,0.724083,0.183759,0.20886,-0.631122,85.1798156107995,3.243146955016377,-45.68425301962744,-17.896351902363637,-10.86165146150345,11.101645982958091
25.215903282165527,-5.4769,4.16696,0.806585,0.323166,0.358588,0.786032,0.0368118,0.456102,0.328132,0.343938,0.649659,0.583221,-0.345692,0.0465414,0.278784,-0.114656,0.724083,0.183759,0.20886,-0.631122,85.1798156107995,3.243146955016377,-45.68425301962744,-17.896351902363637,-10.86165146150345,11.101645982958091
25.5489981174469,-5.44621,4.24662,0.806544,0.33023,0.356109,0.802389,0.036811,0.456099,0.328132,0.343957,0.64967,0.583195,-0.345696,0.0465968,0.278689,-0.114638,0.725664,0.182414,0.209046,-0.629633,85.24927392763927,3.434148896376482,-47.82058891702106,-17.693393781341364,-10.704717454424111,10.88316497648724
25.550132274627686,-5.44621,4.24662,0.806544,0.33023,0.356109,0.802389,0.036811,0.456099,0.328132,0.343957,0.64967,0.583195,-0.345696,0.0465968,0.278689,-0.114638,0.725664,0.182414,0.209046,-0.629633,85.24927392763927,3.434148896376482,-47.82058891702106,-17.693393781341364,-10.704717454424111,10.88316497648724
25.90823197364807,-5.39243,4.2465,0.786851,0.330669,0.355036,0.803916,0.0368103,0.456103,0.32813,0.343962,0.64965,0.583197,-0.345727,0.0465972,0.278692,-0.114639,0.725708,0.182401,0.209059,-0.629581,85.24602916693539,3.4422120991494842,-47.867392987021326,-17.683184707029326,-10.697365625898719,10.878415014356584
25.90921139717102,-5.39243,4.2465,0.786851,0.330669,0.355036,0.803916,0.0368103,0.456103,0.32813,0.343962,0.64965,0.583197,-0.345727,0.0465972,0.278692,-0.114639,0.725708,0.182401,0.209059,-0.629581,85.24602916693539,3.4422120991494842,-47.867392987021326,-17.683184707029326,-10.697365625898719,10.878415014356584
26.243462085723877,-5.49226,4.13047,0.800002,0.320154,0.36117,0.778399,0.0368111,0.456103,0.328131,0.343942,0.649669,0.583193,-0.345718,0.0465388,0.278709,-0.114637,0.72478,0.182794,0.208774,-0.630629,85.2530221465181,3.311727304806962,-46.75857373002389,-17.696253428761914,-10.718674913859612,10.906564411564165
26.2444806098938,-5.49226,4.13047,0.800002,0.320154,0.36117,0.778399,0.0368111,0.456103,0.328131,0.343942,0.649669,0.583193,-0.345718,0.0465388,0.278709,-0.114637,0.72478,0.182794,0.208774,-0.630629,85.2530221465181,3.311727304806962,-46.75857373002389,-17.696253428761914,-10.718674913859612,10.906564411564165
26.574390649795532,-5.42329,4.19364,0.81277,0.325525,0.352535,0.792284,0.0368166,0.45609,0.328133,0.34399,0.64951,0.583401,-0.345616,0.0465811,0.278719,-0.114605,0.725147,0.181913,0.209205,-0.630319,85.28417987337247,3.302660359740601,-46.962075179174214,-17.628822008246203,-10.424131800970288,10.809652687902588
26.575366020202637,-5.42329,4.19364,0.81277,0.325525,0.352535,0.792284,0.0368166,0.45609,0.328133,0.34399,0.64951,0.583401,-0.345616,0.0465811,0.278719,-0.114605,0.725147,0.181913,0.209205,-0.630319,85.28417987337247,3.302660359740601,-46.962075179174214,-17.628822008246203,-10.424131800970288,10.809652687902588
26.911360025405884,-5.43921,4.1977,0.80677,0.325667,0.355303,0.79318,0.0367977,0.456097,0.328112,0.344454,0.649373,0.583195,-0.345759,0.0465814,0.278796,-0.114624,0.724415,0.182891,0.209298,-0.630847,85.146551126856,3.2160375000653842,-45.38701929956767,-17.6010899234948,-10.61230036996963,10.898255320931957
26.91245937347412,-5.43921,4.1977,0.80677,0.325667,0.355303,0.79318,0.0367977,0.456097,0.328112,0.344454,0.649373,0.583195,-0.345759,0.0465814,0.278796,-0.114624,0.724415,0.182891,0.209298,-0.630847,85.146551126856,3.2160375000653842,-45.38701929956767,-17.6010899234948,-10.61230036996963,10.898255320931957
27.237547159194946,-5.43658,4.17313,0.819969,0.323033,0.352634,0.788111,0.0367959,0.456106,0.328128,0.344298,0.64946,0.583343,-0.345503,0.0465283,0.278812,-0.114609,0.723654,0.183111,0.208942,-0.631774,85.20627722230975,3.0902295718324586,-44.58159190504106,-17.703782568249558,-10.691653783348226,10.929473022016563
27.238532543182373,-5.43658,4.17313,0.819969,0.323033,0.352634,0.788111,0.0367959,0.456106,0.328128,0.344298,0.64946,0.583343,-0.345503,0.0465283,0.278812,-0.114609,0.723654,0.183111,0.208942,-0.631774,85.20627722230975,3.0902295718324586,-44.58159190504106,-17.703782568249558,-10.691653783348226,10.929473022016563
27.563471794128418,-5.44243,4.14842,0.786953,0.321968,0.359481,0.783068,0.0368362,0.456112,0.328143,0.343433,0.649918,0.582995,-0.346088,0.0465389,0.278711,-0.114622,0.724833,0.182633,0.208672,-0.630649,85.29278622955104,3.3908216780866707,-47.6353690369162,-17.714908572764468,-10.394808112447524,10.901135621286613
27.564449310302734,-5.44243,4.14842,0.786953,0.321968,0.359481,0.783068,0.0368362,0.456112,0.328143,0.343433,0.649918,0.582995,-0.346088,0.0465389,0.278711,-0.114622,0.724833,0.182633,0.208672,-0.630649,85.29278622955104,3.3908216780866707,-47.6353690369162,-17.714908572764468,-10.394808112447524,10.901135621286613
27.8930983543396,-5.44211,4.16702,0.845646,0.322259,0.347795,0.786907,0.0368356,0.456112,0.328139,0.343474,0.649902,0.582967,-0.346125,0.0465794,0.27872,-0.114605,0.725098,0.181933,0.209203,-0.630371,85.28675554615708,3.3987532976352757,-47.77348708079456,-17.66693485051342,-10.03249326882736,10.869934353906338
27.89407253265381,-5.44211,4.16702,0.845646,0.322259,0.347795,0.786907,0.0368356,0.456112,0.328139,0.343474,0.649902,0.582967,-0.346125,0.0465794,0.27872,-0.114605,0.725098,0.181933,0.209203,-0.630371,85.28675554615708,3.3987532976352757,-47.77348708079456,-17.66693485051342,-10.03249326882736,10.869934353906338
28.217621088027954,-5.50847,4.23078,0.832752,0.328372,0.356617,0.798373,0.0368119,0.456101,0.32813,0.343938,0.649665,0.583208,-0.345703,0.0465813,0.278719,-0.114607,0.725139,0.181939,0.209233,-0.630313,85.27394098889778,3.3248304499403414,-47.10370445000587,-17.636334391078897,-10.351404550843423,10.828608352543865
28.21859836578369,-5.50847,4.23078,0.832752,0.328372,0.356617,0.798373,0.0368119,0.456101,0.32813,0.343938,0.649665,0.583208,-0.345703,0.0465813,0.278719,-0.114607,0.725139,0.181939,0.209233,-0.630313,85.27394098889778,3.3248304499403414,-47.10370445000587,-17.636334391078897,-10.351404550843423,10.828608352543865
28.547927856445312,-5.50044,4.21139,0.793504,0.327561,0.363358,0.794555,0.0368109,0.456101,0.328129,0.343944,0.649658,0.583216,-0.345697,0.0465244,0.278737,-0.114606,0.724261,0.182298,0.208924,-0.631319,85.28277331695038,3.1982943269135404,-46.01240105429851,-17.625054779865604,-10.385198330655895,10.835547550009407
28.548917293548584,-5.50044,4.21139,0.793504,0.327561,0.363358,0.794555,0.0368109,0.456101,0.328129,0.343944,0.649658,0.583216,-0.345697,0.0465244,0.278737,-0.114606,0.724261,0.182298,0.208924,-0.631319,85.28277331695038,3.1982943269135404,-46.01240105429851,-17.625054779865604,-10.385198330655895,10.835547550009407
28.883152723312378,-5.44521,4.19313,0.812839,0.325482,0.354485,0.791771,0.0367989,0.456098,0.328111,0.344459,0.649389,0.583189,-0.345735,0.0466019,0.278769,-0.114659,0.725009,0.183399,0.209113,-0.630078,85.12151876795483,3.3379740512291685,-46.222315747145906,-17.677963125128464,-10.994839401698385,10.961334123586747
28.884169101715088,-5.44521,4.19313,0.812839,0.325482,0.354485,0.791771,0.0367989,0.456098,0.328111,0.344459,0.649389,0.583189,-0.345735,0.0466019,0.278769,-0.114659,0.725009,0.183399,0.209113,-0.630078,85.12151876795483,3.3379740512291685,-46.222315747145906,-17.677963125128464,-10.994839401698385,10.961334123586747
29.228086948394775,-5.42657,4.19478,0.825874,0.325397,0.350295,0.793199,0.0368179,0.456091,0.328132,0.343977,0.649539,0.58338,-0.34561,0.0465829,0.278718,-0.114606,0.725146,0.181898,0.209215,-0.630322,85.28561019521521,3.3037090515133456,-46.98426931569523,-17.635633341751422,-10.411563304120836,10.813730531584145
29.229219675064087,-5.42657,4.19478,0.825874,0.325397,0.350295,0.793199,0.0368179,0.456091,0.328132,0.343977,0.649539,0.58338,-0.34561,0.0465829,0.278718,-0.114606,0.725146,0.181898,0.209215,-0.630322,85.28561019521521,3.3037090515133456,-46.98426931569523,-17.635633341751422,-10.411563304120836,10.813730531584145
29.566194772720337,-5.47189,4.18064,0.81272,0.324599,0.356773,0.789149,0.0368364,0.45611,0.32814,0.343486,0.649881,0.582972,-0.346143,0.0465944,0.27869,-0.11464,0.725702,0.182384,0.209048,-0.629596,85.25954576608828,3.5207964951628354,-48.5656764262968,-17.719515824239785,-10.381837176409636,10.925510207114542
29.567192554473877,-5.47189,4.18064,0.81272,0.324599,0.356773,0.789149,0.0368364,0.45611,0.32814,0.343486,0.649881,0.582972,-0.346143,0.0465944,0.27869,-0.11464,0.725702,0.182384,0.209048,-0.629596,85.25954576608828,3.5207964951628354,-48.5656764262968,-17.719515824239785,-10.381837176409636,10.925510207114542
29.916980981826782,-5.48344,4.20865,0.819602,0.326638,0.356665,0.794299,0.0368636,0.456095,0.328149,0.344089,0.649962,0.58267,-0.345902,0.0465402,0.278708,-0.114622,0.724861,0.182633,0.208686,-0.630612,85.23302476733174,3.3503115137822976,-47.02023167765622,-17.489866026395603,-10.68352270668312,10.782027607354909
29.918013095855713,-5.48344,4.20865,0.819602,0.326638,0.356665,0.794299,0.0368636,0.456095,0.328149,0.344089,0.649962,0.58267,-0.345902,0.0465402,0.278708,-0.114622,0.724861,0.182633,0.208686,-0.630612,85.23302476733174,3.3503115137822976,-47.02023167765622,-17.489866026395603,-10.68352270668312,10.782027607354909
30.260950326919556,-5.43108,4.26259,0.793578,0.331875,0.357261,0.806296,0.0368119,0.456103,0.32813,0.343887,0.649682,0.583206,-0.345725,0.0465249,0.278735,-0.114603,0.724269,0.182285,0.208929,-0.631312,85.28653065181591,3.2060704712567643,-46.100075749889456,-17.640764488284734,-10.351505629581787,10.843465010663696
30.26206612586975,-5.43108,4.26259,0.793578,0.331875,0.357261,0.806296,0.0368119,0.456103,0.32813,0.343887,0.649682,0.583206,-0.345725,0.0465249,0.278735,-0.114603,0.724269,0.182285,0.208929,-0.631312,85.28653065181591,3.2060704712567643,-46.100075749889456,-17.640764488284734,-10.351505629581787,10.843465010663696
30.5885648727417,-5.44683,4.22,0.800166,0.327873,0.357204,0.797424,0.036818,0.456091,0.328133,0.343966,0.649534,0.583389,-0.345615,0.0465247,0.278735,-0.114602,0.724255,0.182255,0.208915,-0.631342,85.29473510774064,3.1768358245924433,-45.885865820523826,-17.630492829816212,-10.431340653696786,10.825250699042584
30.589536666870117,-5.44683,4.22,0.800166,0.327873,0.357204,0.797424,0.036818,0.456091,0.328133,0.343966,0.649534,0.583389,-0.345615,0.0465247,0.278735,-0.114602,0.724255,0.182255,0.208915,-0.631342,85.29473510774064,3.1768358245924433,-45.885865820523826,-17.630492829816212,-10.431340653696786,10.825250699042584
