# Timestamp, Flexion, Adduction, Rotation, Translation_ap, Translation_ml, Translation_pd, Tx, Ty, Tz, Fx, Fy, Fz
0.011315107345581055, 70.7487585422323, 1.769199262062853, 4.155916935896973, -17.324749919671145, -11.261546070530109, 26.05720595889182, 0.0, 0.0, 0.0, 0.0, 0.0, 0.0
0.017859458923339844, 70.7487585422323, 1.769199262062853, 4.155916935896973, -17.324749919671145, -11.261546070530109, 26.05720595889182, 0.0, 0.0, 0.0, 0.0, 0.0, 0.0
0.02899956703186035, 70.7487585422323, 1.769199262062853, 4.155916935896973, -17.324749919671145, -11.261546070530109, 26.05720595889182, 0.0, 0.0, 0.0, 0.0, 0.0, 0.0
0.03551006317138672, 70.7487585422323, 1.769199262062853, 4.155916935896973, -17.324749919671145, -11.261546070530109, 26.05720595889182, 0.0, 0.0, 0.0, 0.0, 0.0, 0.0
0.04981589317321777, 70.7487585422323, 1.769199262062853, 4.155916935896973, -17.324749919671145, -11.261546070530109, 26.05720595889182, 0.0, 0.0, 0.0, 0.0, 0.0, 0.0
0.056327104568481445, 70.7487585422323, 1.769199262062853, 4.155916935896973, -17.324749919671145, -11.261546070530109, 26.05720595889182, 0.0, 0.0, 0.0, 0.0, 0.0, 0.0
0.06937026977539062, 70.7487585422323, 1.769199262062853, 4.155916935896973, -17.324749919671145, -11.261546070530109, 26.05720595889182, 0.0, 0.0, 0.0, 0.0, 0.0, 0.0
0.07589888572692871, 70.7487585422323, 1.769199262062853, 4.155916935896973, -17.324749919671145, -11.261546070530109, 26.05720595889182, 0.0, 0.0, 0.0, 0.0, 0.0, 0.0
0.08980298042297363, 70.7487585422323, 1.769199262062853, 4.155916935896973, -17.324749919671145, -11.261546070530109, 26.05720595889182, 0.0, 0.0, 0.0, 0.0, 0.0, 0.0
0.09613943099975586, 70.7487585422323, 1.769199262062853, 4.155916935896973, -17.324749919671145, -11.261546070530109, 26.05720595889182, 0.0, 0.0, 0.0, 0.0, 0.0, 0.0
0.11043500900268555, 70.7487585422323, 1.769199262062853, 4.155916935896973, -17.324749919671145, -11.261546070530109, 26.05720595889182, 0.0, 0.0, 0.0, 0.0, 0.0, 0.0
0.11668181419372559, 70.7487585422323, 1.769199262062853, 4.155916935896973, -17.324749919671145, -11.261546070530109, 26.05720595889182, 0.0, 0.0, 0.0, 0.0, 0.0, 0.0
0.12944841384887695, 70.7487585422323, 1.769199262062853, 4.155916935896973, -17.324749919671145, -11.261546070530109, 26.05720595889182, 0.0, 0.0, 0.0, 0.0, 0.0, 0.0
0.13599538803100586, 70.7487585422323, 1.769199262062853, 4.155916935896973, -17.324749919671145, -11.261546070530109, 26.05720595889182, 0.0, 0.0, 0.0, 0.0, 0.0, 0.0
0.14923501014709473, 70.7487585422323, 1.769199262062853, 4.155916935896973, -17.324749919671145, -11.261546070530109, 26.05720595889182, 0.0, 0.0, 0.0, 0.0, 0.0, 0.0
0.15543437004089355, 70.7487585422323, 1.769199262062853, 4.155916935896973, -17.324749919671145, -11.261546070530109, 26.05720595889182, 0.0, 0.0, 0.0, 0.0, 0.0, 0.0
0.16943812370300293, 70.7487585422323, 1.769199262062853, 4.155916935896973, -17.324749919671145, -11.261546070530109, 26.05720595889182, 0.0, 0.0, 0.0, 0.0, 0.0, 0.0
0.1756606101989746, 70.7487585422323, 1.769199262062853, 4.155916935896973, -17.324749919671145, -11.261546070530109, 26.05720595889182, 0.0, 0.0, 0.0, 0.0, 0.0, 0.0
0.18986082077026367, 70.7487585422323, 1.769199262062853, 4.155916935896973, -17.324749919671145, -11.261546070530109, 26.05720595889182, 0.0, 0.0, 0.0, 0.0, 0.0, 0.0
0.19599294662475586, 70.7487585422323, 1.769199262062853, 4.155916935896973, -17.324749919671145, -11.261546070530109, 26.05720595889182, 0.0, 0.0, 0.0, 0.0, 0.0, 0.0
0.20937728881835938, 70.7487585422323, 1.769199262062853, 4.155916935896973, -17.324749919671145, -11.261546070530109, 26.05720595889182, 0.0, 0.0, 0.0, 0.0, 0.0, 0.0
0.2157001495361328, 70.7487585422323, 1.769199262062853, 4.155916935896973, -17.324749919671145, -11.261546070530109, 26.05720595889182, 0.0, 0.0, 0.0, 0.0, 0.0, 0.0
0.22978734970092773, 70.7487585422323, 1.769199262062853, 4.155916935896973, -17.324749919671145, -11.261546070530109, 26.05720595889182, 0.0, 0.0, 0.0, 0.0, 0.0, 0.0
0.23598599433898926, 70.7487585422323, 1.769199262062853, 4.155916935896973, -17.324749919671145, -11.261546070530109, 26.05720595889182, 0.0, 0.0, 0.0, 0.0, 0.0, 0.0
0.249373197555542, 70.7487585422323, 1.769199262062853, 4.155916935896973, -17.324749919671145, -11.261546070530109, 26.05720595889182, 0.0, 0.0, 0.0, 0.0, 0.0, 0.0
0.2556452751159668, 70.7487585422323, 1.769199262062853, 4.155916935896973, -17.324749919671145, -11.261546070530109, 26.05720595889182, 0.0, 0.0, 0.0, 0.0, 0.0, 0.0
0.26970362663269043, 70.7487585422323, 1.769199262062853, 4.155916935896973, -17.324749919671145, -11.261546070530109, 26.05720595889182, 0.0, 0.0, 0.0, 0.0, 0.0, 0.0
0.27588987350463867, 70.7487585422323, 1.769199262062853, 4.155916935896973, -17.324749919671145, -11.261546070530109, 26.05720595889182, 0.0, 0.0, 0.0, 0.0, 0.0, 0.0
0.2895395755767822, 70.7487585422323, 1.769199262062853, 4.155916935896973, -17.324749919671145, -11.261546070530109, 26.05720595889182, 0.0, 0.0, 0.0, 0.0, 0.0, 0.0
0.29569554328918457, 70.7487585422323, 1.769199262062853, 4.155916935896973, -17.324749919671145, -11.261546070530109, 26.05720595889182, 0.0, 0.0, 0.0, 0.0, 0.0, 0.0
0.30965614318847656, 70.7487585422323, 1.769199262062853, 4.155916935896973, -17.324749919671145, -11.261546070530109, 26.05720595889182, 0.0, 0.0, 0.0, 0.0, 0.0, 0.0
0.3158857822418213, 70.7487585422323, 1.769199262062853, 4.155916935896973, -17.324749919671145, -11.261546070530109, 26.05720595889182, 0.0, 0.0, 0.0, 0.0, 0.0, 0.0
0.329730749130249, 70.7487585422323, 1.769199262062853, 4.155916935896973, -17.324749919671145, -11.261546070530109, 26.05720595889182, 0.0, 0.0, 0.0, 0.0, 0.0, 0.0
0.3359551429748535, 70.7487585422323, 1.769199262062853, 4.155916935896973, -17.324749919671145, -11.261546070530109, 26.05720595889182, 0.0, 0.0, 0.0, 0.0, 0.0, 0.0
0.3499431610107422, 70.7487585422323, 1.769199262062853, 4.155916935896973, -17.324749919671145, -11.261546070530109, 26.05720595889182, 0.0, 0.0, 0.0, 0.0, 0.0, 0.0
0.35619044303894043, 70.7487585422323, 1.769199262062853, 4.155916935896973, -17.324749919671145, -11.261546070530109, 26.05720595889182, 0.0, 0.0, 0.0, 0.0, 0.0, 0.0
0.36951780319213867, 70.7487585422323, 1.769199262062853, 4.155916935896973, -17.324749919671145, -11.261546070530109, 26.05720595889182, 0.0, 0.0, 0.0, 0.0, 0.0, 0.0
0.3757171630859375, 70.7487585422323, 1.769199262062853, 4.155916935896973, -17.324749919671145, -11.261546070530109, 26.05720595889182, 0.0, 0.0, 0.0, 0.0, 0.0, 0.0
0.38903355598449707, 70.7487585422323, 1.769199262062853, 4.155916935896973, -17.324749919671145, -11.261546070530109, 26.05720595889182, 0.0, 0.0, 0.0, 0.0, 0.0, 0.0
0.3953416347503662, 70.7487585422323, 1.769199262062853, 4.155916935896973, -17.324749919671145, -11.261546070530109, 26.05720595889182, 0.0, 0.0, 0.0, 0.0, 0.0, 0.0
0.4094107151031494, 70.7487585422323, 1.769199262062853, 4.155916935896973, -17.324749919671145, -11.261546070530109, 26.05720595889182, 0.0, 0.0, 0.0, 0.0, 0.0, 0.0
0.41557860374450684, 70.7487585422323, 1.769199262062853, 4.155916935896973, -17.324749919671145, -11.261546070530109, 26.05720595889182, 0.0, 0.0, 0.0, 0.0, 0.0, 0.0
0.429429292678833, 70.7487585422323, 1.769199262062853, 4.155916935896973, -17.324749919671145, -11.261546070530109, 26.05720595889182, 0.0, 0.0, 0.0, 0.0, 0.0, 0.0
0.435715913772583, 70.7487585422323, 1.769199262062853, 4.155916935896973, -17.324749919671145, -11.261546070530109, 26.05720595889182, 0.0, 0.0, 0.0, 0.0, 0.0, 0.0
0.4495394229888916, 70.7487585422323, 1.769199262062853, 4.155916935896973, -17.324749919671145, -11.261546070530109, 26.05720595889182, 0.0, 0.0, 0.0, 0.0, 0.0, 0.0
0.45571064949035645, 70.7487585422323, 1.769199262062853, 4.155916935896973, -17.324749919671145, -11.261546070530109, 26.05720595889182, 0.0, 0.0, 0.0, 0.0, 0.0, 0.0
0.4697394371032715, 70.7487585422323, 1.769199262062853, 4.155916935896973, -17.324749919671145, -11.261546070530109, 26.05720595889182, 0.0, 0.0, 0.0, 0.0, 0.0, 0.0
0.47590136528015137, 70.7487585422323, 1.769199262062853, 4.155916935896973, -17.324749919671145, -11.261546070530109, 26.05720595889182, 0.0, 0.0, 0.0, 0.0, 0.0, 0.0
0.4898195266723633, 70.7487585422323, 1.769199262062853, 4.155916935896973, -17.324749919671145, -11.261546070530109, 26.05720595889182, 0.0, 0.0, 0.0, 0.0, 0.0, 0.0
0.49599552154541016, 70.7487585422323, 1.769199262062853, 4.155916935896973, -17.324749919671145, -11.261546070530109, 26.05720595889182, 0.0, 0.0, 0.0, 0.0, 0.0, 0.0
0.5100686550140381, 70.7487585422323, 1.769199262062853, 4.155916935896973, -17.324749919671145, -11.261546070530109, 26.05720595889182, 0.0, 0.0, 0.0, 0.0, 0.0, 0.0
0.5162074565887451, 70.7487585422323, 1.769199262062853, 4.155916935896973, -17.324749919671145, -11.261546070530109, 26.05720595889182, 0.0, 0.0, 0.0, 0.0, 0.0, 0.0
0.529761791229248, 70.7487585422323, 1.769199262062853, 4.155916935896973, -17.324749919671145, -11.261546070530109, 26.05720595889182, 0.0, 0.0, 0.0, 0.0, 0.0, 0.0
0.5357685089111328, 70.7487585422323, 1.769199262062853, 4.155916935896973, -17.324749919671145, -11.261546070530109, 26.05720595889182, 0.0, 0.0, 0.0, 0.0, 0.0, 0.0
0.5496795177459717, 70.7487585422323, 1.769199262062853, 4.155916935896973, -17.324749919671145, -11.261546070530109, 26.05720595889182, 0.0, 0.0, 0.0, 0.0, 0.0, 0.0
0.555612325668335, 70.7487585422323, 1.769199262062853, 4.155916935896973, -17.324749919671145, -11.261546070530109, 26.05720595889182, 0.0, 0.0, 0.0, 0.0, 0.0, 0.0
0.5690701007843018, 70.7487585422323, 1.769199262062853, 4.155916935896973, -17.324749919671145, -11.261546070530109, 26.05720595889182, 0.0, 0.0, 0.0, 0.0, 0.0, 0.0
0.5752627849578857, 70.7487585422323, 1.769199262062853, 4.155916935896973, -17.324749919671145, -11.261546070530109, 26.05720595889182, 0.0, 0.0, 0.0, 0.0, 0.0, 0.0
0.5889036655426025, 70.7487585422323, 1.769199262062853, 4.155916935896973, -17.324749919671145, -11.261546070530109, 26.05720595889182, 0.0, 0.0, 0.0, 0.0, 0.0, 0.0
0.595067024230957, 70.7487585422323, 1.769199262062853, 4.155916935896973, -17.324749919671145, -11.261546070530109, 26.05720595889182, 0.0, 0.0, 0.0, 0.0, 0.0, 0.0
0.6095833778381348, 70.7487585422323, 1.769199262062853, 4.155916935896973, -17.324749919671145, -11.261546070530109, 26.05720595889182, 0.0, 0.0, 0.0, 0.0, 0.0, 0.0
0.6158542633056641, 70.7487585422323, 1.769199262062853, 4.155916935896973, -17.324749919671145, -11.261546070530109, 26.05720595889182, 0.0, 0.0, 0.0, 0.0, 0.0, 0.0
0.6299614906311035, 70.7487585422323, 1.769199262062853, 4.155916935896973, -17.324749919671145, -11.261546070530109, 26.05720595889182, 0.0, 0.0, 0.0, 0.0, 0.0, 0.0
0.636242151260376, 70.7487585422323, 1.769199262062853, 4.155916935896973, -17.324749919671145, -11.261546070530109, 26.05720595889182, 0.0, 0.0, 0.0, 0.0, 0.0, 0.0
0.6494975090026855, 70.7487585422323, 1.769199262062853, 4.155916935896973, -17.324749919671145, -11.261546070530109, 26.05720595889182, 0.0, 0.0, 0.0, 0.0, 0.0, 0.0
0.6555163860321045, 70.7487585422323, 1.769199262062853, 4.155916935896973, -17.324749919671145, -11.261546070530109, 26.05720595889182, 0.0, 0.0, 0.0, 0.0, 0.0, 0.0
0.6694271564483643, 70.7487585422323, 1.769199262062853, 4.155916935896973, -17.324749919671145, -11.261546070530109, 26.05720595889182, 0.0, 0.0, 0.0, 0.0, 0.0, 0.0
0.6756374835968018, 70.7487585422323, 1.769199262062853, 4.155916935896973, -17.324749919671145, -11.261546070530109, 26.05720595889182, 0.0, 0.0, 0.0, 0.0, 0.0, 0.0
0.689486026763916, 70.7487585422323, 1.769199262062853, 4.155916935896973, -17.324749919671145, -11.261546070530109, 26.05720595889182, 0.0, 0.0, 0.0, 0.0, 0.0, 0.0
0.6956374645233154, 70.7487585422323, 1.769199262062853, 4.155916935896973, -17.324749919671145, -11.261546070530109, 26.05720595889182, 0.0, 0.0, 0.0, 0.0, 0.0, 0.0
0.7088890075683594, 70.7487585422323, 1.769199262062853, 4.155916935896973, -17.324749919671145, -11.261546070530109, 26.05720595889182, 0.0, 0.0, 0.0, 0.0, 0.0, 0.0
0.7153165340423584, 70.7487585422323, 1.769199262062853, 4.155916935896973, -17.324749919671145, -11.261546070530109, 26.05720595889182, 0.0, 0.0, 0.0, 0.0, 0.0, 0.0
0.7296311855316162, 70.7487585422323, 1.769199262062853, 4.155916935896973, -17.324749919671145, -11.261546070530109, 26.05720595889182, 0.0, 0.0, 0.0, 0.0, 0.0, 0.0
0.7361469268798828, 70.7487585422323, 1.769199262062853, 4.155916935896973, -17.324749919671145, -11.261546070530109, 26.05720595889182, 0.0, 0.0, 0.0, 0.0, 0.0, 0.0
0.7498621940612793, 70.7487585422323, 1.769199262062853, 4.155916935896973, -17.324749919671145, -11.261546070530109, 26.05720595889182, 0.0, 0.0, 0.0, 0.0, 0.0, 0.0
0.7562382221221924, 70.7487585422323, 1.769199262062853, 4.155916935896973, -17.324749919671145, -11.261546070530109, 26.05720595889182, 0.0, 0.0, 0.0, 0.0, 0.0, 0.0
0.7698526382446289, 70.7487585422323, 1.769199262062853, 4.155916935896973, -17.324749919671145, -11.261546070530109, 26.05720595889182, 0.0, 0.0, 0.0, 0.0, 0.0, 0.0
0.7760500907897949, 70.7487585422323, 1.769199262062853, 4.155916935896973, -17.324749919671145, -11.261546070530109, 26.05720595889182, 0.0, 0.0, 0.0, 0.0, 0.0, 0.0
0.7899580001831055, 70.7487585422323, 1.769199262062853, 4.155916935896973, -17.324749919671145, -11.261546070530109, 26.05720595889182, 0.0, 0.0, 0.0, 0.0, 0.0, 0.0
0.7962555885314941, 70.7487585422323, 1.769199262062853, 4.155916935896973, -17.324749919671145, -11.261546070530109, 26.05720595889182, 0.0, 0.0, 0.0, 0.0, 0.0, 0.0
0.8094782829284668, 70.7487585422323, 1.769199262062853, 4.155916935896973, -17.324749919671145, -11.261546070530109, 26.05720595889182, 0.0, 0.0, 0.0, 0.0, 0.0, 0.0
0.8158137798309326, 70.7487585422323, 1.769199262062853, 4.155916935896973, -17.324749919671145, -11.261546070530109, 26.05720595889182, 0.0, 0.0, 0.0, 0.0, 0.0, 0.0
0.8297488689422607, 70.7487585422323, 1.769199262062853, 4.155916935896973, -17.324749919671145, -11.261546070530109, 26.05720595889182, 0.0, 0.0, 0.0, 0.0, 0.0, 0.0
0.8360583782196045, 70.7487585422323, 1.769199262062853, 4.155916935896973, -17.324749919671145, -11.261546070530109, 26.05720595889182, 0.0, 0.0, 0.0, 0.0, 0.0, 0.0
0.8495285511016846, 70.7487585422323, 1.769199262062853, 4.155916935896973, -17.324749919671145, -11.261546070530109, 26.05720595889182, 0.0, 0.0, 0.0, 0.0, 0.0, 0.0
0.8557486534118652, 70.7487585422323, 1.769199262062853, 4.155916935896973, -17.324749919671145, -11.261546070530109, 26.05720595889182, 0.0, 0.0, 0.0, 0.0, 0.0, 0.0
0.8699843883514404, 70.7487585422323, 1.769199262062853, 4.155916935896973, -17.324749919671145, -11.261546070530109, 26.05720595889182, 0.0, 0.0, 0.0, 0.0, 0.0, 0.0
0.8761920928955078, 70.7487585422323, 1.769199262062853, 4.155916935896973, -17.324749919671145, -11.261546070530109, 26.05720595889182, 0.0, 0.0, 0.0, 0.0, 0.0, 0.0
0.8894259929656982, 70.7487585422323, 1.769199262062853, 4.155916935896973, -17.324749919671145, -11.261546070530109, 26.05720595889182, 0.0, 0.0, 0.0, 0.0, 0.0, 0.0
0.8956429958343506, 70.7487585422323, 1.769199262062853, 4.155916935896973, -17.324749919671145, -11.261546070530109, 26.05720595889182, 0.0, 0.0, 0.0, 0.0, 0.0, 0.0
0.9096989631652832, 70.7487585422323, 1.769199262062853, 4.155916935896973, -17.324749919671145, -11.261546070530109, 26.05720595889182, 0.0, 0.0, 0.0, 0.0, 0.0, 0.0
0.9160149097442627, 70.7487585422323, 1.769199262062853, 4.155916935896973, -17.324749919671145, -11.261546070530109, 26.05720595889182, 0.0, 0.0, 0.0, 0.0, 0.0, 0.0
0.929436206817627, 70.7487585422323, 1.769199262062853, 4.155916935896973, -17.324749919671145, -11.261546070530109, 26.05720595889182, 0.0, 0.0, 0.0, 0.0, 0.0, 0.0
0.9358887672424316, 70.7487585422323, 1.769199262062853, 4.155916935896973, -17.324749919671145, -11.261546070530109, 26.05720595889182, 0.0, 0.0, 0.0, 0.0, 0.0, 0.0
0.9501245021820068, 70.7487585422323, 1.769199262062853, 4.155916935896973, -17.324749919671145, -11.261546070530109, 26.05720595889182, 0.0, 0.0, 0.0, 0.0, 0.0, 0.0
0.9563488960266113, 70.7487585422323, 1.769199262062853, 4.155916935896973, -17.324749919671145, -11.261546070530109, 26.05720595889182, 0.0, 0.0, 0.0, 0.0, 0.0, 0.0
0.9698388576507568, 70.7487585422323, 1.769199262062853, 4.155916935896973, -17.324749919671145, -11.261546070530109, 26.05720595889182, 0.0, 0.0, 0.0, 0.0, 0.0, 0.0
0.9763357639312744, 70.7487585422323, 1.769199262062853, 4.155916935896973, -17.324749919671145, -11.261546070530109, 26.05720595889182, 0.0, 0.0, 0.0, 0.0, 0.0, 0.0
0.9891252517700195, 70.7487585422323, 1.769199262062853, 4.155916935896973, -17.324749919671145, -11.261546070530109, 26.05720595889182, 0.0, 0.0, 0.0, 0.0, 0.0, 0.0
0.9953160285949707, 70.7487585422323, 1.769199262062853, 4.155916935896973, -17.324749919671145, -11.261546070530109, 26.05720595889182, 0.0, 0.0, 0.0, 0.0, 0.0, 0.0
1.0094513893127441, 70.7487585422323, 1.769199262062853, 4.155916935896973, -17.324749919671145, -11.261546070530109, 26.05720595889182, 0.0, 0.0, 0.0, 0.0, 0.0, 0.0
1.015773057937622, 70.7487585422323, 1.769199262062853, 4.155916935896973, -17.324749919671145, -11.261546070530109, 26.05720595889182, 0.0, 0.0, 0.0, 0.0, 0.0, 0.0
1.0296986103057861, 70.7487585422323, 1.769199262062853, 4.155916935896973, -17.324749919671145, -11.261546070530109, 26.05720595889182, 0.0, 0.0, 0.0, 0.0, 0.0, 0.0
1.036076545715332, 70.7487585422323, 1.769199262062853, 4.155916935896973, -17.324749919671145, -11.261546070530109, 26.05720595889182, 0.0, 0.0, 0.0, 0.0, 0.0, 0.0
1.0502326488494873, 70.7487585422323, 1.769199262062853, 4.155916935896973, -17.324749919671145, -11.261546070530109, 26.05720595889182, 0.0, 0.0, 0.0, 0.0, 0.0, 0.0
1.056424617767334, 70.7487585422323, 1.769199262062853, 4.155916935896973, -17.324749919671145, -11.261546070530109, 26.05720595889182, 0.0, 0.0, 0.0, 0.0, 0.0, 0.0
1.0693202018737793, 70.7487585422323, 1.769199262062853, 4.155916935896973, -17.324749919671145, -11.261546070530109, 26.05720595889182, 0.0, 0.0, 0.0, 0.0, 0.0, 0.0
1.0754976272583008, 70.7487585422323, 1.769199262062853, 4.155916935896973, -17.324749919671145, -11.261546070530109, 26.05720595889182, 0.0, 0.0, 0.0, 0.0, 0.0, 0.0
1.0894782543182373, 70.7487585422323, 1.769199262062853, 4.155916935896973, -17.324749919671145, -11.261546070530109, 26.05720595889182, 0.0, 0.0, 0.0, 0.0, 0.0, 0.0
1.0956330299377441, 70.7487585422323, 1.769199262062853, 4.155916935896973, -17.324749919671145, -11.261546070530109, 26.05720595889182, 0.0, 0.0, 0.0, 0.0, 0.0, 0.0
1.1093108654022217, 70.7487585422323, 1.769199262062853, 4.155916935896973, -17.324749919671145, -11.261546070530109, 26.05720595889182, 0.0, 0.0, 0.0, 0.0, 0.0, 0.0
1.1157257556915283, 70.7487585422323, 1.769199262062853, 4.155916935896973, -17.324749919671145, -11.261546070530109, 26.05720595889182, 0.0, 0.0, 0.0, 0.0, 0.0, 0.0
1.1295139789581299, 70.7487585422323, 1.769199262062853, 4.155916935896973, -17.324749919671145, -11.261546070530109, 26.05720595889182, 0.0, 0.0, 0.0, 0.0, 0.0, 0.0
1.135807991027832, 70.7487585422323, 1.769199262062853, 4.155916935896973, -17.324749919671145, -11.261546070530109, 26.05720595889182, 0.0, 0.0, 0.0, 0.0, 0.0, 0.0
1.1503658294677734, 70.7487585422323, 1.769199262062853, 4.155916935896973, -17.324749919671145, -11.261546070530109, 26.05720595889182, 0.0, 0.0, 0.0, 0.0, 0.0, 0.0
1.1567494869232178, 70.7487585422323, 1.769199262062853, 4.155916935896973, -17.324749919671145, -11.261546070530109, 26.05720595889182, 0.0, 0.0, 0.0, 0.0, 0.0, 0.0
1.16947603225708, 70.7487585422323, 1.769199262062853, 4.155916935896973, -17.324749919671145, -11.261546070530109, 26.05720595889182, 0.0, 0.0, 0.0, 0.0, 0.0, 0.0
1.1758923530578613, 70.7487585422323, 1.769199262062853, 4.155916935896973, -17.324749919671145, -11.261546070530109, 26.05720595889182, 0.0, 0.0, 0.0, 0.0, 0.0, 0.0
1.189908742904663, 70.7487585422323, 1.769199262062853, 4.155916935896973, -17.324749919671145, -11.261546070530109, 26.05720595889182, 0.0, 0.0, 0.0, 0.0, 0.0, 0.0
1.1962902545928955, 70.7487585422323, 1.769199262062853, 4.155916935896973, -17.324749919671145, -11.261546070530109, 26.05720595889182, 0.0, 0.0, 0.0, 0.0, 0.0, 0.0
1.2089927196502686, 70.7487585422323, 1.769199262062853, 4.155916935896973, -17.324749919671145, -11.261546070530109, 26.05720595889182, 0.0, 0.0, 0.0, 0.0, 0.0, 0.0
1.2154121398925781, 70.7487585422323, 1.769199262062853, 4.155916935896973, -17.324749919671145, -11.261546070530109, 26.05720595889182, 0.0, 0.0, 0.0, 0.0, 0.0, 0.0
1.2303845882415771, 70.7487585422323, 1.769199262062853, 4.155916935896973, -17.324749919671145, -11.261546070530109, 26.05720595889182, 0.0, 0.0, 0.0, 0.0, 0.0, 0.0
1.2367002964019775, 70.7487585422323, 1.769199262062853, 4.155916935896973, -17.324749919671145, -11.261546070530109, 26.05720595889182, 0.0, 0.0, 0.0, 0.0, 0.0, 0.0
1.2490262985229492, 70.7487585422323, 1.769199262062853, 4.155916935896973, -17.324749919671145, -11.261546070530109, 26.05720595889182, 0.0, 0.0, 0.0, 0.0, 0.0, 0.0
1.2553820610046387, 70.7487585422323, 1.769199262062853, 4.155916935896973, -17.324749919671145, -11.261546070530109, 26.05720595889182, 0.0, 0.0, 0.0, 0.0, 0.0, 0.0
1.2702407836914062, 70.7487585422323, 1.769199262062853, 4.155916935896973, -17.324749919671145, -11.261546070530109, 26.05720595889182, 0.0, 0.0, 0.0, 0.0, 0.0, 0.0
1.2766656875610352, 70.7487585422323, 1.769199262062853, 4.155916935896973, -17.324749919671145, -11.261546070530109, 26.05720595889182, 0.0, 0.0, 0.0, 0.0, 0.0, 0.0
1.2889604568481445, 70.7487585422323, 1.769199262062853, 4.155916935896973, -17.324749919671145, -11.261546070530109, 26.05720595889182, 0.0, 0.0, 0.0, 0.0, 0.0, 0.0
1.2956783771514893, 70.7487585422323, 1.769199262062853, 4.155916935896973, -17.324749919671145, -11.261546070530109, 26.05720595889182, 0.0, 0.0, 0.0, 0.0, 0.0, 0.0
1.3100366592407227, 70.7487585422323, 1.769199262062853, 4.155916935896973, -17.324749919671145, -11.261546070530109, 26.05720595889182, 0.0, 0.0, 0.0, 0.0, 0.0, 0.0
1.3164546489715576, 70.7487585422323, 1.769199262062853, 4.155916935896973, -17.324749919671145, -11.261546070530109, 26.05720595889182, 0.0, 0.0, 0.0, 0.0, 0.0, 0.0
1.3302063941955566, 70.7487585422323, 1.769199262062853, 4.155916935896973, -17.324749919671145, -11.261546070530109, 26.05720595889182, 0.0, 0.0, 0.0, 0.0, 0.0, 0.0
1.336653232574463, 70.7487585422323, 1.769199262062853, 4.155916935896973, -17.324749919671145, -11.261546070530109, 26.05720595889182, 0.0, 0.0, 0.0, 0.0, 0.0, 0.0
1.3495900630950928, 70.7487585422323, 1.769199262062853, 4.155916935896973, -17.324749919671145, -11.261546070530109, 26.05720595889182, 0.0, 0.0, 0.0, 0.0, 0.0, 0.0
1.355764389038086, 70.7487585422323, 1.769199262062853, 4.155916935896973, -17.324749919671145, -11.261546070530109, 26.05720595889182, 0.0, 0.0, 0.0, 0.0, 0.0, 0.0
1.369774580001831, 70.7487585422323, 1.769199262062853, 4.155916935896973, -17.324749919671145, -11.261546070530109, 26.05720595889182, 0.0, 0.0, 0.0, 0.0, 0.0, 0.0
1.3759346008300781, 70.7487585422323, 1.769199262062853, 4.155916935896973, -17.324749919671145, -11.261546070530109, 26.05720595889182, 0.0, 0.0, 0.0, 0.0, 0.0, 0.0
1.3898515701293945, 70.7487585422323, 1.769199262062853, 4.155916935896973, -17.324749919671145, -11.261546070530109, 26.05720595889182, 0.0, 0.0, 0.0, 0.0, 0.0, 0.0
1.3960039615631104, 70.7487585422323, 1.769199262062853, 4.155916935896973, -17.324749919671145, -11.261546070530109, 26.05720595889182, 0.0, 0.0, 0.0, 0.0, 0.0, 0.0
1.4103326797485352, 70.7487585422323, 1.769199262062853, 4.155916935896973, -17.324749919671145, -11.261546070530109, 26.05720595889182, 0.0, 0.0, 0.0, 0.0, 0.0, 0.0
1.4166474342346191, 70.7487585422323, 1.769199262062853, 4.155916935896973, -17.324749919671145, -11.261546070530109, 26.05720595889182, 0.0, 0.0, 0.0, 0.0, 0.0, 0.0
1.4294970035552979, 70.7487585422323, 1.769199262062853, 4.155916935896973, -17.324749919671145, -11.261546070530109, 26.05720595889182, 0.0, 0.0, 0.0, 0.0, 0.0, 0.0
1.4357900619506836, 70.7487585422323, 1.769199262062853, 4.155916935896973, -17.324749919671145, -11.261546070530109, 26.05720595889182, 0.0, 0.0, 0.0, 0.0, 0.0, 0.0
1.4499626159667969, 70.7487585422323, 1.769199262062853, 4.155916935896973, -17.324749919671145, -11.261546070530109, 26.05720595889182, 0.0, 0.0, 0.0, 0.0, 0.0, 0.0
1.4561457633972168, 70.7487585422323, 1.769199262062853, 4.155916935896973, -17.324749919671145, -11.261546070530109, 26.05720595889182, 0.0, 0.0, 0.0, 0.0, 0.0, 0.0
1.4701452255249023, 70.7487585422323, 1.769199262062853, 4.155916935896973, -17.324749919671145, -11.261546070530109, 26.05720595889182, 0.0, 0.0, 0.0, 0.0, 0.0, 0.0
1.4764385223388672, 70.7487585422323, 1.769199262062853, 4.155916935896973, -17.324749919671145, -11.261546070530109, 26.05720595889182, 0.0, 0.0, 0.0, 0.0, 0.0, 0.0
1.489227533340454, 70.7487585422323, 1.769199262062853, 4.155916935896973, -17.324749919671145, -11.261546070530109, 26.05720595889182, 0.0, 0.0, 0.0, 0.0, 0.0, 0.0
1.4953808784484863, 70.7487585422323, 1.769199262062853, 4.155916935896973, -17.324749919671145, -11.261546070530109, 26.05720595889182, 0.0, 0.0, 0.0, 0.0, 0.0, 0.0
1.5093333721160889, 70.7487585422323, 1.769199262062853, 4.155916935896973, -17.324749919671145, -11.261546070530109, 26.05720595889182, 0.0, 0.0, 0.0, 0.0, 0.0, 0.0
1.515721321105957, 70.7487585422323, 1.769199262062853, 4.155916935896973, -17.324749919671145, -11.261546070530109, 26.05720595889182, 0.0, 0.0, 0.0, 0.0, 0.0, 0.0
1.5295209884643555, 70.7487585422323, 1.769199262062853, 4.155916935896973, -17.324749919671145, -11.261546070530109, 26.05720595889182, 0.0, 0.0, 0.0, 0.0, 0.0, 0.0
1.535745620727539, 70.7487585422323, 1.769199262062853, 4.155916935896973, -17.324749919671145, -11.261546070530109, 26.05720595889182, 0.0, 0.0, 0.0, 0.0, 0.0, 0.0
1.5496540069580078, 70.7487585422323, 1.769199262062853, 4.155916935896973, -17.324749919671145, -11.261546070530109, 26.05720595889182, 0.0, 0.0, 0.0, 0.0, 0.0, 0.0
1.5556328296661377, 70.7487585422323, 1.769199262062853, 4.155916935896973, -17.324749919671145, -11.261546070530109, 26.05720595889182, 0.0, 0.0, 0.0, 0.0, 0.0, 0.0
1.5694868564605713, 70.7487585422323, 1.769199262062853, 4.155916935896973, -17.324749919671145, -11.261546070530109, 26.05720595889182, 0.0, 0.0, 0.0, 0.0, 0.0, 0.0
1.5755009651184082, 70.7487585422323, 1.769199262062853, 4.155916935896973, -17.324749919671145, -11.261546070530109, 26.05720595889182, 0.0, 0.0, 0.0, 0.0, 0.0, 0.0
1.5895068645477295, 70.7487585422323, 1.769199262062853, 4.155916935896973, -17.324749919671145, -11.261546070530109, 26.05720595889182, 0.0, 0.0, 0.0, 0.0, 0.0, 0.0
1.5956158638000488, 70.7487585422323, 1.769199262062853, 4.155916935896973, -17.324749919671145, -11.261546070530109, 26.05720595889182, 0.0, 0.0, 0.0, 0.0, 0.0, 0.0
1.6094181537628174, 70.7487585422323, 1.769199262062853, 4.155916935896973, -17.324749919671145, -11.261546070530109, 26.05720595889182, 0.0, 0.0, 0.0, 0.0, 0.0, 0.0
1.615703821182251, 70.7487585422323, 1.769199262062853, 4.155916935896973, -17.324749919671145, -11.261546070530109, 26.05720595889182, 0.0, 0.0, 0.0, 0.0, 0.0, 0.0
1.6296324729919434, 70.7487585422323, 1.769199262062853, 4.155916935896973, -17.324749919671145, -11.261546070530109, 26.05720595889182, 0.0, 0.0, 0.0, 0.0, 0.0, 0.0
1.6359403133392334, 70.7487585422323, 1.769199262062853, 4.155916935896973, -17.324749919671145, -11.261546070530109, 26.05720595889182, 0.0, 0.0, 0.0, 0.0, 0.0, 0.0
1.6499698162078857, 70.7487585422323, 1.769199262062853, 4.155916935896973, -17.324749919671145, -11.261546070530109, 26.05720595889182, 0.0, 0.0, 0.0, 0.0, 0.0, 0.0
1.6563024520874023, 70.7487585422323, 1.769199262062853, 4.155916935896973, -17.324749919671145, -11.261546070530109, 26.05720595889182, 0.0, 0.0, 0.0, 0.0, 0.0, 0.0
1.6692302227020264, 70.7487585422323, 1.769199262062853, 4.155916935896973, -17.324749919671145, -11.261546070530109, 26.05720595889182, 0.0, 0.0, 0.0, 0.0, 0.0, 0.0
1.675410270690918, 70.7487585422323, 1.769199262062853, 4.155916935896973, -17.324749919671145, -11.261546070530109, 26.05720595889182, 0.0, 0.0, 0.0, 0.0, 0.0, 0.0
1.6892552375793457, 70.7487585422323, 1.769199262062853, 4.155916935896973, -17.324749919671145, -11.261546070530109, 26.05720595889182, 0.0, 0.0, 0.0, 0.0, 0.0, 0.0
1.695547103881836, 70.7487585422323, 1.769199262062853, 4.155916935896973, -17.324749919671145, -11.261546070530109, 26.05720595889182, 0.0, 0.0, 0.0, 0.0, 0.0, 0.0
1.7094836235046387, 70.7487585422323, 1.769199262062853, 4.155916935896973, -17.324749919671145, -11.261546070530109, 26.05720595889182, 0.0, 0.0, 0.0, 0.0, 0.0, 0.0
1.7158606052398682, 70.7487585422323, 1.769199262062853, 4.155916935896973, -17.324749919671145, -11.261546070530109, 26.05720595889182, 0.0, 0.0, 0.0, 0.0, 0.0, 0.0
1.7299189567565918, 70.7487585422323, 1.769199262062853, 4.155916935896973, -17.324749919671145, -11.261546070530109, 26.05720595889182, 0.0, 0.0, 0.0, 0.0, 0.0, 0.0
1.7362258434295654, 70.7487585422323, 1.769199262062853, 4.155916935896973, -17.324749919671145, -11.261546070530109, 26.05720595889182, 0.0, 0.0, 0.0, 0.0, 0.0, 0.0
1.7491905689239502, 70.7487585422323, 1.769199262062853, 4.155916935896973, -17.324749919671145, -11.261546070530109, 26.05720595889182, 0.0, 0.0, 0.0, 0.0, 0.0, 0.0
1.7553832530975342, 70.7487585422323, 1.769199262062853, 4.155916935896973, -17.324749919671145, -11.261546070530109, 26.05720595889182, 0.0, 0.0, 0.0, 0.0, 0.0, 0.0
1.7695128917694092, 70.7487585422323, 1.769199262062853, 4.155916935896973, -17.324749919671145, -11.261546070530109, 26.05720595889182, 0.0, 0.0, 0.0, 0.0, 0.0, 0.0
1.7756800651550293, 70.7487585422323, 1.769199262062853, 4.155916935896973, -17.324749919671145, -11.261546070530109, 26.05720595889182, 0.0, 0.0, 0.0, 0.0, 0.0, 0.0
1.7896265983581543, 70.7487585422323, 1.769199262062853, 4.155916935896973, -17.324749919671145, -11.261546070530109, 26.05720595889182, 0.0, 0.0, 0.0, 0.0, 0.0, 0.0
1.7957732677459717, 70.7487585422323, 1.769199262062853, 4.155916935896973, -17.324749919671145, -11.261546070530109, 26.05720595889182, 0.0, 0.0, 0.0, 0.0, 0.0, 0.0
1.8098995685577393, 70.7487585422323, 1.769199262062853, 4.155916935896973, -17.324749919671145, -11.261546070530109, 26.05720595889182, 0.0, 0.0, 0.0, 0.0, 0.0, 0.0
1.816218376159668, 70.7487585422323, 1.769199262062853, 4.155916935896973, -17.324749919671145, -11.261546070530109, 26.05720595889182, 0.0, 0.0, 0.0, 0.0, 0.0, 0.0
1.8290019035339355, 70.7487585422323, 1.769199262062853, 4.155916935896973, -17.324749919671145, -11.261546070530109, 26.05720595889182, 0.0, 0.0, 0.0, 0.0, 0.0, 0.0
1.835585355758667, 70.7487585422323, 1.769199262062853, 4.155916935896973, -17.324749919671145, -11.261546070530109, 26.05720595889182, 0.0, 0.0, 0.0, 0.0, 0.0, 0.0
1.849583625793457, 70.7487585422323, 1.769199262062853, 4.155916935896973, -17.324749919671145, -11.261546070530109, 26.05720595889182, 0.0, 0.0, 0.0, 0.0, 0.0, 0.0
1.8557751178741455, 70.7487585422323, 1.769199262062853, 4.155916935896973, -17.324749919671145, -11.261546070530109, 26.05720595889182, 0.0, 0.0, 0.0, 0.0, 0.0, 0.0
1.8697917461395264, 70.7487585422323, 1.769199262062853, 4.155916935896973, -17.324749919671145, -11.261546070530109, 26.05720595889182, 0.0, 0.0, 0.0, 0.0, 0.0, 0.0
1.8760502338409424, 70.7487585422323, 1.769199262062853, 4.155916935896973, -17.324749919671145, -11.261546070530109, 26.05720595889182, 0.0, 0.0, 0.0, 0.0, 0.0, 0.0
1.8899219036102295, 70.7487585422323, 1.769199262062853, 4.155916935896973, -17.324749919671145, -11.261546070530109, 26.05720595889182, 0.0, 0.0, 0.0, 0.0, 0.0, 0.0
1.8961129188537598, 70.7487585422323, 1.769199262062853, 4.155916935896973, -17.324749919671145, -11.261546070530109, 26.05720595889182, 0.0, 0.0, 0.0, 0.0, 0.0, 0.0
1.9098446369171143, 70.7487585422323, 1.769199262062853, 4.155916935896973, -17.324749919671145, -11.261546070530109, 26.05720595889182, 0.0, 0.0, 0.0, 0.0, 0.0, 0.0
1.9161787033081055, 70.7487585422323, 1.769199262062853, 4.155916935896973, -17.324749919671145, -11.261546070530109, 26.05720595889182, 0.0, 0.0, 0.0, 0.0, 0.0, 0.0
1.9292283058166504, 70.7487585422323, 1.769199262062853, 4.155916935896973, -17.324749919671145, -11.261546070530109, 26.05720595889182, 0.0, 0.0, 0.0, 0.0, 0.0, 0.0
1.9356870651245117, 70.7487585422323, 1.769199262062853, 4.155916935896973, -17.324749919671145, -11.261546070530109, 26.05720595889182, 0.0, 0.0, 0.0, 0.0, 0.0, 0.0
1.9499175548553467, 70.7487585422323, 1.769199262062853, 4.155916935896973, -17.324749919671145, -11.261546070530109, 26.05720595889182, 0.0, 0.0, 0.0, 0.0, 0.0, 0.0
1.9563775062561035, 70.7487585422323, 1.769199262062853, 4.155916935896973, -17.324749919671145, -11.261546070530109, 26.05720595889182, 0.0, 0.0, 0.0, 0.0, 0.0, 0.0
1.9694874286651611, 70.7487585422323, 1.769199262062853, 4.155916935896973, -17.324749919671145, -11.261546070530109, 26.05720595889182, 0.0, 0.0, 0.0, 0.0, 0.0, 0.0
1.975740909576416, 70.7487585422323, 1.769199262062853, 4.155916935896973, -17.324749919671145, -11.261546070530109, 26.05720595889182, 0.0, 0.0, 0.0, 0.0, 0.0, 0.0
1.989976167678833, 70.7487585422323, 1.769199262062853, 4.155916935896973, -17.324749919671145, -11.261546070530109, 26.05720595889182, 0.0, 0.0, 0.0, 0.0, 0.0, 0.0
1.9961626529693604, 70.7487585422323, 1.769199262062853, 4.155916935896973, -17.324749919671145, -11.261546070530109, 26.05720595889182, 0.0, 0.0, 0.0, 0.0, 0.0, 0.0
2.009216785430908, 70.7487585422323, 1.769199262062853, 4.155916935896973, -17.324749919671145, -11.261546070530109, 26.05720595889182, 0.0, 0.0, 0.0, 0.0, 0.0, 0.0
2.015639305114746, 70.7487585422323, 1.769199262062853, 4.155916935896973, -17.324749919671145, -11.261546070530109, 26.05720595889182, 0.0, 0.0, 0.0, 0.0, 0.0, 0.0
2.0294032096862793, 70.7487585422323, 1.769199262062853, 4.155916935896973, -17.324749919671145, -11.261546070530109, 26.05720595889182, 0.0, 0.0, 0.0, 0.0, 0.0, 0.0
2.0357024669647217, 70.7487585422323, 1.769199262062853, 4.155916935896973, -17.324749919671145, -11.261546070530109, 26.05720595889182, 0.0, 0.0, 0.0, 0.0, 0.0, 0.0
2.049821138381958, 70.7487585422323, 1.769199262062853, 4.155916935896973, -17.324749919671145, -11.261546070530109, 26.05720595889182, 0.0, 0.0, 0.0, 0.0, 0.0, 0.0
2.0561039447784424, 70.7487585422323, 1.769199262062853, 4.155916935896973, -17.324749919671145, -11.261546070530109, 26.05720595889182, 0.0, 0.0, 0.0, 0.0, 0.0, 0.0
2.070077657699585, 70.7487585422323, 1.769199262062853, 4.155916935896973, -17.324749919671145, -11.261546070530109, 26.05720595889182, 0.0, 0.0, 0.0, 0.0, 0.0, 0.0
2.0762550830841064, 70.7487585422323, 1.769199262062853, 4.155916935896973, -17.324749919671145, -11.261546070530109, 26.05720595889182, 0.0, 0.0, 0.0, 0.0, 0.0, 0.0
2.089195728302002, 70.7487585422323, 1.769199262062853, 4.155916935896973, -17.324749919671145, -11.261546070530109, 26.05720595889182, 0.0, 0.0, 0.0, 0.0, 0.0, 0.0
2.0953574180603027, 70.7487585422323, 1.769199262062853, 4.155916935896973, -17.324749919671145, -11.261546070530109, 26.05720595889182, 0.0, 0.0, 0.0, 0.0, 0.0, 0.0
2.109245538711548, 70.7487585422323, 1.769199262062853, 4.155916935896973, -17.324749919671145, -11.261546070530109, 26.05720595889182, 0.0, 0.0, 0.0, 0.0, 0.0, 0.0
2.1155526638031006, 70.7487585422323, 1.769199262062853, 4.155916935896973, -17.324749919671145, -11.261546070530109, 26.05720595889182, 0.0, 0.0, 0.0, 0.0, 0.0, 0.0
2.1294867992401123, 70.7487585422323, 1.769199262062853, 4.155916935896973, -17.324749919671145, -11.261546070530109, 26.05720595889182, 0.0, 0.0, 0.0, 0.0, 0.0, 0.0
2.1357853412628174, 70.7487585422323, 1.769199262062853, 4.155916935896973, -17.324749919671145, -11.261546070530109, 26.05720595889182, 0.0, 0.0, 0.0, 0.0, 0.0, 0.0
2.1498372554779053, 70.7487585422323, 1.769199262062853, 4.155916935896973, -17.324749919671145, -11.261546070530109, 26.05720595889182, 0.0, 0.0, 0.0, 0.0, 0.0, 0.0
2.155999183654785, 70.7487585422323, 1.769199262062853, 4.155916935896973, -17.324749919671145, -11.261546070530109, 26.05720595889182, 0.0, 0.0, 0.0, 0.0, 0.0, 0.0
2.170166015625, 70.7487585422323, 1.769199262062853, 4.155916935896973, -17.324749919671145, -11.261546070530109, 26.05720595889182, 0.0, 0.0, 0.0, 0.0, 0.0, 0.0
2.1763370037078857, 70.7487585422323, 1.769199262062853, 4.155916935896973, -17.324749919671145, -11.261546070530109, 26.05720595889182, 0.0, 0.0, 0.0, 0.0, 0.0, 0.0
2.189117193222046, 70.7487585422323, 1.769199262062853, 4.155916935896973, -17.324749919671145, -11.261546070530109, 26.05720595889182, 0.0, 0.0, 0.0, 0.0, 0.0, 0.0
2.195417642593384, 70.7487585422323, 1.769199262062853, 4.155916935896973, -17.324749919671145, -11.261546070530109, 26.05720595889182, 0.0, 0.0, 0.0, 0.0, 0.0, 0.0
2.209312677383423, 70.7487585422323, 1.769199262062853, 4.155916935896973, -17.324749919671145, -11.261546070530109, 26.05720595889182, 0.0, 0.0, 0.0, 0.0, 0.0, 0.0
2.2156126499176025, 70.7487585422323, 1.769199262062853, 4.155916935896973, -17.324749919671145, -11.261546070530109, 26.05720595889182, 0.0, 0.0, 0.0, 0.0, 0.0, 0.0
2.2295825481414795, 70.7487585422323, 1.769199262062853, 4.155916935896973, -17.324749919671145, -11.261546070530109, 26.05720595889182, 0.0, 0.0, 0.0, 0.0, 0.0, 0.0
2.2360053062438965, 70.7487585422323, 1.769199262062853, 4.155916935896973, -17.324749919671145, -11.261546070530109, 26.05720595889182, 0.0, 0.0, 0.0, 0.0, 0.0, 0.0
2.2500295639038086, 70.7487585422323, 1.769199262062853, 4.155916935896973, -17.324749919671145, -11.261546070530109, 26.05720595889182, 0.0, 0.0, 0.0, 0.0, 0.0, 0.0
2.2562127113342285, 70.7487585422323, 1.769199262062853, 4.155916935896973, -17.324749919671145, -11.261546070530109, 26.05720595889182, 0.0, 0.0, 0.0, 0.0, 0.0, 0.0
2.2694597244262695, 70.7487585422323, 1.769199262062853, 4.155916935896973, -17.324749919671145, -11.261546070530109, 26.05720595889182, 0.0, 0.0, 0.0, 0.0, 0.0, 0.0
2.275667190551758, 70.7487585422323, 1.769199262062853, 4.155916935896973, -17.324749919671145, -11.261546070530109, 26.05720595889182, 0.0, 0.0, 0.0, 0.0, 0.0, 0.0
2.2894890308380127, 70.7487585422323, 1.769199262062853, 4.155916935896973, -17.324749919671145, -11.261546070530109, 26.05720595889182, 0.0, 0.0, 0.0, 0.0, 0.0, 0.0
2.295647621154785, 70.7487585422323, 1.769199262062853, 4.155916935896973, -17.324749919671145, -11.261546070530109, 26.05720595889182, 0.0, 0.0, 0.0, 0.0, 0.0, 0.0
2.309858798980713, 70.7487585422323, 1.769199262062853, 4.155916935896973, -17.324749919671145, -11.261546070530109, 26.05720595889182, 0.0, 0.0, 0.0, 0.0, 0.0, 0.0
2.316166877746582, 70.7487585422323, 1.769199262062853, 4.155916935896973, -17.324749919671145, -11.261546070530109, 26.05720595889182, 0.0, 0.0, 0.0, 0.0, 0.0, 0.0
2.329057216644287, 70.7487585422323, 1.769199262062853, 4.155916935896973, -17.324749919671145, -11.261546070530109, 26.05720595889182, 0.0, 0.0, 0.0, 0.0, 0.0, 0.0
2.3353676795959473, 70.7487585422323, 1.769199262062853, 4.155916935896973, -17.324749919671145, -11.261546070530109, 26.05720595889182, 0.0, 0.0, 0.0, 0.0, 0.0, 0.0
2.349574327468872, 70.7487585422323, 1.769199262062853, 4.155916935896973, -17.324749919671145, -11.261546070530109, 26.05720595889182, 0.0, 0.0, 0.0, 0.0, 0.0, 0.0
2.3557474613189697, 70.7487585422323, 1.769199262062853, 4.155916935896973, -17.324749919671145, -11.261546070530109, 26.05720595889182, 0.0, 0.0, 0.0, 0.0, 0.0, 0.0
2.3697731494903564, 70.7487585422323, 1.769199262062853, 4.155916935896973, -17.324749919671145, -11.261546070530109, 26.05720595889182, 0.0, 0.0, 0.0, 0.0, 0.0, 0.0
2.376061201095581, 70.7487585422323, 1.769199262062853, 4.155916935896973, -17.324749919671145, -11.261546070530109, 26.05720595889182, 0.0, 0.0, 0.0, 0.0, 0.0, 0.0
2.390028238296509, 70.7487585422323, 1.769199262062853, 4.155916935896973, -17.324749919671145, -11.261546070530109, 26.05720595889182, 0.0, 0.0, 0.0, 0.0, 0.0, 0.0
2.396205425262451, 70.7487585422323, 1.769199262062853, 4.155916935896973, -17.324749919671145, -11.261546070530109, 26.05720595889182, 0.0, 0.0, 0.0, 0.0, 0.0, 0.0
2.409296989440918, 70.7487585422323, 1.769199262062853, 4.155916935896973, -17.324749919671145, -11.261546070530109, 26.05720595889182, 0.0, 0.0, 0.0, 0.0, 0.0, 0.0
2.4156954288482666, 70.7487585422323, 1.769199262062853, 4.155916935896973, -17.324749919671145, -11.261546070530109, 26.05720595889182, 0.0, 0.0, 0.0, 0.0, 0.0, 0.0
2.4296209812164307, 70.7487585422323, 1.769199262062853, 4.155916935896973, -17.324749919671145, -11.261546070530109, 26.05720595889182, 0.0, 0.0, 0.0, 0.0, 0.0, 0.0
2.4359395503997803, 70.7487585422323, 1.769199262062853, 4.155916935896973, -17.324749919671145, -11.261546070530109, 26.05720595889182, 0.0, 0.0, 0.0, 0.0, 0.0, 0.0
2.4500906467437744, 70.7487585422323, 1.769199262062853, 4.155916935896973, -17.324749919671145, -11.261546070530109, 26.05720595889182, 0.0, 0.0, 0.0, 0.0, 0.0, 0.0
2.4562783241271973, 70.7487585422323, 1.769199262062853, 4.155916935896973, -17.324749919671145, -11.261546070530109, 26.05720595889182, 0.0, 0.0, 0.0, 0.0, 0.0, 0.0
2.469196081161499, 70.7487585422323, 1.769199262062853, 4.155916935896973, -17.324749919671145, -11.261546070530109, 26.05720595889182, 0.0, 0.0, 0.0, 0.0, 0.0, 0.0
2.4753530025482178, 70.7487585422323, 1.769199262062853, 4.155916935896973, -17.324749919671145, -11.261546070530109, 26.05720595889182, 0.0, 0.0, 0.0, 0.0, 0.0, 0.0
2.4892311096191406, 70.7487585422323, 1.769199262062853, 4.155916935896973, -17.324749919671145, -11.261546070530109, 26.05720595889182, 0.0, 0.0, 0.0, 0.0, 0.0, 0.0
2.495366096496582, 70.7487585422323, 1.769199262062853, 4.155916935896973, -17.324749919671145, -11.261546070530109, 26.05720595889182, 0.0, 0.0, 0.0, 0.0, 0.0, 0.0
2.509352207183838, 70.7487585422323, 1.769199262062853, 4.155916935896973, -17.324749919671145, -11.261546070530109, 26.05720595889182, 0.0, 0.0, 0.0, 0.0, 0.0, 0.0
2.5156710147857666, 70.7487585422323, 1.769199262062853, 4.155916935896973, -17.324749919671145, -11.261546070530109, 26.05720595889182, 0.0, 0.0, 0.0, 0.0, 0.0, 0.0
2.529033899307251, 70.7487585422323, 1.769199262062853, 4.155916935896973, -17.324749919671145, -11.261546070530109, 26.05720595889182, 0.0, 0.0, 0.0, 0.0, 0.0, 0.0
2.535473585128784, 70.7487585422323, 1.769199262062853, 4.155916935896973, -17.324749919671145, -11.261546070530109, 26.05720595889182, 0.0, 0.0, 0.0, 0.0, 0.0, 0.0
2.5495502948760986, 70.7487585422323, 1.769199262062853, 4.155916935896973, -17.324749919671145, -11.261546070530109, 26.05720595889182, 0.0, 0.0, 0.0, 0.0, 0.0, 0.0
2.556223154067993, 70.7487585422323, 1.769199262062853, 4.155916935896973, -17.324749919671145, -11.261546070530109, 26.05720595889182, 0.0, 0.0, 0.0, 0.0, 0.0, 0.0
2.568974494934082, 70.7487585422323, 1.769199262062853, 4.155916935896973, -17.324749919671145, -11.261546070530109, 26.05720595889182, 0.0, 0.0, 0.0, 0.0, 0.0, 0.0
2.5753607749938965, 70.7487585422323, 1.769199262062853, 4.155916935896973, -17.324749919671145, -11.261546070530109, 26.05720595889182, 0.0, 0.0, 0.0, 0.0, 0.0, 0.0
2.590022563934326, 70.7487585422323, 1.769199262062853, 4.155916935896973, -17.324749919671145, -11.261546070530109, 26.05720595889182, 0.0, 0.0, 0.0, 0.0, 0.0, 0.0
2.5964622497558594, 70.7487585422323, 1.769199262062853, 4.155916935896973, -17.324749919671145, -11.261546070530109, 26.05720595889182, 0.0, 0.0, 0.0, 0.0, 0.0, 0.0
2.6100640296936035, 70.7487585422323, 1.769199262062853, 4.155916935896973, -17.324749919671145, -11.261546070530109, 26.05720595889182, 0.0, 0.0, 0.0, 0.0, 0.0, 0.0
2.616443157196045, 70.7487585422323, 1.769199262062853, 4.155916935896973, -17.324749919671145, -11.261546070530109, 26.05720595889182, 0.0, 0.0, 0.0, 0.0, 0.0, 0.0
2.6299359798431396, 70.7487585422323, 1.769199262062853, 4.155916935896973, -17.324749919671145, -11.261546070530109, 26.05720595889182, 0.0, 0.0, 0.0, 0.0, 0.0, 0.0
2.63616943359375, 70.7487585422323, 1.769199262062853, 4.155916935896973, -17.324749919671145, -11.261546070530109, 26.05720595889182, 0.0, 0.0, 0.0, 0.0, 0.0, 0.0
2.649122714996338, 70.7487585422323, 1.769199262062853, 4.155916935896973, -17.324749919671145, -11.261546070530109, 26.05720595889182, 0.0, 0.0, 0.0, 0.0, 0.0, 0.0
2.655446767807007, 70.7487585422323, 1.769199262062853, 4.155916935896973, -17.324749919671145, -11.261546070530109, 26.05720595889182, 0.0, 0.0, 0.0, 0.0, 0.0, 0.0
2.6695284843444824, 70.7487585422323, 1.769199262062853, 4.155916935896973, -17.324749919671145, -11.261546070530109, 26.05720595889182, 0.0, 0.0, 0.0, 0.0, 0.0, 0.0
2.6758718490600586, 70.7487585422323, 1.769199262062853, 4.155916935896973, -17.324749919671145, -11.261546070530109, 26.05720595889182, 0.0, 0.0, 0.0, 0.0, 0.0, 0.0
2.6890931129455566, 70.7487585422323, 1.769199262062853, 4.155916935896973, -17.324749919671145, -11.261546070530109, 26.05720595889182, 0.0, 0.0, 0.0, 0.0, 0.0, 0.0
2.6958658695220947, 70.7487585422323, 1.769199262062853, 4.155916935896973, -17.324749919671145, -11.261546070530109, 26.05720595889182, 0.0, 0.0, 0.0, 0.0, 0.0, 0.0
2.709524631500244, 70.7487585422323, 1.769199262062853, 4.155916935896973, -17.324749919671145, -11.261546070530109, 26.05720595889182, 0.0, 0.0, 0.0, 0.0, 0.0, 0.0
2.7160441875457764, 70.7487585422323, 1.769199262062853, 4.155916935896973, -17.324749919671145, -11.261546070530109, 26.05720595889182, 0.0, 0.0, 0.0, 0.0, 0.0, 0.0
2.729048252105713, 70.7487585422323, 1.769199262062853, 4.155916935896973, -17.324749919671145, -11.261546070530109, 26.05720595889182, 0.0, 0.0, 0.0, 0.0, 0.0, 0.0
2.7354543209075928, 70.7487585422323, 1.769199262062853, 4.155916935896973, -17.324749919671145, -11.261546070530109, 26.05720595889182, 0.0, 0.0, 0.0, 0.0, 0.0, 0.0
2.749422788619995, 70.7487585422323, 1.769199262062853, 4.155916935896973, -17.324749919671145, -11.261546070530109, 26.05720595889182, 0.0, 0.0, 0.0, 0.0, 0.0, 0.0
2.755603075027466, 70.7487585422323, 1.769199262062853, 4.155916935896973, -17.324749919671145, -11.261546070530109, 26.05720595889182, 0.0, 0.0, 0.0, 0.0, 0.0, 0.0
2.769467353820801, 70.7487585422323, 1.769199262062853, 4.155916935896973, -17.324749919671145, -11.261546070530109, 26.05720595889182, 0.0, 0.0, 0.0, 0.0, 0.0, 0.0
2.7755990028381348, 70.7487585422323, 1.769199262062853, 4.155916935896973, -17.324749919671145, -11.261546070530109, 26.05720595889182, 0.0, 0.0, 0.0, 0.0, 0.0, 0.0
2.7894320487976074, 70.7487585422323, 1.769199262062853, 4.155916935896973, -17.324749919671145, -11.261546070530109, 26.05720595889182, 0.0, 0.0, 0.0, 0.0, 0.0, 0.0
2.795614004135132, 70.7487585422323, 1.769199262062853, 4.155916935896973, -17.324749919671145, -11.261546070530109, 26.05720595889182, 0.0, 0.0, 0.0, 0.0, 0.0, 0.0
2.8101730346679688, 70.7487585422323, 1.769199262062853, 4.155916935896973, -17.324749919671145, -11.261546070530109, 26.05720595889182, 0.0, 0.0, 0.0, 0.0, 0.0, 0.0
2.8165180683135986, 70.7487585422323, 1.769199262062853, 4.155916935896973, -17.324749919671145, -11.261546070530109, 26.05720595889182, 0.0, 0.0, 0.0, 0.0, 0.0, 0.0
2.829954147338867, 70.7487585422323, 1.769199262062853, 4.155916935896973, -17.324749919671145, -11.261546070530109, 26.05720595889182, 0.0, 0.0, 0.0, 0.0, 0.0, 0.0
2.8363516330718994, 70.7487585422323, 1.769199262062853, 4.155916935896973, -17.324749919671145, -11.261546070530109, 26.05720595889182, 0.0, 0.0, 0.0, 0.0, 0.0, 0.0
2.8499765396118164, 70.7487585422323, 1.769199262062853, 4.155916935896973, -17.324749919671145, -11.261546070530109, 26.05720595889182, 0.0, 0.0, 0.0, 0.0, 0.0, 0.0
2.856276035308838, 70.7487585422323, 1.769199262062853, 4.155916935896973, -17.324749919671145, -11.261546070530109, 26.05720595889182, 0.0, 0.0, 0.0, 0.0, 0.0, 0.0
2.8699121475219727, 70.7487585422323, 1.769199262062853, 4.155916935896973, -17.324749919671145, -11.261546070530109, 26.05720595889182, 0.0, 0.0, 0.0, 0.0, 0.0, 0.0
2.876284599304199, 70.7487585422323, 1.769199262062853, 4.155916935896973, -17.324749919671145, -11.261546070530109, 26.05720595889182, 0.0, 0.0, 0.0, 0.0, 0.0, 0.0
2.8892908096313477, 70.7487585422323, 1.769199262062853, 4.155916935896973, -17.324749919671145, -11.261546070530109, 26.05720595889182, 0.0, 0.0, 0.0, 0.0, 0.0, 0.0
2.8954856395721436, 70.7487585422323, 1.769199262062853, 4.155916935896973, -17.324749919671145, -11.261546070530109, 26.05720595889182, 0.0, 0.0, 0.0, 0.0, 0.0, 0.0
2.9093992710113525, 70.7487585422323, 1.769199262062853, 4.155916935896973, -17.324749919671145, -11.261546070530109, 26.05720595889182, 0.0, 0.0, 0.0, 0.0, 0.0, 0.0
2.9157466888427734, 70.7487585422323, 1.769199262062853, 4.155916935896973, -17.324749919671145, -11.261546070530109, 26.05720595889182, 0.0, 0.0, 0.0, 0.0, 0.0, 0.0
2.929804563522339, 70.7487585422323, 1.769199262062853, 4.155916935896973, -17.324749919671145, -11.261546070530109, 26.05720595889182, 0.0, 0.0, 0.0, 0.0, 0.0, 0.0
2.9360129833221436, 70.7487585422323, 1.769199262062853, 4.155916935896973, -17.324749919671145, -11.261546070530109, 26.05720595889182, 0.0, 0.0, 0.0, 0.0, 0.0, 0.0
2.9500184059143066, 70.7487585422323, 1.769199262062853, 4.155916935896973, -17.324749919671145, -11.261546070530109, 26.05720595889182, 0.0, 0.0, 0.0, 0.0, 0.0, 0.0
2.956238269805908, 70.7487585422323, 1.769199262062853, 4.155916935896973, -17.324749919671145, -11.261546070530109, 26.05720595889182, 0.0, 0.0, 0.0, 0.0, 0.0, 0.0
2.9692373275756836, 70.7487585422323, 1.769199262062853, 4.155916935896973, -17.324749919671145, -11.261546070530109, 26.05720595889182, 0.0, 0.0, 0.0, 0.0, 0.0, 0.0
2.9754629135131836, 70.7487585422323, 1.769199262062853, 4.155916935896973, -17.324749919671145, -11.261546070530109, 26.05720595889182, 0.0, 0.0, 0.0, 0.0, 0.0, 0.0
2.98956561088562, 70.7487585422323, 1.769199262062853, 4.155916935896973, -17.324749919671145, -11.261546070530109, 26.05720595889182, 0.0, 0.0, 0.0, 0.0, 0.0, 0.0
2.9957797527313232, 70.7487585422323, 1.769199262062853, 4.155916935896973, -17.324749919671145, -11.261546070530109, 26.05720595889182, 0.0, 0.0, 0.0, 0.0, 0.0, 0.0
3.009888172149658, 70.7487585422323, 1.769199262062853, 4.155916935896973, -17.324749919671145, -11.261546070530109, 26.05720595889182, 0.0, 0.0, 0.0, 0.0, 0.0, 0.0
3.016139268875122, 70.7487585422323, 1.769199262062853, 4.155916935896973, -17.324749919671145, -11.261546070530109, 26.05720595889182, 0.0, 0.0, 0.0, 0.0, 0.0, 0.0
3.0293033123016357, 70.7487585422323, 1.769199262062853, 4.155916935896973, -17.324749919671145, -11.261546070530109, 26.05720595889182, 0.0, 0.0, 0.0, 0.0, 0.0, 0.0
3.035555124282837, 70.7487585422323, 1.769199262062853, 4.155916935896973, -17.324749919671145, -11.261546070530109, 26.05720595889182, 0.0, 0.0, 0.0, 0.0, 0.0, 0.0
3.0494067668914795, 70.7487585422323, 1.769199262062853, 4.155916935896973, -17.324749919671145, -11.261546070530109, 26.05720595889182, 0.0, 0.0, 0.0, 0.0, 0.0, 0.0
3.055767297744751, 70.7487585422323, 1.769199262062853, 4.155916935896973, -17.324749919671145, -11.261546070530109, 26.05720595889182, 0.0, 0.0, 0.0, 0.0, 0.0, 0.0
3.0697426795959473, 70.7487585422323, 1.769199262062853, 4.155916935896973, -17.324749919671145, -11.261546070530109, 26.05720595889182, 0.0, 0.0, 0.0, 0.0, 0.0, 0.0
3.0759458541870117, 70.7487585422323, 1.769199262062853, 4.155916935896973, -17.324749919671145, -11.261546070530109, 26.05720595889182, 0.0, 0.0, 0.0, 0.0, 0.0, 0.0
3.0898053646087646, 70.7487585422323, 1.769199262062853, 4.155916935896973, -17.324749919671145, -11.261546070530109, 26.05720595889182, 0.0, 0.0, 0.0, 0.0, 0.0, 0.0
3.096252918243408, 70.7487585422323, 1.769199262062853, 4.155916935896973, -17.324749919671145, -11.261546070530109, 26.05720595889182, 0.0, 0.0, 0.0, 0.0, 0.0, 0.0
3.1099398136138916, 70.7487585422323, 1.769199262062853, 4.155916935896973, -17.324749919671145, -11.261546070530109, 26.05720595889182, 0.0, 0.0, 0.0, 0.0, 0.0, 0.0
3.1163487434387207, 70.7487585422323, 1.769199262062853, 4.155916935896973, -17.324749919671145, -11.261546070530109, 26.05720595889182, 0.0, 0.0, 0.0, 0.0, 0.0, 0.0
3.1292965412139893, 70.7487585422323, 1.769199262062853, 4.155916935896973, -17.324749919671145, -11.261546070530109, 26.05720595889182, 0.0, 0.0, 0.0, 0.0, 0.0, 0.0
3.1357388496398926, 70.7487585422323, 1.769199262062853, 4.155916935896973, -17.324749919671145, -11.261546070530109, 26.05720595889182, 0.0, 0.0, 0.0, 0.0, 0.0, 0.0
3.1494064331054688, 70.7487585422323, 1.769199262062853, 4.155916935896973, -17.324749919671145, -11.261546070530109, 26.05720595889182, 0.0, 0.0, 0.0, 0.0, 0.0, 0.0
3.1556482315063477, 70.7487585422323, 1.769199262062853, 4.155916935896973, -17.324749919671145, -11.261546070530109, 26.05720595889182, 0.0, 0.0, 0.0, 0.0, 0.0, 0.0
3.1691782474517822, 70.7487585422323, 1.769199262062853, 4.155916935896973, -17.324749919671145, -11.261546070530109, 26.05720595889182, 0.0, 0.0, 0.0, 0.0, 0.0, 0.0
3.175368547439575, 70.7487585422323, 1.769199262062853, 4.155916935896973, -17.324749919671145, -11.261546070530109, 26.05720595889182, 0.0, 0.0, 0.0, 0.0, 0.0, 0.0
3.1892783641815186, 70.7487585422323, 1.769199262062853, 4.155916935896973, -17.324749919671145, -11.261546070530109, 26.05720595889182, 0.0, 0.0, 0.0, 0.0, 0.0, 0.0
3.1953914165496826, 70.7487585422323, 1.769199262062853, 4.155916935896973, -17.324749919671145, -11.261546070530109, 26.05720595889182, 0.0, 0.0, 0.0, 0.0, 0.0, 0.0
3.2093911170959473, 70.7487585422323, 1.769199262062853, 4.155916935896973, -17.324749919671145, -11.261546070530109, 26.05720595889182, 0.0, 0.0, 0.0, 0.0, 0.0, 0.0
3.2155282497406006, 70.7487585422323, 1.769199262062853, 4.155916935896973, -17.324749919671145, -11.261546070530109, 26.05720595889182, 0.0, 0.0, 0.0, 0.0, 0.0, 0.0
3.229372978210449, 70.7487585422323, 1.769199262062853, 4.155916935896973, -17.324749919671145, -11.261546070530109, 26.05720595889182, 0.0, 0.0, 0.0, 0.0, 0.0, 0.0
3.2356507778167725, 70.7487585422323, 1.769199262062853, 4.155916935896973, -17.324749919671145, -11.261546070530109, 26.05720595889182, 0.0, 0.0, 0.0, 0.0, 0.0, 0.0
3.249394178390503, 70.7487585422323, 1.769199262062853, 4.155916935896973, -17.324749919671145, -11.261546070530109, 26.05720595889182, 0.0, 0.0, 0.0, 0.0, 0.0, 0.0
3.255547523498535, 70.7487585422323, 1.769199262062853, 4.155916935896973, -17.324749919671145, -11.261546070530109, 26.05720595889182, 0.0, 0.0, 0.0, 0.0, 0.0, 0.0
3.269298553466797, 70.7487585422323, 1.769199262062853, 4.155916935896973, -17.324749919671145, -11.261546070530109, 26.05720595889182, 0.0, 0.0, 0.0, 0.0, 0.0, 0.0
3.2755699157714844, 70.7487585422323, 1.769199262062853, 4.155916935896973, -17.324749919671145, -11.261546070530109, 26.05720595889182, 0.0, 0.0, 0.0, 0.0, 0.0, 0.0
3.2893638610839844, 70.7487585422323, 1.769199262062853, 4.155916935896973, -17.324749919671145, -11.261546070530109, 26.05720595889182, 0.0, 0.0, 0.0, 0.0, 0.0, 0.0
3.295515775680542, 70.7487585422323, 1.769199262062853, 4.155916935896973, -17.324749919671145, -11.261546070530109, 26.05720595889182, 0.0, 0.0, 0.0, 0.0, 0.0, 0.0
3.3093934059143066, 70.7487585422323, 1.769199262062853, 4.155916935896973, -17.324749919671145, -11.261546070530109, 26.05720595889182, 0.0, 0.0, 0.0, 0.0, 0.0, 0.0
3.315615177154541, 70.7487585422323, 1.769199262062853, 4.155916935896973, -17.324749919671145, -11.261546070530109, 26.05720595889182, 0.0, 0.0, 0.0, 0.0, 0.0, 0.0
3.3293349742889404, 70.7487585422323, 1.769199262062853, 4.155916935896973, -17.324749919671145, -11.261546070530109, 26.05720595889182, 0.0, 0.0, 0.0, 0.0, 0.0, 0.0
3.335468053817749, 70.7487585422323, 1.769199262062853, 4.155916935896973, -17.324749919671145, -11.261546070530109, 26.05720595889182, 0.0, 0.0, 0.0, 0.0, 0.0, 0.0
3.3494856357574463, 70.7487585422323, 1.769199262062853, 4.155916935896973, -17.324749919671145, -11.261546070530109, 26.05720595889182, 0.0, 0.0, 0.0, 0.0, 0.0, 0.0
3.3556835651397705, 70.7487585422323, 1.769199262062853, 4.155916935896973, -17.324749919671145, -11.261546070530109, 26.05720595889182, 0.0, 0.0, 0.0, 0.0, 0.0, 0.0
3.3694801330566406, 70.7487585422323, 1.769199262062853, 4.155916935896973, -17.324749919671145, -11.261546070530109, 26.05720595889182, 0.0, 0.0, 0.0, 0.0, 0.0, 0.0
3.375640630722046, 70.7487585422323, 1.769199262062853, 4.155916935896973, -17.324749919671145, -11.261546070530109, 26.05720595889182, 0.0, 0.0, 0.0, 0.0, 0.0, 0.0
3.389659881591797, 70.7487585422323, 1.769199262062853, 4.155916935896973, -17.324749919671145, -11.261546070530109, 26.05720595889182, 0.0, 0.0, 0.0, 0.0, 0.0, 0.0
3.3958160877227783, 70.7487585422323, 1.769199262062853, 4.155916935896973, -17.324749919671145, -11.261546070530109, 26.05720595889182, 0.0, 0.0, 0.0, 0.0, 0.0, 0.0
3.4091222286224365, 70.7487585422323, 1.769199262062853, 4.155916935896973, -17.324749919671145, -11.261546070530109, 26.05720595889182, 0.0, 0.0, 0.0, 0.0, 0.0, 0.0
3.415492057800293, 70.7487585422323, 1.769199262062853, 4.155916935896973, -17.324749919671145, -11.261546070530109, 26.05720595889182, 0.0, 0.0, 0.0, 0.0, 0.0, 0.0
3.4294490814208984, 70.7487585422323, 1.769199262062853, 4.155916935896973, -17.324749919671145, -11.261546070530109, 26.05720595889182, 0.0, 0.0, 0.0, 0.0, 0.0, 0.0
3.435779571533203, 70.7487585422323, 1.769199262062853, 4.155916935896973, -17.324749919671145, -11.261546070530109, 26.05720595889182, 0.0, 0.0, 0.0, 0.0, 0.0, 0.0
3.4500014781951904, 70.7487585422323, 1.769199262062853, 4.155916935896973, -17.324749919671145, -11.261546070530109, 26.05720595889182, 0.0, 0.0, 0.0, 0.0, 0.0, 0.0
3.4567415714263916, 70.7487585422323, 1.769199262062853, 4.155916935896973, -17.324749919671145, -11.261546070530109, 26.05720595889182, 0.0, 0.0, 0.0, 0.0, 0.0, 0.0
3.470041036605835, 70.7487585422323, 1.769199262062853, 4.155916935896973, -17.324749919671145, -11.261546070530109, 26.05720595889182, 0.0, 0.0, 0.0, 0.0, 0.0, 0.0
3.4763948917388916, 70.7487585422323, 1.769199262062853, 4.155916935896973, -17.324749919671145, -11.261546070530109, 26.05720595889182, 0.0, 0.0, 0.0, 0.0, 0.0, 0.0
3.489448308944702, 70.7487585422323, 1.769199262062853, 4.155916935896973, -17.324749919671145, -11.261546070530109, 26.05720595889182, 0.0, 0.0, 0.0, 0.0, 0.0, 0.0
3.4957356452941895, 70.7487585422323, 1.769199262062853, 4.155916935896973, -17.324749919671145, -11.261546070530109, 26.05720595889182, 0.0, 0.0, 0.0, 0.0, 0.0, 0.0
3.5092735290527344, 70.7487585422323, 1.769199262062853, 4.155916935896973, -17.324749919671145, -11.261546070530109, 26.05720595889182, 0.0, 0.0, 0.0, 0.0, 0.0, 0.0
3.5154972076416016, 70.7487585422323, 1.769199262062853, 4.155916935896973, -17.324749919671145, -11.261546070530109, 26.05720595889182, 0.0, 0.0, 0.0, 0.0, 0.0, 0.0
3.530134439468384, 70.7487585422323, 1.769199262062853, 4.155916935896973, -17.324749919671145, -11.261546070530109, 26.05720595889182, 0.0, 0.0, 0.0, 0.0, 0.0, 0.0
3.5363688468933105, 70.7487585422323, 1.769199262062853, 4.155916935896973, -17.324749919671145, -11.261546070530109, 26.05720595889182, 0.0, 0.0, 0.0, 0.0, 0.0, 0.0
3.5493812561035156, 70.7487585422323, 1.769199262062853, 4.155916935896973, -17.324749919671145, -11.261546070530109, 26.05720595889182, 0.0, 0.0, 0.0, 0.0, 0.0, 0.0
3.5559847354888916, 70.7487585422323, 1.769199262062853, 4.155916935896973, -17.324749919671145, -11.261546070530109, 26.05720595889182, 0.0, 0.0, 0.0, 0.0, 0.0, 0.0
3.569441080093384, 70.7487585422323, 1.769199262062853, 4.155916935896973, -17.324749919671145, -11.261546070530109, 26.05720595889182, 0.0, 0.0, 0.0, 0.0, 0.0, 0.0
3.57576060295105, 70.7487585422323, 1.769199262062853, 4.155916935896973, -17.324749919671145, -11.261546070530109, 26.05720595889182, 0.0, 0.0, 0.0, 0.0, 0.0, 0.0
3.5897607803344727, 70.7487585422323, 1.769199262062853, 4.155916935896973, -17.324749919671145, -11.261546070530109, 26.05720595889182, 0.0, 0.0, 0.0, 0.0, 0.0, 0.0
3.596198320388794, 70.7487585422323, 1.769199262062853, 4.155916935896973, -17.324749919671145, -11.261546070530109, 26.05720595889182, 0.0, 0.0, 0.0, 0.0, 0.0, 0.0
3.6094698905944824, 70.7487585422323, 1.769199262062853, 4.155916935896973, -17.324749919671145, -11.261546070530109, 26.05720595889182, 0.0, 0.0, 0.0, 0.0, 0.0, 0.0
3.615699052810669, 70.7487585422323, 1.769199262062853, 4.155916935896973, -17.324749919671145, -11.261546070530109, 26.05720595889182, 0.0, 0.0, 0.0, 0.0, 0.0, 0.0
3.6298251152038574, 70.7487585422323, 1.769199262062853, 4.155916935896973, -17.324749919671145, -11.261546070530109, 26.05720595889182, 0.0, 0.0, 0.0, 0.0, 0.0, 0.0
3.636181592941284, 70.7487585422323, 1.769199262062853, 4.155916935896973, -17.324749919671145, -11.261546070530109, 26.05720595889182, 0.0, 0.0, 0.0, 0.0, 0.0, 0.0
3.649412155151367, 70.7487585422323, 1.769199262062853, 4.155916935896973, -17.324749919671145, -11.261546070530109, 26.05720595889182, 0.0, 0.0, 0.0, 0.0, 0.0, 0.0
3.6556527614593506, 70.7487585422323, 1.769199262062853, 4.155916935896973, -17.324749919671145, -11.261546070530109, 26.05720595889182, 0.0, 0.0, 0.0, 0.0, 0.0, 0.0
3.6697499752044678, 70.7487585422323, 1.769199262062853, 4.155916935896973, -17.324749919671145, -11.261546070530109, 26.05720595889182, 0.0, 0.0, 0.0, 0.0, 0.0, 0.0
3.675945997238159, 70.7487585422323, 1.769199262062853, 4.155916935896973, -17.324749919671145, -11.261546070530109, 26.05720595889182, 0.0, 0.0, 0.0, 0.0, 0.0, 0.0
3.6895062923431396, 70.7487585422323, 1.769199262062853, 4.155916935896973, -17.324749919671145, -11.261546070530109, 26.05720595889182, 0.0, 0.0, 0.0, 0.0, 0.0, 0.0
3.695706367492676, 70.7487585422323, 1.769199262062853, 4.155916935896973, -17.324749919671145, -11.261546070530109, 26.05720595889182, 0.0, 0.0, 0.0, 0.0, 0.0, 0.0
3.709914207458496, 70.7487585422323, 1.769199262062853, 4.155916935896973, -17.324749919671145, -11.261546070530109, 26.05720595889182, 0.0, 0.0, 0.0, 0.0, 0.0, 0.0
3.7163312435150146, 70.7487585422323, 1.769199262062853, 4.155916935896973, -17.324749919671145, -11.261546070530109, 26.05720595889182, 0.0, 0.0, 0.0, 0.0, 0.0, 0.0
3.7294678688049316, 70.7487585422323, 1.769199262062853, 4.155916935896973, -17.324749919671145, -11.261546070530109, 26.05720595889182, 0.0, 0.0, 0.0, 0.0, 0.0, 0.0
3.735970973968506, 70.7487585422323, 1.769199262062853, 4.155916935896973, -17.324749919671145, -11.261546070530109, 26.05720595889182, 0.0, 0.0, 0.0, 0.0, 0.0, 0.0
3.750192403793335, 70.7487585422323, 1.769199262062853, 4.155916935896973, -17.324749919671145, -11.261546070530109, 26.05720595889182, 0.0, 0.0, 0.0, 0.0, 0.0, 0.0
3.756413698196411, 70.7487585422323, 1.769199262062853, 4.155916935896973, -17.324749919671145, -11.261546070530109, 26.05720595889182, 0.0, 0.0, 0.0, 0.0, 0.0, 0.0
3.769826650619507, 70.7487585422323, 1.769199262062853, 4.155916935896973, -17.324749919671145, -11.261546070530109, 26.05720595889182, 0.0, 0.0, 0.0, 0.0, 0.0, 0.0
3.7761521339416504, 70.7487585422323, 1.769199262062853, 4.155916935896973, -17.324749919671145, -11.261546070530109, 26.05720595889182, 0.0, 0.0, 0.0, 0.0, 0.0, 0.0
3.7890357971191406, 70.7487585422323, 1.769199262062853, 4.155916935896973, -17.324749919671145, -11.261546070530109, 26.05720595889182, 0.0, 0.0, 0.0, 0.0, 0.0, 0.0
3.795220375061035, 70.7487585422323, 1.769199262062853, 4.155916935896973, -17.324749919671145, -11.261546070530109, 26.05720595889182, 0.0, 0.0, 0.0, 0.0, 0.0, 0.0
3.8097403049468994, 70.7487585422323, 1.769199262062853, 4.155916935896973, -17.324749919671145, -11.261546070530109, 26.05720595889182, 0.0, 0.0, 0.0, 0.0, 0.0, 0.0
3.816242218017578, 70.7487585422323, 1.769199262062853, 4.155916935896973, -17.324749919671145, -11.261546070530109, 26.05720595889182, 0.0, 0.0, 0.0, 0.0, 0.0, 0.0
3.829287528991699, 70.7487585422323, 1.769199262062853, 4.155916935896973, -17.324749919671145, -11.261546070530109, 26.05720595889182, 0.0, 0.0, 0.0, 0.0, 0.0, 0.0
3.835613965988159, 70.7487585422323, 1.769199262062853, 4.155916935896973, -17.324749919671145, -11.261546070530109, 26.05720595889182, 0.0, 0.0, 0.0, 0.0, 0.0, 0.0
3.8495826721191406, 70.7487585422323, 1.769199262062853, 4.155916935896973, -17.324749919671145, -11.261546070530109, 26.05720595889182, 0.0, 0.0, 0.0, 0.0, 0.0, 0.0
3.8558802604675293, 70.7487585422323, 1.769199262062853, 4.155916935896973, -17.324749919671145, -11.261546070530109, 26.05720595889182, 0.0, 0.0, 0.0, 0.0, 0.0, 0.0
3.8698432445526123, 70.7487585422323, 1.769199262062853, 4.155916935896973, -17.324749919671145, -11.261546070530109, 26.05720595889182, 0.0, 0.0, 0.0, 0.0, 0.0, 0.0
3.8760833740234375, 70.7487585422323, 1.769199262062853, 4.155916935896973, -17.324749919671145, -11.261546070530109, 26.05720595889182, 0.0, 0.0, 0.0, 0.0, 0.0, 0.0
3.889694929122925, 70.7487585422323, 1.769199262062853, 4.155916935896973, -17.324749919671145, -11.261546070530109, 26.05720595889182, 0.0, 0.0, 0.0, 0.0, 0.0, 0.0
3.8958823680877686, 70.7487585422323, 1.769199262062853, 4.155916935896973, -17.324749919671145, -11.261546070530109, 26.05720595889182, 0.0, 0.0, 0.0, 0.0, 0.0, 0.0
3.9098663330078125, 70.7487585422323, 1.769199262062853, 4.155916935896973, -17.324749919671145, -11.261546070530109, 26.05720595889182, 0.0, 0.0, 0.0, 0.0, 0.0, 0.0
3.9161949157714844, 70.7487585422323, 1.769199262062853, 4.155916935896973, -17.324749919671145, -11.261546070530109, 26.05720595889182, 0.0, 0.0, 0.0, 0.0, 0.0, 0.0
3.9295668601989746, 70.7487585422323, 1.769199262062853, 4.155916935896973, -17.324749919671145, -11.261546070530109, 26.05720595889182, 0.0, 0.0, 0.0, 0.0, 0.0, 0.0
3.9357430934906006, 70.7487585422323, 1.769199262062853, 4.155916935896973, -17.324749919671145, -11.261546070530109, 26.05720595889182, 0.0, 0.0, 0.0, 0.0, 0.0, 0.0
3.9497649669647217, 70.7487585422323, 1.769199262062853, 4.155916935896973, -17.324749919671145, -11.261546070530109, 26.05720595889182, 0.0, 0.0, 0.0, 0.0, 0.0, 0.0
3.9561045169830322, 70.7487585422323, 1.769199262062853, 4.155916935896973, -17.324749919671145, -11.261546070530109, 26.05720595889182, 0.0, 0.0, 0.0, 0.0, 0.0, 0.0
3.969552516937256, 70.7487585422323, 1.769199262062853, 4.155916935896973, -17.324749919671145, -11.261546070530109, 26.05720595889182, 0.0, 0.0, 0.0, 0.0, 0.0, 0.0
3.9757659435272217, 70.7487585422323, 1.769199262062853, 4.155916935896973, -17.324749919671145, -11.261546070530109, 26.05720595889182, 0.0, 0.0, 0.0, 0.0, 0.0, 0.0
3.9900736808776855, 70.7487585422323, 1.769199262062853, 4.155916935896973, -17.324749919671145, -11.261546070530109, 26.05720595889182, 0.0, 0.0, 0.0, 0.0, 0.0, 0.0
3.996295213699341, 70.7487585422323, 1.769199262062853, 4.155916935896973, -17.324749919671145, -11.261546070530109, 26.05720595889182, 0.0, 0.0, 0.0, 0.0, 0.0, 0.0
4.009345531463623, 70.7487585422323, 1.769199262062853, 4.155916935896973, -17.324749919671145, -11.261546070530109, 26.05720595889182, 0.0, 0.0, 0.0, 0.0, 0.0, 0.0
4.0155651569366455, 70.7487585422323, 1.769199262062853, 4.155916935896973, -17.324749919671145, -11.261546070530109, 26.05720595889182, 0.0, 0.0, 0.0, 0.0, 0.0, 0.0
4.029719352722168, 70.7487585422323, 1.769199262062853, 4.155916935896973, -17.324749919671145, -11.261546070530109, 26.05720595889182, 0.0, 0.0, 0.0, 0.0, 0.0, 0.0
4.035915374755859, 70.7487585422323, 1.769199262062853, 4.155916935896973, -17.324749919671145, -11.261546070530109, 26.05720595889182, 0.0, 0.0, 0.0, 0.0, 0.0, 0.0
4.049821853637695, 70.7487585422323, 1.769199262062853, 4.155916935896973, -17.324749919671145, -11.261546070530109, 26.05720595889182, 0.0, 0.0, 0.0, 0.0, 0.0, 0.0
4.055992841720581, 70.7487585422323, 1.769199262062853, 4.155916935896973, -17.324749919671145, -11.261546070530109, 26.05720595889182, 0.0, 0.0, 0.0, 0.0, 0.0, 0.0
4.070032835006714, 70.7487585422323, 1.769199262062853, 4.155916935896973, -17.324749919671145, -11.261546070530109, 26.05720595889182, 0.0, 0.0, 0.0, 0.0, 0.0, 0.0
4.076210021972656, 70.7487585422323, 1.769199262062853, 4.155916935896973, -17.324749919671145, -11.261546070530109, 26.05720595889182, 0.0, 0.0, 0.0, 0.0, 0.0, 0.0
4.089073896408081, 70.7487585422323, 1.769199262062853, 4.155916935896973, -17.324749919671145, -11.261546070530109, 26.05720595889182, 0.0, 0.0, 0.0, 0.0, 0.0, 0.0
4.095350027084351, 70.7487585422323, 1.769199262062853, 4.155916935896973, -17.324749919671145, -11.261546070530109, 26.05720595889182, 0.0, 0.0, 0.0, 0.0, 0.0, 0.0
4.1092424392700195, 70.7487585422323, 1.769199262062853, 4.155916935896973, -17.324749919671145, -11.261546070530109, 26.05720595889182, 0.0, 0.0, 0.0, 0.0, 0.0, 0.0
4.115400314331055, 70.7487585422323, 1.769199262062853, 4.155916935896973, -17.324749919671145, -11.261546070530109, 26.05720595889182, 0.0, 0.0, 0.0, 0.0, 0.0, 0.0
4.12920618057251, 70.7487585422323, 1.769199262062853, 4.155916935896973, -17.324749919671145, -11.261546070530109, 26.05720595889182, 0.0, 0.0, 0.0, 0.0, 0.0, 0.0
4.135507106781006, 70.7487585422323, 1.769199262062853, 4.155916935896973, -17.324749919671145, -11.261546070530109, 26.05720595889182, 0.0, 0.0, 0.0, 0.0, 0.0, 0.0
4.149254322052002, 70.7487585422323, 1.769199262062853, 4.155916935896973, -17.324749919671145, -11.261546070530109, 26.05720595889182, 0.0, 0.0, 0.0, 0.0, 0.0, 0.0
4.15543007850647, 70.7487585422323, 1.769199262062853, 4.155916935896973, -17.324749919671145, -11.261546070530109, 26.05720595889182, 0.0, 0.0, 0.0, 0.0, 0.0, 0.0
4.169317960739136, 70.7487585422323, 1.769199262062853, 4.155916935896973, -17.324749919671145, -11.261546070530109, 26.05720595889182, 0.0, 0.0, 0.0, 0.0, 0.0, 0.0
4.175479173660278, 70.7487585422323, 1.769199262062853, 4.155916935896973, -17.324749919671145, -11.261546070530109, 26.05720595889182, 0.0, 0.0, 0.0, 0.0, 0.0, 0.0
4.189291000366211, 70.7487585422323, 1.769199262062853, 4.155916935896973, -17.324749919671145, -11.261546070530109, 26.05720595889182, 0.0, 0.0, 0.0, 0.0, 0.0, 0.0
4.195460796356201, 70.7487585422323, 1.769199262062853, 4.155916935896973, -17.324749919671145, -11.261546070530109, 26.05720595889182, 0.0, 0.0, 0.0, 0.0, 0.0, 0.0
4.209401845932007, 70.7487585422323, 1.769199262062853, 4.155916935896973, -17.324749919671145, -11.261546070530109, 26.05720595889182, 0.0, 0.0, 0.0, 0.0, 0.0, 0.0
4.215574502944946, 70.7487585422323, 1.769199262062853, 4.155916935896973, -17.324749919671145, -11.261546070530109, 26.05720595889182, 0.0, 0.0, 0.0, 0.0, 0.0, 0.0
4.229342937469482, 70.7487585422323, 1.769199262062853, 4.155916935896973, -17.324749919671145, -11.261546070530109, 26.05720595889182, 0.0, 0.0, 0.0, 0.0, 0.0, 0.0
4.235517740249634, 70.7487585422323, 1.769199262062853, 4.155916935896973, -17.324749919671145, -11.261546070530109, 26.05720595889182, 0.0, 0.0, 0.0, 0.0, 0.0, 0.0
4.249511480331421, 70.7487585422323, 1.769199262062853, 4.155916935896973, -17.324749919671145, -11.261546070530109, 26.05720595889182, 0.0, 0.0, 0.0, 0.0, 0.0, 0.0
4.255705833435059, 70.7487585422323, 1.769199262062853, 4.155916935896973, -17.324749919671145, -11.261546070530109, 26.05720595889182, 0.0, 0.0, 0.0, 0.0, 0.0, 0.0
4.269714117050171, 70.7487585422323, 1.769199262062853, 4.155916935896973, -17.324749919671145, -11.261546070530109, 26.05720595889182, 0.0, 0.0, 0.0, 0.0, 0.0, 0.0
4.276080131530762, 70.7487585422323, 1.769199262062853, 4.155916935896973, -17.324749919671145, -11.261546070530109, 26.05720595889182, 0.0, 0.0, 0.0, 0.0, 0.0, 0.0
4.28939962387085, 70.7487585422323, 1.769199262062853, 4.155916935896973, -17.324749919671145, -11.261546070530109, 26.05720595889182, 0.0, 0.0, 0.0, 0.0, 0.0, 0.0
4.29561710357666, 70.7487585422323, 1.769199262062853, 4.155916935896973, -17.324749919671145, -11.261546070530109, 26.05720595889182, 0.0, 0.0, 0.0, 0.0, 0.0, 0.0
4.309494256973267, 70.7487585422323, 1.769199262062853, 4.155916935896973, -17.324749919671145, -11.261546070530109, 26.05720595889182, 0.0, 0.0, 0.0, 0.0, 0.0, 0.0
4.315826177597046, 70.7487585422323, 1.769199262062853, 4.155916935896973, -17.324749919671145, -11.261546070530109, 26.05720595889182, 0.0, 0.0, 0.0, 0.0, 0.0, 0.0
4.329446315765381, 70.7487585422323, 1.769199262062853, 4.155916935896973, -17.324749919671145, -11.261546070530109, 26.05720595889182, 0.0, 0.0, 0.0, 0.0, 0.0, 0.0
4.335675001144409, 70.7487585422323, 1.769199262062853, 4.155916935896973, -17.324749919671145, -11.261546070530109, 26.05720595889182, 0.0, 0.0, 0.0, 0.0, 0.0, 0.0
4.349215030670166, 70.7487585422323, 1.769199262062853, 4.155916935896973, -17.324749919671145, -11.261546070530109, 26.05720595889182, 0.0, 0.0, 0.0, 0.0, 0.0, 0.0
4.355542898178101, 70.7487585422323, 1.769199262062853, 4.155916935896973, -17.324749919671145, -11.261546070530109, 26.05720595889182, 0.0, 0.0, 0.0, 0.0, 0.0, 0.0
4.369583606719971, 70.7487585422323, 1.769199262062853, 4.155916935896973, -17.324749919671145, -11.261546070530109, 26.05720595889182, 0.0, 0.0, 0.0, 0.0, 0.0, 0.0
4.375815391540527, 70.7487585422323, 1.769199262062853, 4.155916935896973, -17.324749919671145, -11.261546070530109, 26.05720595889182, 0.0, 0.0, 0.0, 0.0, 0.0, 0.0
4.389957427978516, 70.7487585422323, 1.769199262062853, 4.155916935896973, -17.324749919671145, -11.261546070530109, 26.05720595889182, 0.0, 0.0, 0.0, 0.0, 0.0, 0.0
4.39616322517395, 70.7487585422323, 1.769199262062853, 4.155916935896973, -17.324749919671145, -11.261546070530109, 26.05720595889182, 0.0, 0.0, 0.0, 0.0, 0.0, 0.0
4.409514427185059, 70.7487585422323, 1.769199262062853, 4.155916935896973, -17.324749919671145, -11.261546070530109, 26.05720595889182, 0.0, 0.0, 0.0, 0.0, 0.0, 0.0
4.416104078292847, 70.7487585422323, 1.769199262062853, 4.155916935896973, -17.324749919671145, -11.261546070530109, 26.05720595889182, 0.0, 0.0, 0.0, 0.0, 0.0, 0.0
4.4305665493011475, 70.7487585422323, 1.769199262062853, 4.155916935896973, -17.324749919671145, -11.261546070530109, 26.05720595889182, 0.0, 0.0, 0.0, 0.0, 0.0, 0.0
4.437211751937866, 70.7487585422323, 1.769199262062853, 4.155916935896973, -17.324749919671145, -11.261546070530109, 26.05720595889182, 0.0, 0.0, 0.0, 0.0, 0.0, 0.0
4.449660301208496, 70.7487585422323, 1.769199262062853, 4.155916935896973, -17.324749919671145, -11.261546070530109, 26.05720595889182, 0.0, 0.0, 0.0, 0.0, 0.0, 0.0
4.456514120101929, 70.7487585422323, 1.769199262062853, 4.155916935896973, -17.324749919671145, -11.261546070530109, 26.05720595889182, 0.0, 0.0, 0.0, 0.0, 0.0, 0.0
4.469603776931763, 70.7487585422323, 1.769199262062853, 4.155916935896973, -17.324749919671145, -11.261546070530109, 26.05720595889182, 0.0, 0.0, 0.0, 0.0, 0.0, 0.0
4.4766013622283936, 70.7487585422323, 1.769199262062853, 4.155916935896973, -17.324749919671145, -11.261546070530109, 26.05720595889182, 0.0, 0.0, 0.0, 0.0, 0.0, 0.0
4.490225315093994, 70.7487585422323, 1.769199262062853, 4.155916935896973, -17.324749919671145, -11.261546070530109, 26.05720595889182, 0.0, 0.0, 0.0, 0.0, 0.0, 0.0
4.496775150299072, 70.7487585422323, 1.769199262062853, 4.155916935896973, -17.324749919671145, -11.261546070530109, 26.05720595889182, 0.0, 0.0, 0.0, 0.0, 0.0, 0.0
4.5093674659729, 70.7487585422323, 1.769199262062853, 4.155916935896973, -17.324749919671145, -11.261546070530109, 26.05720595889182, 0.0, 0.0, 0.0, 0.0, 0.0, 0.0
4.516107797622681, 70.7487585422323, 1.769199262062853, 4.155916935896973, -17.324749919671145, -11.261546070530109, 26.05720595889182, 0.0, 0.0, 0.0, 0.0, 0.0, 0.0
4.529756784439087, 70.7487585422323, 1.769199262062853, 4.155916935896973, -17.324749919671145, -11.261546070530109, 26.05720595889182, 0.0, 0.0, 0.0, 0.0, 0.0, 0.0
4.536380767822266, 70.7487585422323, 1.769199262062853, 4.155916935896973, -17.324749919671145, -11.261546070530109, 26.05720595889182, 0.0, 0.0, 0.0, 0.0, 0.0, 0.0
4.549957990646362, 70.7487585422323, 1.769199262062853, 4.155916935896973, -17.324749919671145, -11.261546070530109, 26.05720595889182, 0.0, 0.0, 0.0, 0.0, 0.0, 0.0
4.556514263153076, 70.7487585422323, 1.769199262062853, 4.155916935896973, -17.324749919671145, -11.261546070530109, 26.05720595889182, 0.0, 0.0, 0.0, 0.0, 0.0, 0.0
4.57033109664917, 70.7487585422323, 1.769199262062853, 4.155916935896973, -17.324749919671145, -11.261546070530109, 26.05720595889182, 0.0, 0.0, 0.0, 0.0, 0.0, 0.0
4.57679295539856, 70.7487585422323, 1.769199262062853, 4.155916935896973, -17.324749919671145, -11.261546070530109, 26.05720595889182, 0.0, 0.0, 0.0, 0.0, 0.0, 0.0
4.589843988418579, 70.7487585422323, 1.769199262062853, 4.155916935896973, -17.324749919671145, -11.261546070530109, 26.05720595889182, 0.0, 0.0, 0.0, 0.0, 0.0, 0.0
4.596558570861816, 70.7487585422323, 1.769199262062853, 4.155916935896973, -17.324749919671145, -11.261546070530109, 26.05720595889182, 0.0, 0.0, 0.0, 0.0, 0.0, 0.0
4.609688758850098, 70.7487585422323, 1.769199262062853, 4.155916935896973, -17.324749919671145, -11.261546070530109, 26.05720595889182, 0.0, 0.0, 0.0, 0.0, 0.0, 0.0
4.61620020866394, 70.7487585422323, 1.769199262062853, 4.155916935896973, -17.324749919671145, -11.261546070530109, 26.05720595889182, 0.0, 0.0, 0.0, 0.0, 0.0, 0.0
4.629422903060913, 70.7487585422323, 1.769199262062853, 4.155916935896973, -17.324749919671145, -11.261546070530109, 26.05720595889182, 0.0, 0.0, 0.0, 0.0, 0.0, 0.0
4.635865926742554, 70.7487585422323, 1.769199262062853, 4.155916935896973, -17.324749919671145, -11.261546070530109, 26.05720595889182, 0.0, 0.0, 0.0, 0.0, 0.0, 0.0
4.650250196456909, 70.7487585422323, 1.769199262062853, 4.155916935896973, -17.324749919671145, -11.261546070530109, 26.05720595889182, 0.0, 0.0, 0.0, 0.0, 0.0, 0.0
4.656439542770386, 70.7487585422323, 1.769199262062853, 4.155916935896973, -17.324749919671145, -11.261546070530109, 26.05720595889182, 0.0, 0.0, 0.0, 0.0, 0.0, 0.0
4.669508218765259, 70.7487585422323, 1.769199262062853, 4.155916935896973, -17.324749919671145, -11.261546070530109, 26.05720595889182, 0.0, 0.0, 0.0, 0.0, 0.0, 0.0
4.67571496963501, 70.7487585422323, 1.769199262062853, 4.155916935896973, -17.324749919671145, -11.261546070530109, 26.05720595889182, 0.0, 0.0, 0.0, 0.0, 0.0, 0.0
4.689711332321167, 70.7487585422323, 1.769199262062853, 4.155916935896973, -17.324749919671145, -11.261546070530109, 26.05720595889182, 0.0, 0.0, 0.0, 0.0, 0.0, 0.0
4.69586968421936, 70.7487585422323, 1.769199262062853, 4.155916935896973, -17.324749919671145, -11.261546070530109, 26.05720595889182, 0.0, 0.0, 0.0, 0.0, 0.0, 0.0
4.71005916595459, 70.7487585422323, 1.769199262062853, 4.155916935896973, -17.324749919671145, -11.261546070530109, 26.05720595889182, 0.0, 0.0, 0.0, 0.0, 0.0, 0.0
4.716548681259155, 70.7487585422323, 1.769199262062853, 4.155916935896973, -17.324749919671145, -11.261546070530109, 26.05720595889182, 0.0, 0.0, 0.0, 0.0, 0.0, 0.0
4.729717969894409, 70.7487585422323, 1.769199262062853, 4.155916935896973, -17.324749919671145, -11.261546070530109, 26.05720595889182, 0.0, 0.0, 0.0, 0.0, 0.0, 0.0
4.736163139343262, 70.7487585422323, 1.769199262062853, 4.155916935896973, -17.324749919671145, -11.261546070530109, 26.05720595889182, 0.0, 0.0, 0.0, 0.0, 0.0, 0.0
4.74949836730957, 70.7487585422323, 1.769199262062853, 4.155916935896973, -17.324749919671145, -11.261546070530109, 26.05720595889182, 0.0, 0.0, 0.0, 0.0, 0.0, 0.0
4.755941867828369, 70.7487585422323, 1.769199262062853, 4.155916935896973, -17.324749919671145, -11.261546070530109, 26.05720595889182, 0.0, 0.0, 0.0, 0.0, 0.0, 0.0
4.770015478134155, 70.7487585422323, 1.769199262062853, 4.155916935896973, -17.324749919671145, -11.261546070530109, 26.05720595889182, 0.0, 0.0, 0.0, 0.0, 0.0, 0.0
4.77712345123291, 70.7487585422323, 1.769199262062853, 4.155916935896973, -17.324749919671145, -11.261546070530109, 26.05720595889182, 0.0, 0.0, 0.0, 0.0, 0.0, 0.0
4.7895636558532715, 70.7487585422323, 1.769199262062853, 4.155916935896973, -17.324749919671145, -11.261546070530109, 26.05720595889182, 0.0, 0.0, 0.0, 0.0, 0.0, 0.0
4.796046733856201, 70.7487585422323, 1.769199262062853, 4.155916935896973, -17.324749919671145, -11.261546070530109, 26.05720595889182, 0.0, 0.0, 0.0, 0.0, 0.0, 0.0
