# Timestamp, Flexion, Adduction, Rotation, Translation_ap, Translation_ml, Translation_pd, Tx, Ty, Tz, Fx, Fy, Fz
0.023079872131347656, 54.30429255597757, 14.767242566159211, -8.101588818509434, -13.746968094179984, 10.157185640882343, 14.192563222951543, 0.0531228, 0.0142594, 0.0882593, 0.127064, -0.44576, -0.354622
0.02362346649169922, 54.30429255597757, 14.767242566159211, -8.101588818509434, -13.746968094179984, 10.157185640882343, 14.192563222951543, 0.0531228, 0.0142594, 0.0882593, 0.127064, -0.44576, -0.354622
0.0389552116394043, 54.30429255597757, 14.767242566159211, -8.101588818509434, -13.746968094179984, 10.157185640882343, 14.192563222951543, 0.0521481, 0.0173727, 0.0833328, 0.14041, -0.423484, -0.343285
0.03946232795715332, 54.30429255597757, 14.767242566159211, -8.101588818509434, -13.746968094179984, 10.157185640882343, 14.192563222951543, 0.0521481, 0.0173727, 0.0833328, 0.14041, -0.423484, -0.343285
0.055771589279174805, 54.30429255597757, 14.767242566159211, -8.101588818509434, -13.746968094179984, 10.157185640882343, 14.192563222951543, 0.05165, 0.0149565, 0.0842775, 0.127056, -0.426371, -0.344454
0.05628466606140137, 54.30429255597757, 14.767242566159211, -8.101588818509434, -13.746968094179984, 10.157185640882343, 14.192563222951543, 0.05165, 0.0149565, 0.0842775, 0.127056, -0.426371, -0.344454
0.07261276245117188, 54.30429255597757, 14.767242566159211, -8.101588818509434, -13.746968094179984, 10.157185640882343, 14.192563222951543, 0.0495836, 0.0141756, 0.0791961, 0.140474, -0.394244, -0.39942
0.07310080528259277, 54.30429255597757, 14.767242566159211, -8.101588818509434, -13.746968094179984, 10.157185640882343, 14.192563222951543, 0.0495836, 0.0141756, 0.0791961, 0.140474, -0.394244, -0.39942
0.08919692039489746, 54.30429255597757, 14.767242566159211, -8.101588818509434, -13.746968094179984, 10.157185640882343, 14.192563222951543, 0.0492627, 0.0150222, 0.0782351, 0.12725, -0.396475, -0.342302
0.08969259262084961, 54.30429255597757, 14.767242566159211, -8.101588818509434, -13.746968094179984, 10.157185640882343, 14.192563222951543, 0.0492627, 0.0150222, 0.0782351, 0.12725, -0.396475, -0.342302
0.10604453086853027, 54.30429255597757, 14.767242566159211, -8.101588818509434, -13.746968094179984, 10.157185640882343, 14.192563222951543, 0.0500835, 0.0147309, 0.0795241, 0.133986, -0.400398, -0.368363
0.10655331611633301, 54.30429255597757, 14.767242566159211, -8.101588818509434, -13.746968094179984, 10.157185640882343, 14.192563222951543, 0.0500835, 0.0147309, 0.0795241, 0.133986, -0.400398, -0.368363
0.1391448974609375, 54.30429255597757, 14.767242566159211, -8.101588818509434, -13.746968094179984, 10.157185640882343, 14.192563222951543, 0.0492405, 0.0146929, 0.0783598, 0.127341, -0.39608, -0.351034
0.13964271545410156, 54.30429255597757, 14.767242566159211, -8.101588818509434, -13.746968094179984, 10.157185640882343, 14.192563222951543, 0.0492405, 0.0146929, 0.0783598, 0.127341, -0.39608, -0.351034
0.1559145450592041, 54.30429255597757, 14.767242566159211, -8.101588818509434, -13.746968094179984, 10.157185640882343, 14.192563222951543, 0.0462906, 0.0134092, 0.0713833, 0.127336, -0.358144, -0.36623
0.15644216537475586, 54.30429255597757, 14.767242566159211, -8.101588818509434, -13.746968094179984, 10.157185640882343, 14.192563222951543, 0.0462906, 0.0134092, 0.0713833, 0.127336, -0.358144, -0.36623
0.17264366149902344, 54.30429255597757, 14.767242566159211, -8.101588818509434, -13.746968094179984, 10.157185640882343, 14.192563222951543, 0.0470447, 0.0189137, 0.0725908, 0.153091, -0.36238, -0.367718
0.17315173149108887, 54.30429255597757, 14.767242566159211, -8.101588818509434, -13.746968094179984, 10.157185640882343, 14.192563222951543, 0.0470447, 0.0189137, 0.0725908, 0.153091, -0.36238, -0.367718
0.18912553787231445, 54.30429255597757, 14.767242566159211, -8.101588818509434, -13.746968094179984, 10.157185640882343, 14.192563222951543, 0.0540282, 0.0154424, 0.0876557, 0.147618, -0.435718, -0.422037
0.18962621688842773, 54.30429255597757, 14.767242566159211, -8.101588818509434, -13.746968094179984, 10.157185640882343, 14.192563222951543, 0.0540282, 0.0154424, 0.0876557, 0.147618, -0.435718, -0.422037
0.22305893898010254, 54.30429255597757, 14.767242566159211, -8.101588818509434, -13.746968094179984, 10.157185640882343, 14.192563222951543, 0.0479053, 0.0144583, 0.0779153, 0.11467, -0.402058, -0.313176
0.2235555648803711, 54.30429255597757, 14.767242566159211, -8.101588818509434, -13.746968094179984, 10.157185640882343, 14.192563222951543, 0.0479053, 0.0144583, 0.0779153, 0.11467, -0.402058, -0.313176
0.2556939125061035, 54.30429255597757, 14.767242566159211, -8.101588818509434, -13.746968094179984, 10.157185640882343, 14.192563222951543, 0.0464954, 0.0185475, 0.0726526, 0.145244, -0.35489, -0.364471
0.2561779022216797, 54.30429255597757, 14.767242566159211, -8.101588818509434, -13.746968094179984, 10.157185640882343, 14.192563222951543, 0.0464954, 0.0185475, 0.0726526, 0.145244, -0.35489, -0.364471
0.27249717712402344, 54.30429255597757, 14.767242566159211, -8.101588818509434, -13.746968094179984, 10.157185640882343, 14.192563222951543, 0.0510898, 0.0181457, 0.0810837, 0.14669, -0.408448, -0.356159
0.2729778289794922, 54.30429255597757, 14.767242566159211, -8.101588818509434, -13.746968094179984, 10.157185640882343, 14.192563222951543, 0.0510898, 0.0181457, 0.0810837, 0.14669, -0.408448, -0.356159
0.28902459144592285, 54.30429255597757, 14.767242566159211, -8.101588818509434, -13.746968094179984, 10.157185640882343, 14.192563222951543, 0.0496182, 0.0160475, 0.0808249, 0.133754, -0.407335, -0.357565
0.28951525688171387, 54.30429255597757, 14.767242566159211, -8.101588818509434, -13.746968094179984, 10.157185640882343, 14.192563222951543, 0.0496182, 0.0160475, 0.0808249, 0.133754, -0.407335, -0.357565
0.3063547611236572, 54.30429255597757, 14.767242566159211, -8.101588818509434, -13.746968094179984, 10.157185640882343, 14.192563222951543, 0.0499029, 0.0192694, 0.0809689, 0.146282, -0.406443, -0.349518
0.30684828758239746, 54.30429255597757, 14.767242566159211, -8.101588818509434, -13.746968094179984, 10.157185640882343, 14.192563222951543, 0.0499029, 0.0192694, 0.0809689, 0.146282, -0.406443, -0.349518
0.3396146297454834, 54.30429255597757, 14.767242566159211, -8.101588818509434, -13.746968094179984, 10.157185640882343, 14.192563222951543, 0.0476624, 0.0203478, 0.0754567, 0.165265, -0.372096, -0.379291
0.34009742736816406, 54.30429255597757, 14.767242566159211, -8.101588818509434, -13.746968094179984, 10.157185640882343, 14.192563222951543, 0.0476624, 0.0203478, 0.0754567, 0.165265, -0.372096, -0.379291
0.3561818599700928, 54.30429255597757, 14.767242566159211, -8.101588818509434, -13.746968094179984, 10.157185640882343, 14.192563222951543, 0.0494155, 0.0174796, 0.078142, 0.127044, -0.396407, -0.320376
0.3566718101501465, 54.30429255597757, 14.767242566159211, -8.101588818509434, -13.746968094179984, 10.157185640882343, 14.192563222951543, 0.0494155, 0.0174796, 0.078142, 0.127044, -0.396407, -0.320376
0.3724486827850342, 54.30429255597757, 14.767242566159211, -8.101588818509434, -13.746968094179984, 10.157185640882343, 14.192563222951543, 0.0502537, 0.0237456, 0.0772369, 0.147407, -0.402161, -0.280043
0.3729393482208252, 54.30429255597757, 14.767242566159211, -8.101588818509434, -13.746968094179984, 10.157185640882343, 14.192563222951543, 0.0502537, 0.0237456, 0.0772369, 0.147407, -0.402161, -0.280043
0.3889658451080322, 54.30429255597757, 14.767242566159211, -8.101588818509434, -13.746968094179984, 10.157185640882343, 14.192563222951543, 0.0489424, 0.016231, 0.0798679, 0.126011, -0.399466, -0.331982
0.3894538879394531, 54.30429255597757, 14.767242566159211, -8.101588818509434, -13.746968094179984, 10.157185640882343, 14.192563222951543, 0.0489424, 0.016231, 0.0798679, 0.126011, -0.399466, -0.331982
0.4057929515838623, 54.30429255597757, 14.767242566159211, -8.101588818509434, -13.746968094179984, 10.157185640882343, 14.192563222951543, 0.0515385, 0.0216723, 0.0838805, 0.158714, -0.417134, -0.354957
0.40627503395080566, 54.30429255597757, 14.767242566159211, -8.101588818509434, -13.746968094179984, 10.157185640882343, 14.192563222951543, 0.0515385, 0.0216723, 0.0838805, 0.158714, -0.417134, -0.354957
0.4236180782318115, 54.30429255597757, 14.767242566159211, -8.101588818509434, -13.746968094179984, 10.157185640882343, 14.192563222951543, 0.0466174, 0.0133793, 0.0726296, 0.120708, -0.364111, -0.357929
0.4241001605987549, 54.30429255597757, 14.767242566159211, -8.101588818509434, -13.746968094179984, 10.157185640882343, 14.192563222951543, 0.0466174, 0.0133793, 0.0726296, 0.120708, -0.364111, -0.357929
0.4557375907897949, 54.30429255597757, 14.767242566159211, -8.101588818509434, -13.746968094179984, 10.157185640882343, 14.192563222951543, 0.0518472, 0.0199283, 0.084836, 0.13276, -0.430764, -0.29787
0.4562227725982666, 54.30429255597757, 14.767242566159211, -8.101588818509434, -13.746968094179984, 10.157185640882343, 14.192563222951543, 0.0518472, 0.0199283, 0.084836, 0.13276, -0.430764, -0.29787
0.47238588333129883, 54.30429255597757, 14.767242566159211, -8.101588818509434, -13.746968094179984, 10.157185640882343, 14.192563222951543, 0.0503242, 0.0191499, 0.0808184, 0.152787, -0.402388, -0.370586
0.4728691577911377, 54.30429255597757, 14.767242566159211, -8.101588818509434, -13.746968094179984, 10.157185640882343, 14.192563222951543, 0.0503242, 0.0191499, 0.0808184, 0.152787, -0.402388, -0.370586
0.48907017707824707, 54.30429255597757, 14.767242566159211, -8.101588818509434, -13.746968094179984, 10.157185640882343, 14.192563222951543, 0.0513704, 0.0245233, 0.0814157, 0.166373, -0.414838, -0.32683
0.4895639419555664, 54.30429255597757, 14.767242566159211, -8.101588818509434, -13.746968094179984, 10.157185640882343, 14.192563222951543, 0.0513704, 0.0245233, 0.0814157, 0.166373, -0.414838, -0.32683
0.5057287216186523, 54.30429255597757, 14.767242566159211, -8.101588818509434, -13.746968094179984, 10.157185640882343, 14.192563222951543, 0.0510719, 0.0223499, 0.0811219, 0.152861, -0.410881, -0.322166
0.5062127113342285, 54.30429255597757, 14.767242566159211, -8.101588818509434, -13.746968094179984, 10.157185640882343, 14.192563222951543, 0.0510719, 0.0223499, 0.0811219, 0.152861, -0.410881, -0.322166
0.5391659736633301, 54.30429255597757, 14.767242566159211, -8.101588818509434, -13.746968094179984, 10.157185640882343, 14.192563222951543, 0.0476009, 0.0213931, 0.0729573, 0.146156, -0.369591, -0.31088
0.5396595001220703, 54.30429255597757, 14.767242566159211, -8.101588818509434, -13.746968094179984, 10.157185640882343, 14.192563222951543, 0.0476009, 0.0213931, 0.0729573, 0.146156, -0.369591, -0.31088
0.5558943748474121, 54.30429255597757, 14.767242566159211, -8.101588818509434, -13.746968094179984, 10.157185640882343, 14.192563222951543, 0.050976, 0.0168885, 0.0826102, 0.139967, -0.414182, -0.361885
0.556408166885376, 54.30429255597757, 14.767242566159211, -8.101588818509434, -13.746968094179984, 10.157185640882343, 14.192563222951543, 0.050976, 0.0168885, 0.0826102, 0.139967, -0.414182, -0.361885
0.573030948638916, 54.30429255597757, 14.767242566159211, -8.101588818509434, -13.746968094179984, 10.157185640882343, 14.192563222951543, 0.0506464, 0.017936, 0.081359, 0.140275, -0.412109, -0.343823
0.5735280513763428, 54.30429255597757, 14.767242566159211, -8.101588818509434, -13.746968094179984, 10.157185640882343, 14.192563222951543, 0.0506464, 0.017936, 0.081359, 0.140275, -0.412109, -0.343823
0.589160680770874, 54.30429255597757, 14.767242566159211, -8.101588818509434, -13.746968094179984, 10.157185640882343, 14.192563222951543, 0.0518085, 0.021212, 0.0833952, 0.146636, -0.424955, -0.318443
0.5896613597869873, 54.30429255597757, 14.767242566159211, -8.101588818509434, -13.746968094179984, 10.157185640882343, 14.192563222951543, 0.0518085, 0.021212, 0.0833952, 0.146636, -0.424955, -0.318443
0.6062021255493164, 54.30429255597757, 14.767242566159211, -8.101588818509434, -13.746968094179984, 10.157185640882343, 14.192563222951543, 0.050716, 0.0203902, 0.0809827, 0.153271, -0.409257, -0.348366
0.6066980361938477, 54.30429255597757, 14.767242566159211, -8.101588818509434, -13.746968094179984, 10.157185640882343, 14.192563222951543, 0.050716, 0.0203902, 0.0809827, 0.153271, -0.409257, -0.348366
0.6395061016082764, 54.30429255597757, 14.767242566159211, -8.101588818509434, -13.746968094179984, 10.157185640882343, 14.192563222951543, 0.0488479, 0.0257928, 0.0754749, 0.159113, -0.384717, -0.290478
0.6399919986724854, 54.30429255597757, 14.767242566159211, -8.101588818509434, -13.746968094179984, 10.157185640882343, 14.192563222951543, 0.0488479, 0.0257928, 0.0754749, 0.159113, -0.384717, -0.290478
0.6555500030517578, 54.30429255597757, 14.767242566159211, -8.101588818509434, -13.746968094179984, 10.157185640882343, 14.192563222951543, 0.0501549, 0.0153242, 0.0804203, 0.12714, -0.406587, -0.343018
0.656036376953125, 54.30429255597757, 14.767242566159211, -8.101588818509434, -13.746968094179984, 10.157185640882343, 14.192563222951543, 0.0501549, 0.0153242, 0.0804203, 0.12714, -0.406587, -0.343018
0.6724812984466553, 54.30429255597757, 14.767242566159211, -8.101588818509434, -13.746968094179984, 10.157185640882343, 14.192563222951543, 0.0507175, 0.0166736, 0.0813542, 0.127337, -0.414626, -0.32567
0.6729679107666016, 54.30429255597757, 14.767242566159211, -8.101588818509434, -13.746968094179984, 10.157185640882343, 14.192563222951543, 0.0507175, 0.0166736, 0.0813542, 0.127337, -0.414626, -0.32567
0.6890347003936768, 54.30429255597757, 14.767242566159211, -8.101588818509434, -13.746968094179984, 10.157185640882343, 14.192563222951543, 0.0447725, 0.0239319, 0.0640294, 0.153675, -0.3298, -0.297945
0.6895263195037842, 54.30429255597757, 14.767242566159211, -8.101588818509434, -13.746968094179984, 10.157185640882343, 14.192563222951543, 0.0447725, 0.0239319, 0.0640294, 0.153675, -0.3298, -0.297945
0.7057862281799316, 54.30429255597757, 14.767242566159211, -8.101588818509434, -13.746968094179984, 10.157185640882343, 14.192563222951543, 0.0501549, 0.0153242, 0.0804203, 0.12714, -0.406587, -0.343018
0.7062692642211914, 54.30429255597757, 14.767242566159211, -8.101588818509434, -13.746968094179984, 10.157185640882343, 14.192563222951543, 0.0501549, 0.0153242, 0.0804203, 0.12714, -0.406587, -0.343018
0.7240605354309082, 54.30429255597757, 14.767242566159211, -8.101588818509434, -13.746968094179984, 10.157185640882343, 14.192563222951543, 0.0481151, 0.0194061, 0.0751279, 0.146547, -0.377683, -0.346528
0.7245633602142334, 54.30429255597757, 14.767242566159211, -8.101588818509434, -13.746968094179984, 10.157185640882343, 14.192563222951543, 0.0481151, 0.0194061, 0.0751279, 0.146547, -0.377683, -0.346528
0.7429835796356201, 54.30429255597757, 14.767242566159211, -8.101588818509434, -13.746968094179984, 10.157185640882343, 14.192563222951543, 0.0474413, 0.0139262, 0.0748246, 0.139856, -0.367813, -0.403159
0.7434728145599365, 54.30429255597757, 14.767242566159211, -8.101588818509434, -13.746968094179984, 10.157185640882343, 14.192563222951543, 0.0474413, 0.0139262, 0.0748246, 0.139856, -0.367813, -0.403159
0.772813081741333, 54.30429255597757, 14.767242566159211, -8.101588818509434, -13.746968094179984, 10.157185640882343, 14.192563222951543, 0.0565681, 0.0189768, 0.0942861, 0.134102, -0.484703, -0.311894
0.7732994556427002, 54.30429255597757, 14.767242566159211, -8.101588818509434, -13.746968094179984, 10.157185640882343, 14.192563222951543, 0.0565681, 0.0189768, 0.0942861, 0.134102, -0.484703, -0.311894
0.7897322177886963, 54.30429255597757, 14.767242566159211, -8.101588818509434, -13.746968094179984, 10.157185640882343, 14.192563222951543, 0.0500095, 0.0170107, 0.0795238, 0.140603, -0.401775, -0.360152
0.7902231216430664, 54.30429255597757, 14.767242566159211, -8.101588818509434, -13.746968094179984, 10.157185640882343, 14.192563222951543, 0.0500095, 0.0170107, 0.0795238, 0.140603, -0.401775, -0.360152
0.8063242435455322, 54.30429255597757, 14.767242566159211, -8.101588818509434, -13.746968094179984, 10.157185640882343, 14.192563222951543, 0.0512721, 0.0210138, 0.0804484, 0.140245, -0.412797, -0.298723
0.8068211078643799, 54.30429255597757, 14.767242566159211, -8.101588818509434, -13.746968094179984, 10.157185640882343, 14.192563222951543, 0.0512721, 0.0210138, 0.0804484, 0.140245, -0.412797, -0.298723
0.8390624523162842, 54.30429255597757, 14.767242566159211, -8.101588818509434, -13.746968094179984, 10.157185640882343, 14.192563222951543, -0.0149393, 0.0407578, -0.0491503, 0.184456, 0.404516, -0.129024
0.8395545482635498, 54.30429255597757, 14.767242566159211, -8.101588818509434, -13.746968094179984, 10.157185640882343, 14.192563222951543, -0.0149393, 0.0407578, -0.0491503, 0.184456, 0.404516, -0.129024
0.8558833599090576, 54.30429255597757, 14.767242566159211, -8.101588818509434, -13.746968094179984, 10.157185640882343, 14.192563222951543, 0.068748, 0.0339518, 0.11019, 0.237873, -0.593634, -0.509589
0.856393575668335, 54.30429255597757, 14.767242566159211, -8.101588818509434, -13.746968094179984, 10.157185640882343, 14.192563222951543, 0.068748, 0.0339518, 0.11019, 0.237873, -0.593634, -0.509589
0.8732028007507324, 54.30429255597757, 14.767242566159211, -8.101588818509434, -13.746968094179984, 10.157185640882343, 14.192563222951543, 0.0865106, 0.0204704, 0.166943, 0.252879, -0.846555, -0.699851
0.873746395111084, 54.30429255597757, 14.767242566159211, -8.101588818509434, -13.746968094179984, 10.157185640882343, 14.192563222951543, 0.0865106, 0.0204704, 0.166943, 0.252879, -0.846555, -0.699851
0.8897697925567627, 54.30429255597757, 14.767242566159211, -8.101588818509434, -13.746968094179984, 10.157185640882343, 14.192563222951543, 0.0546211, -0.010905, 0.111001, 0.227553, -0.483292, -0.476517
0.8902716636657715, 54.30429255597757, 14.767242566159211, -8.101588818509434, -13.746968094179984, 10.157185640882343, 14.192563222951543, 0.0546211, -0.010905, 0.111001, 0.227553, -0.483292, -0.476517
0.9057431221008301, 54.30429255597757, 14.767242566159211, -8.101588818509434, -13.746968094179984, 10.157185640882343, 14.192563222951543, 0.0274909, 0.0786688, 0.0353505, 0.58629, -0.100997, 0.512929
0.9062302112579346, 54.30429255597757, 14.767242566159211, -8.101588818509434, -13.746968094179984, 10.157185640882343, 14.192563222951543, 0.0274909, 0.0786688, 0.0353505, 0.58629, -0.100997, 0.512929
0.9394183158874512, 54.30429255597757, 14.767242566159211, -8.101588818509434, -13.746968094179984, 10.157185640882343, 14.192563222951543, 0.0055193, 0.0534445, -0.0119607, 0.863256, 0.113717, 2.2379
0.9399182796478271, 54.30429255597757, 14.767242566159211, -8.101588818509434, -13.746968094179984, 10.157185640882343, 14.192563222951543, 0.0055193, 0.0534445, -0.0119607, 0.863256, 0.113717, 2.2379
0.9558227062225342, 54.30429255597757, 14.767242566159211, -8.101588818509434, -13.746968094179984, 10.157185640882343, 14.192563222951543, -0.0373091, 0.068927, -0.0984593, 0.933217, 0.647768, 2.77114
0.9563090801239014, 54.30429255597757, 14.767242566159211, -8.101588818509434, -13.746968094179984, 10.157185640882343, 14.192563222951543, -0.0373091, 0.068927, -0.0984593, 0.933217, 0.647768, 2.77114
0.9726192951202393, 54.30429255597757, 14.767242566159211, -8.101588818509434, -13.746968094179984, 10.157185640882343, 14.192563222951543, -0.0388532, 0.0149317, -0.126631, 0.779109, 0.671329, 3.00032
0.9731197357177734, 54.30429255597757, 14.767242566159211, -8.101588818509434, -13.746968094179984, 10.157185640882343, 14.192563222951543, -0.0388532, 0.0149317, -0.126631, 0.779109, 0.671329, 3.00032
0.98907470703125, 54.30429255597757, 14.767242566159211, -8.101588818509434, -13.746968094179984, 10.157185640882343, 14.192563222951543, -0.00956063, -0.0803312, -0.078804, 0.424858, 0.292177, 3.23806
0.9895763397216797, 54.30429255597757, 14.767242566159211, -8.101588818509434, -13.746968094179984, 10.157185640882343, 14.192563222951543, -0.00956063, -0.0803312, -0.078804, 0.424858, 0.292177, 3.23806
1.00620698928833, 54.30429255597757, 14.767242566159211, -8.101588818509434, -13.746968094179984, 10.157185640882343, 14.192563222951543, -0.00929703, -0.0477109, -0.0790436, 0.481696, 0.298661, 3.37813
1.0067126750946045, 54.30429255597757, 14.767242566159211, -8.101588818509434, -13.746968094179984, 10.157185640882343, 14.192563222951543, -0.00929703, -0.0477109, -0.0790436, 0.481696, 0.298661, 3.37813
1.0233604907989502, 54.30429255597757, 14.767242566159211, -8.101588818509434, -13.746968094179984, 10.157185640882343, 14.192563222951543, 0.0168845, 0.0583476, -0.0320623, 0.912183, 0.123775, 2.73567
1.0238854885101318, 54.30429255597757, 14.767242566159211, -8.101588818509434, -13.746968094179984, 10.157185640882343, 14.192563222951543, 0.0168845, 0.0583476, -0.0320623, 0.912183, 0.123775, 2.73567
1.0560076236724854, 54.30429255597757, 14.767242566159211, -8.101588818509434, -13.746968094179984, 10.157185640882343, 14.192563222951543, 0.0192868, 0.0476992, -0.0408419, 0.78939, 0.172138, 2.38
1.0565035343170166, 54.30429255597757, 14.767242566159211, -8.101588818509434, -13.746968094179984, 10.157185640882343, 14.192563222951543, 0.0192868, 0.0476992, -0.0408419, 0.78939, 0.172138, 2.38
1.0726919174194336, 54.30429255597757, 14.767242566159211, -8.101588818509434, -13.746968094179984, 10.157185640882343, 14.192563222951543, 0.0271793, 0.0565758, -0.0449373, 0.90246, 0.231627, 2.39793
1.0731947422027588, 54.30429255597757, 14.767242566159211, -8.101588818509434, -13.746968094179984, 10.157185640882343, 14.192563222951543, 0.0271793, 0.0565758, -0.0449373, 0.90246, 0.231627, 2.39793
1.0896821022033691, 54.30429255597757, 14.767242566159211, -8.101588818509434, -13.746968094179984, 10.157185640882343, 14.192563222951543, 0.0430106, 0.072126, -0.0217474, 1.03747, 0.150696, 2.21178
1.090167760848999, 54.30429255597757, 14.767242566159211, -8.101588818509434, -13.746968094179984, 10.157185640882343, 14.192563222951543, 0.0430106, 0.072126, -0.0217474, 1.03747, 0.150696, 2.21178
1.1062326431274414, 54.30429255597757, 14.767242566159211, -8.101588818509434, -13.746968094179984, 10.157185640882343, 14.192563222951543, 0.0253076, 0.0722116, -0.0639778, 0.996797, 0.379637, 2.40398
1.1067321300506592, 54.30429255597757, 14.767242566159211, -8.101588818509434, -13.746968094179984, 10.157185640882343, 14.192563222951543, 0.0253076, 0.0722116, -0.0639778, 0.996797, 0.379637, 2.40398
1.1393935680389404, 54.30429255597757, 14.767242566159211, -8.101588818509434, -13.746968094179984, 10.157185640882343, 14.192563222951543, 0.0420262, 0.176113, -0.0412776, 1.50296, 0.329255, 2.00601
1.1398899555206299, 54.30429255597757, 14.767242566159211, -8.101588818509434, -13.746968094179984, 10.157185640882343, 14.192563222951543, 0.0420262, 0.176113, -0.0412776, 1.50296, 0.329255, 2.00601
1.155839204788208, 54.30429255597757, 14.767242566159211, -8.101588818509434, -13.746968094179984, 10.157185640882343, 14.192563222951543, 0.0290319, 0.153508, -0.067609, 1.3592, 0.441984, 2.16052
1.1563224792480469, 54.30429255597757, 14.767242566159211, -8.101588818509434, -13.746968094179984, 10.157185640882343, 14.192563222951543, 0.0290319, 0.153508, -0.067609, 1.3592, 0.441984, 2.16052
1.172459602355957, 54.30429255597757, 14.767242566159211, -8.101588818509434, -13.746968094179984, 10.157185640882343, 14.192563222951543, 0.0397654, 0.110159, -0.0532224, 1.23141, 0.286855, 2.0737
1.1729581356048584, 54.30429255597757, 14.767242566159211, -8.101588818509434, -13.746968094179984, 10.157185640882343, 14.192563222951543, 0.0397654, 0.110159, -0.0532224, 1.23141, 0.286855, 2.0737
1.189140796661377, 54.30429255597757, 14.767242566159211, -8.101588818509434, -13.746968094179984, 10.157185640882343, 14.192563222951543, 0.0434058, 0.0907914, -0.067702, 1.10851, 0.2687, 2.37513
1.1896507740020752, 54.30429255597757, 14.767242566159211, -8.101588818509434, -13.746968094179984, 10.157185640882343, 14.192563222951543, 0.0434058, 0.0907914, -0.067702, 1.10851, 0.2687, 2.37513
1.2058022022247314, 54.30429255597757, 14.767242566159211, -8.101588818509434, -13.746968094179984, 10.157185640882343, 14.192563222951543, 0.0528879, 0.0950982, -0.0578391, 1.13563, 0.198474, 2.44001
1.206286907196045, 54.30429255597757, 14.767242566159211, -8.101588818509434, -13.746968094179984, 10.157185640882343, 14.192563222951543, 0.0528879, 0.0950982, -0.0578391, 1.13563, 0.198474, 2.44001
1.2391908168792725, 54.30429255597757, 14.767242566159211, -8.101588818509434, -13.746968094179984, 10.157185640882343, 14.192563222951543, 0.0663092, 0.144069, -0.0618722, 1.27808, 0.111467, 2.48468
1.2397181987762451, 54.30429255597757, 14.767242566159211, -8.101588818509434, -13.746968094179984, 10.157185640882343, 14.192563222951543, 0.0663092, 0.144069, -0.0618722, 1.27808, 0.111467, 2.48468
1.2564456462860107, 54.30429255597757, 14.767242566159211, -8.101588818509434, -13.746968094179984, 10.157185640882343, 14.192563222951543, 0.0878566, 0.233896, -0.0347751, 1.60968, -0.0746897, 2.39137
1.2569866180419922, 54.30429255597757, 14.767242566159211, -8.101588818509434, -13.746968094179984, 10.157185640882343, 14.192563222951543, 0.0878566, 0.233896, -0.0347751, 1.60968, -0.0746897, 2.39137
1.272979974746704, 54.30429255597757, 14.767242566159211, -8.101588818509434, -13.746968094179984, 10.157185640882343, 14.192563222951543, 0.0920199, 0.278712, -0.02002, 1.82294, -0.0906748, 2.01384
1.2735178470611572, 54.30429255597757, 14.767242566159211, -8.101588818509434, -13.746968094179984, 10.157185640882343, 14.192563222951543, 0.0920199, 0.278712, -0.02002, 1.82294, -0.0906748, 2.01384
1.2890841960906982, 54.30429255597757, 14.767242566159211, -8.101588818509434, -13.746968094179984, 10.157185640882343, 14.192563222951543, 0.0840293, 0.277528, -0.031006, 1.7916, -0.0269782, 1.97993
1.2895874977111816, 54.30429255597757, 14.767242566159211, -8.101588818509434, -13.746968094179984, 10.157185640882343, 14.192563222951543, 0.0840293, 0.277528, -0.031006, 1.7916, -0.0269782, 1.97993
1.3058445453643799, 54.30429255597757, 14.767242566159211, -8.101588818509434, -13.746968094179984, 10.157185640882343, 14.192563222951543, 0.08208, 0.272115, -0.0314978, 1.82728, 0.00915363, 1.83105
1.306335210800171, 54.30429255597757, 14.767242566159211, -8.101588818509434, -13.746968094179984, 10.157185640882343, 14.192563222951543, 0.08208, 0.272115, -0.0314978, 1.82728, 0.00915363, 1.83105
1.323103666305542, 54.30429255597757, 14.767242566159211, -8.101588818509434, -13.746968094179984, 10.157185640882343, 14.192563222951543, 0.0716727, 0.199854, -0.0387389, 1.49489, 0.0599911, 2.0473
1.3236024379730225, 54.30429255597757, 14.767242566159211, -8.101588818509434, -13.746968094179984, 10.157185640882343, 14.192563222951543, 0.0716727, 0.199854, -0.0387389, 1.49489, 0.0599911, 2.0473
1.356332778930664, 54.30429255597757, 14.767242566159211, -8.101588818509434, -13.746968094179984, 10.157185640882343, 14.192563222951543, 0.0505019, 0.219474, -0.0831438, 1.5501, 0.348778, 2.35249
1.356821060180664, 54.30429255597757, 14.767242566159211, -8.101588818509434, -13.746968094179984, 10.157185640882343, 14.192563222951543, 0.0505019, 0.219474, -0.0831438, 1.5501, 0.348778, 2.35249
1.3731193542480469, 54.30429255597757, 14.767242566159211, -8.101588818509434, -13.746968094179984, 10.157185640882343, 14.192563222951543, 0.0577819, 0.285707, -0.0697844, 1.81967, 0.320519, 2.17553
1.3737192153930664, 54.30429255597757, 14.767242566159211, -8.101588818509434, -13.746968094179984, 10.157185640882343, 14.192563222951543, 0.0577819, 0.285707, -0.0697844, 1.81967, 0.320519, 2.17553
1.3907957077026367, 54.30429255597757, 14.767242566159211, -8.101588818509434, -13.746968094179984, 10.157185640882343, 14.192563222951543, 0.0767647, 0.319524, -0.045525, 1.97631, 0.160439, 2.1947
1.3913962841033936, 54.30429255597757, 14.767242566159211, -8.101588818509434, -13.746968094179984, 10.157185640882343, 14.192563222951543, 0.0767647, 0.319524, -0.045525, 1.97631, 0.160439, 2.1947
1.408437967300415, 54.30429255597757, 14.767242566159211, -8.101588818509434, -13.746968094179984, 10.157185640882343, 14.192563222951543, 0.073053, 0.322194, -0.0475749, 2.05597, 0.235995, 1.93829
1.4090051651000977, 54.30429255597757, 14.767242566159211, -8.101588818509434, -13.746968094179984, 10.157185640882343, 14.192563222951543, 0.073053, 0.322194, -0.0475749, 2.05597, 0.235995, 1.93829
1.4265763759613037, 54.30429255597757, 14.767242566159211, -8.101588818509434, -13.746968094179984, 10.157185640882343, 14.192563222951543, 0.0477149, 0.392181, -0.112995, 2.22786, 0.565361, 2.56057
1.4271528720855713, 54.30429255597757, 14.767242566159211, -8.101588818509434, -13.746968094179984, 10.157185640882343, 14.192563222951543, 0.0477149, 0.392181, -0.112995, 2.22786, 0.565361, 2.56057
1.4445304870605469, 54.30429255597757, 14.767242566159211, -8.101588818509434, -13.746968094179984, 10.157185640882343, 14.192563222951543, 0.114063, 0.462892, -0.0241376, 2.60616, -0.0680223, 2.13453
1.445016622543335, 54.30429255597757, 14.767242566159211, -8.101588818509434, -13.746968094179984, 10.157185640882343, 14.192563222951543, 0.114063, 0.462892, -0.0241376, 2.60616, -0.0680223, 2.13453
1.472665786743164, 54.30429255597757, 14.767242566159211, -8.101588818509434, -13.746968094179984, 10.157185640882343, 14.192563222951543, 0.113164, 0.558057, -0.0364077, 3.05146, 0.110036, 1.89764
1.4731674194335938, 54.30429255597757, 14.767242566159211, -8.101588818509434, -13.746968094179984, 10.157185640882343, 14.192563222951543, 0.113164, 0.558057, -0.0364077, 3.05146, 0.110036, 1.89764
1.4892144203186035, 54.30429255597757, 14.767242566159211, -8.101588818509434, -13.746968094179984, 10.157185640882343, 14.192563222951543, 0.119695, 0.615713, -0.0200438, 3.23178, 0.0696392, 2.01303
1.4897239208221436, 54.30429255597757, 14.767242566159211, -8.101588818509434, -13.746968094179984, 10.157185640882343, 14.192563222951543, 0.119695, 0.615713, -0.0200438, 3.23178, 0.0696392, 2.01303
1.5059194564819336, 54.30429255597757, 14.767242566159211, -8.101588818509434, -13.746968094179984, 10.157185640882343, 14.192563222951543, 0.126312, 0.699247, -0.0100698, 3.75456, 0.117024, 1.38793
1.5064167976379395, 54.30429255597757, 14.767242566159211, -8.101588818509434, -13.746968094179984, 10.157185640882343, 14.192563222951543, 0.126312, 0.699247, -0.0100698, 3.75456, 0.117024, 1.38793
1.5393633842468262, 54.30429255597757, 14.767242566159211, -8.101588818509434, -13.746968094179984, 10.157185640882343, 14.192563222951543, 0.0780831, 0.512001, -0.0496448, 2.94688, 0.336366, 1.59082
1.5398681163787842, 54.30429255597757, 14.767242566159211, -8.101588818509434, -13.746968094179984, 10.157185640882343, 14.192563222951543, 0.0780831, 0.512001, -0.0496448, 2.94688, 0.336366, 1.59082
1.555609941482544, 54.30429255597757, 14.767242566159211, -8.101588818509434, -13.746968094179984, 10.157185640882343, 14.192563222951543, 0.0715785, 0.47641, -0.0564339, 2.76033, 0.324248, 1.8998
1.5560965538024902, 54.30429255597757, 14.767242566159211, -8.101588818509434, -13.746968094179984, 10.157185640882343, 14.192563222951543, 0.0715785, 0.47641, -0.0564339, 2.76033, 0.324248, 1.8998
1.5724189281463623, 54.30429255597757, 14.767242566159211, -8.101588818509434, -13.746968094179984, 10.157185640882343, 14.192563222951543, 0.0560353, 0.432861, -0.0775684, 2.57638, 0.422816, 1.7911
1.57289719581604, 54.30429255597757, 14.767242566159211, -8.101588818509434, -13.746968094179984, 10.157185640882343, 14.192563222951543, 0.0560353, 0.432861, -0.0775684, 2.57638, 0.422816, 1.7911
1.588914394378662, 54.30429255597757, 14.767242566159211, -8.101588818509434, -13.746968094179984, 10.157185640882343, 14.192563222951543, 0.0491492, 0.496608, -0.102357, 2.74074, 0.498962, 2.15456
1.5894126892089844, 54.30429255597757, 14.767242566159211, -8.101588818509434, -13.746968094179984, 10.157185640882343, 14.192563222951543, 0.0491492, 0.496608, -0.102357, 2.74074, 0.498962, 2.15456
1.6064848899841309, 54.30429255597757, 14.767242566159211, -8.101588818509434, -13.746968094179984, 10.157185640882343, 14.192563222951543, 0.055052, 0.57232, -0.0722869, 3.09291, 0.37686, 2.26799
1.6069703102111816, 54.30429255597757, 14.767242566159211, -8.101588818509434, -13.746968094179984, 10.157185640882343, 14.192563222951543, 0.055052, 0.57232, -0.0722869, 3.09291, 0.37686, 2.26799
1.6394574642181396, 54.30429255597757, 14.767242566159211, -8.101588818509434, -13.746968094179984, 10.157185640882343, 14.192563222951543, 0.0448257, 0.541615, -0.0527987, 3.01429, 0.369215, 1.59817
1.6399471759796143, 54.30429255597757, 14.767242566159211, -8.101588818509434, -13.746968094179984, 10.157185640882343, 14.192563222951543, 0.0448257, 0.541615, -0.0527987, 3.01429, 0.369215, 1.59817
1.6563177108764648, 54.30429255597757, 14.767242566159211, -8.101588818509434, -13.746968094179984, 10.157185640882343, 14.192563222951543, 0.0153516, 0.568644, -0.107585, 3.12834, 0.643859, 1.69928
1.6568169593811035, 54.30429255597757, 14.767242566159211, -8.101588818509434, -13.746968094179984, 10.157185640882343, 14.192563222951543, 0.0153516, 0.568644, -0.107585, 3.12834, 0.643859, 1.69928
1.6729145050048828, 54.30429255597757, 14.767242566159211, -8.101588818509434, -13.746968094179984, 10.157185640882343, 14.192563222951543, 0.0188119, 0.565988, -0.11041, 3.12584, 0.586855, 1.4741
1.673410415649414, 54.30429255597757, 14.767242566159211, -8.101588818509434, -13.746968094179984, 10.157185640882343, 14.192563222951543, 0.0188119, 0.565988, -0.11041, 3.12584, 0.586855, 1.4741
1.6889667510986328, 54.30429255597757, 14.767242566159211, -8.101588818509434, -13.746968094179984, 10.157185640882343, 14.192563222951543, 0.0109452, 0.55917, -0.0961492, 3.14533, 0.6818, 1.23983
1.689450740814209, 54.30429255597757, 14.767242566159211, -8.101588818509434, -13.746968094179984, 10.157185640882343, 14.192563222951543, 0.0109452, 0.55917, -0.0961492, 3.14533, 0.6818, 1.23983
1.7065355777740479, 54.30429255597757, 14.767242566159211, -8.101588818509434, -13.746968094179984, 10.157185640882343, 14.192563222951543, -0.0342774, 0.561819, -0.17972, 3.04017, 1.09545, 1.75128
1.7070341110229492, 54.30429255597757, 14.767242566159211, -8.101588818509434, -13.746968094179984, 10.157185640882343, 14.192563222951543, -0.0342774, 0.561819, -0.17972, 3.04017, 1.09545, 1.75128
1.7394697666168213, 54.30429255597757, 14.767242566159211, -8.101588818509434, -13.746968094179984, 10.157185640882343, 14.192563222951543, -0.0767884, 0.498257, -0.190439, 2.725, 1.25605, 1.85396
1.7399444580078125, 54.30429255597757, 14.767242566159211, -8.101588818509434, -13.746968094179984, 10.157185640882343, 14.192563222951543, -0.0767884, 0.498257, -0.190439, 2.725, 1.25605, 1.85396
1.7557637691497803, 54.30429255597757, 14.767242566159211, -8.101588818509434, -13.746968094179984, 10.157185640882343, 14.192563222951543, -0.0839558, 0.477211, -0.176958, 2.65374, 1.25358, 1.77888
1.7562460899353027, 54.30429255597757, 14.767242566159211, -8.101588818509434, -13.746968094179984, 10.157185640882343, 14.192563222951543, -0.0839558, 0.477211, -0.176958, 2.65374, 1.25358, 1.77888
1.7724213600158691, 54.30429255597757, 14.767242566159211, -8.101588818509434, -13.746968094179984, 10.157185640882343, 14.192563222951543, -0.13506, 0.455849, -0.257126, 2.40653, 1.7112, 2.1672
1.772907018661499, 54.30429255597757, 14.767242566159211, -8.101588818509434, -13.746968094179984, 10.157185640882343, 14.192563222951543, -0.13506, 0.455849, -0.257126, 2.40653, 1.7112, 2.1672
1.7889735698699951, 54.30429255597757, 14.767242566159211, -8.101588818509434, -13.746968094179984, 10.157185640882343, 14.192563222951543, -0.126142, 0.419, -0.218815, 2.18232, 1.48186, 1.96715
1.789459228515625, 54.30429255597757, 14.767242566159211, -8.101588818509434, -13.746968094179984, 10.157185640882343, 14.192563222951543, -0.126142, 0.419, -0.218815, 2.18232, 1.48186, 1.96715
1.805945634841919, 54.30429255597757, 14.767242566159211, -8.101588818509434, -13.746968094179984, 10.157185640882343, 14.192563222951543, -0.145795, 0.387698, -0.220067, 2.01823, 1.59302, 1.95677
1.8064379692077637, 54.30429255597757, 14.767242566159211, -8.101588818509434, -13.746968094179984, 10.157185640882343, 14.192563222951543, -0.145795, 0.387698, -0.220067, 2.01823, 1.59302, 1.95677
1.8231937885284424, 54.30429255597757, 14.767242566159211, -8.101588818509434, -13.746968094179984, 10.157185640882343, 14.192563222951543, -0.234303, 0.416184, -0.310909, 2.05214, 2.29812, 1.92253
1.8236980438232422, 54.30429255597757, 14.767242566159211, -8.101588818509434, -13.746968094179984, 10.157185640882343, 14.192563222951543, -0.234303, 0.416184, -0.310909, 2.05214, 2.29812, 1.92253
1.856339693069458, 54.30429255597757, 14.767242566159211, -8.101588818509434, -13.746968094179984, 10.157185640882343, 14.192563222951543, -0.286642, 0.445372, -0.345329, 2.25705, 2.57915, 1.64354
1.85683012008667, 54.30429255597757, 14.767242566159211, -8.101588818509434, -13.746968094179984, 10.157185640882343, 14.192563222951543, -0.286642, 0.445372, -0.345329, 2.25705, 2.57915, 1.64354
1.8724217414855957, 54.30429255597757, 14.767242566159211, -8.101588818509434, -13.746968094179984, 10.157185640882343, 14.192563222951543, -0.295618, 0.412345, -0.352946, 1.99478, 2.69567, 1.92159
1.872901201248169, 54.30429255597757, 14.767242566159211, -8.101588818509434, -13.746968094179984, 10.157185640882343, 14.192563222951543, -0.295618, 0.412345, -0.352946, 1.99478, 2.69567, 1.92159
1.8890409469604492, 54.30429255597757, 14.767242566159211, -8.101588818509434, -13.746968094179984, 10.157185640882343, 14.192563222951543, -0.330362, 0.344625, -0.377593, 1.65667, 2.97607, 1.80541
1.8895413875579834, 54.30429255597757, 14.767242566159211, -8.101588818509434, -13.746968094179984, 10.157185640882343, 14.192563222951543, -0.330362, 0.344625, -0.377593, 1.65667, 2.97607, 1.80541
1.906409740447998, 54.30429255597757, 14.767242566159211, -8.101588818509434, -13.746968094179984, 10.157185640882343, 14.192563222951543, -0.351188, 0.297248, -0.364232, 1.44858, 2.98923, 1.78944
1.9068946838378906, 54.30429255597757, 14.767242566159211, -8.101588818509434, -13.746968094179984, 10.157185640882343, 14.192563222951543, -0.351188, 0.297248, -0.364232, 1.44858, 2.98923, 1.78944
1.9390079975128174, 54.30429255597757, 14.767242566159211, -8.101588818509434, -13.746968094179984, 10.157185640882343, 14.192563222951543, -0.491981, 0.20698, -0.473399, 1.03418, 3.82778, 2.31418
1.9394969940185547, 54.30429255597757, 14.767242566159211, -8.101588818509434, -13.746968094179984, 10.157185640882343, 14.192563222951543, -0.491981, 0.20698, -0.473399, 1.03418, 3.82778, 2.31418
1.9558286666870117, 54.30429255597757, 14.767242566159211, -8.101588818509434, -13.746968094179984, 10.157185640882343, 14.192563222951543, -0.514584, 0.194377, -0.508798, 1.0119, 4.08699, 1.98531
1.956343412399292, 54.30429255597757, 14.767242566159211, -8.101588818509434, -13.746968094179984, 10.157185640882343, 14.192563222951543, -0.514584, 0.194377, -0.508798, 1.0119, 4.08699, 1.98531
1.972621202468872, 54.30429255597757, 14.767242566159211, -8.101588818509434, -13.746968094179984, 10.157185640882343, 14.192563222951543, -0.532073, 0.123921, -0.506349, 0.637662, 4.0825, 2.02054
1.973106861114502, 54.30429255597757, 14.767242566159211, -8.101588818509434, -13.746968094179984, 10.157185640882343, 14.192563222951543, -0.532073, 0.123921, -0.506349, 0.637662, 4.0825, 2.02054
1.9890379905700684, 54.30429255597757, 14.767242566159211, -8.101588818509434, -13.746968094179984, 10.157185640882343, 14.192563222951543, -0.596042, 0.103899, -0.552128, 0.518062, 4.46844, 1.9191
1.9895274639129639, 54.30429255597757, 14.767242566159211, -8.101588818509434, -13.746968094179984, 10.157185640882343, 14.192563222951543, -0.596042, 0.103899, -0.552128, 0.518062, 4.46844, 1.9191
2.006075382232666, 54.30429255597757, 14.767242566159211, -8.101588818509434, -13.746968094179984, 10.157185640882343, 14.192563222951543, -0.627657, 0.0783745, -0.584802, 0.410048, 4.65355, 2.01139
2.0065948963165283, 54.30429255597757, 14.767242566159211, -8.101588818509434, -13.746968094179984, 10.157185640882343, 14.192563222951543, -0.627657, 0.0783745, -0.584802, 0.410048, 4.65355, 2.01139
2.039302110671997, 54.30429255597757, 14.767242566159211, -8.101588818509434, -13.746968094179984, 10.157185640882343, 14.192563222951543, -0.607964, 0.0738102, -0.540919, 0.354223, 4.32096, 2.00116
2.039804458618164, 54.30429255597757, 14.767242566159211, -8.101588818509434, -13.746968094179984, 10.157185640882343, 14.192563222951543, -0.607964, 0.0738102, -0.540919, 0.354223, 4.32096, 2.00116
2.050841808319092, 54.30429255597757, 14.767242566159211, -8.101588818509434, -13.746968094179984, 10.157185640882343, 14.192563222951543, -0.607964, 0.0738102, -0.540919, 0.354223, 4.32096, 2.00116
2.0730082988739014, 54.30429255597757, 14.767242566159211, -8.101588818509434, -13.746968094179984, 10.157185640882343, 14.192563222951543, -0.663414, 0.00243778, -0.607749, 0.0853095, 4.91849, 1.84308
2.0735042095184326, 54.30429255597757, 14.767242566159211, -8.101588818509434, -13.746968094179984, 10.157185640882343, 14.192563222951543, -0.663414, 0.00243778, -0.607749, 0.0853095, 4.91849, 1.84308
2.089056968688965, 54.30429255597757, 14.767242566159211, -8.101588818509434, -13.746968094179984, 10.157185640882343, 14.192563222951543, -0.670915, -0.0218763, -0.624692, -0.0499737, 5.04024, 2.13447
2.0895488262176514, 54.30429255597757, 14.767242566159211, -8.101588818509434, -13.746968094179984, 10.157185640882343, 14.192563222951543, -0.670915, -0.0218763, -0.624692, -0.0499737, 5.04024, 2.13447
2.106104850769043, 54.30429255597757, 14.767242566159211, -8.101588818509434, -13.746968094179984, 10.157185640882343, 14.192563222951543, -0.660069, -0.0288635, -0.60469, -0.0898831, 4.93933, 2.16022
2.106598377227783, 54.30429255597757, 14.767242566159211, -8.101588818509434, -13.746968094179984, 10.157185640882343, 14.192563222951543, -0.660069, -0.0288635, -0.60469, -0.0898831, 4.93933, 2.16022
2.1390209197998047, 54.30429255597757, 14.767242566159211, -8.101588818509434, -13.746968094179984, 10.157185640882343, 14.192563222951543, -0.679025, -0.0517426, -0.610103, -0.233801, 5.1443, 2.15746
2.1395089626312256, 54.30429255597757, 14.767242566159211, -8.101588818509434, -13.746968094179984, 10.157185640882343, 14.192563222951543, -0.679025, -0.0517426, -0.610103, -0.233801, 5.1443, 2.15746
2.1562228202819824, 54.30429255597757, 14.767242566159211, -8.101588818509434, -13.746968094179984, 10.157185640882343, 14.192563222951543, -0.66997, -0.0506476, -0.584944, -0.212986, 5.01804, 2.08646
2.1567258834838867, 54.30429255597757, 14.767242566159211, -8.101588818509434, -13.746968094179984, 10.157185640882343, 14.192563222951543, -0.66997, -0.0506476, -0.584944, -0.212986, 5.01804, 2.08646
2.1722493171691895, 54.30429255597757, 14.767242566159211, -8.101588818509434, -13.746968094179984, 10.157185640882343, 14.192563222951543, -0.684569, -0.0297893, -0.595673, -0.0957849, 5.1464, 2.01294
2.1727352142333984, 54.30429255597757, 14.767242566159211, -8.101588818509434, -13.746968094179984, 10.157185640882343, 14.192563222951543, -0.684569, -0.0297893, -0.595673, -0.0957849, 5.1464, 2.01294
2.188985824584961, 54.30429255597757, 14.767242566159211, -8.101588818509434, -13.746968094179984, 10.157185640882343, 14.192563222951543, -0.691237, 0.0391202, -0.604703, 0.210637, 5.22734, 2.01304
2.189478635787964, 54.30429255597757, 14.767242566159211, -8.101588818509434, -13.746968094179984, 10.157185640882343, 14.192563222951543, -0.691237, 0.0391202, -0.604703, 0.210637, 5.22734, 2.01304
2.206477165222168, 54.30429255597757, 14.767242566159211, -8.101588818509434, -13.746968094179984, 10.157185640882343, 14.192563222951543, -0.683728, 0.0497667, -0.587731, 0.260892, 5.14326, 1.89216
2.206963062286377, 54.30429255597757, 14.767242566159211, -8.101588818509434, -13.746968094179984, 10.157185640882343, 14.192563222951543, -0.683728, 0.0497667, -0.587731, 0.260892, 5.14326, 1.89216
2.2392399311065674, 54.30429255597757, 14.767242566159211, -8.101588818509434, -13.746968094179984, 10.157185640882343, 14.192563222951543, -0.70983, -0.00841937, -0.607031, -0.0760847, 5.29574, 1.95514
2.2397282123565674, 54.30429255597757, 14.767242566159211, -8.101588818509434, -13.746968094179984, 10.157185640882343, 14.192563222951543, -0.70983, -0.00841937, -0.607031, -0.0760847, 5.29574, 1.95514
2.255666732788086, 54.30429255597757, 14.767242566159211, -8.101588818509434, -13.746968094179984, 10.157185640882343, 14.192563222951543, -0.715676, -0.020854, -0.608782, -0.122412, 5.33419, 1.96329
2.256152391433716, 54.30429255597757, 14.767242566159211, -8.101588818509434, -13.746968094179984, 10.157185640882343, 14.192563222951543, -0.715676, -0.020854, -0.608782, -0.122412, 5.33419, 1.96329
2.2724387645721436, 54.30429255597757, 14.767242566159211, -8.101588818509434, -13.746968094179984, 10.157185640882343, 14.192563222951543, -0.71988, -0.0300882, -0.615707, -0.202485, 5.41501, 2.15447
2.2729196548461914, 54.30429255597757, 14.767242566159211, -8.101588818509434, -13.746968094179984, 10.157185640882343, 14.192563222951543, -0.71988, -0.0300882, -0.615707, -0.202485, 5.41501, 2.15447
2.28904390335083, 54.30429255597757, 14.767242566159211, -8.101588818509434, -13.746968094179984, 10.157185640882343, 14.192563222951543, -0.729614, -0.0784395, -0.615419, -0.399526, 5.45713, 2.08863
2.2895326614379883, 54.30429255597757, 14.767242566159211, -8.101588818509434, -13.746968094179984, 10.157185640882343, 14.192563222951543, -0.729614, -0.0784395, -0.615419, -0.399526, 5.45713, 2.08863
2.3058652877807617, 54.30429255597757, 14.767242566159211, -8.101588818509434, -13.746968094179984, 10.157185640882343, 14.192563222951543, -0.731535, -0.0923982, -0.607429, -0.469081, 5.43807, 2.08354
2.3063485622406006, 54.30429255597757, 14.767242566159211, -8.101588818509434, -13.746968094179984, 10.157185640882343, 14.192563222951543, -0.731535, -0.0923982, -0.607429, -0.469081, 5.43807, 2.08354
2.3391377925872803, 54.30429255597757, 14.767242566159211, -8.101588818509434, -13.746968094179984, 10.157185640882343, 14.192563222951543, -0.745713, -0.0714881, -0.611524, -0.382015, 5.59322, 2.02293
2.339623212814331, 54.30429255597757, 14.767242566159211, -8.101588818509434, -13.746968094179984, 10.157185640882343, 14.192563222951543, -0.745713, -0.0714881, -0.611524, -0.382015, 5.59322, 2.02293
2.3557605743408203, 54.30429255597757, 14.767242566159211, -8.101588818509434, -13.746968094179984, 10.157185640882343, 14.192563222951543, -0.747937, -0.0495614, -0.613169, -0.261551, 5.64626, 1.87956
2.3562440872192383, 54.30429255597757, 14.767242566159211, -8.101588818509434, -13.746968094179984, 10.157185640882343, 14.192563222951543, -0.747937, -0.0495614, -0.613169, -0.261551, 5.64626, 1.87956
2.373161554336548, 54.30429255597757, 14.767242566159211, -8.101588818509434, -13.746968094179984, 10.157185640882343, 14.192563222951543, -0.756034, -0.028542, -0.613985, -0.187003, 5.70417, 1.88432
2.373657703399658, 54.30429255597757, 14.767242566159211, -8.101588818509434, -13.746968094179984, 10.157185640882343, 14.192563222951543, -0.756034, -0.028542, -0.613985, -0.187003, 5.70417, 1.88432
2.389019727706909, 54.30429255597757, 14.767242566159211, -8.101588818509434, -13.746968094179984, 10.157185640882343, 14.192563222951543, -0.760366, -0.0462089, -0.59785, -0.216473, 5.66174, 1.68409
2.389521360397339, 54.30429255597757, 14.767242566159211, -8.101588818509434, -13.746968094179984, 10.157185640882343, 14.192563222951543, -0.760366, -0.0462089, -0.59785, -0.216473, 5.66174, 1.68409
2.4059343338012695, 54.30429255597757, 14.767242566159211, -8.101588818509434, -13.746968094179984, 10.157185640882343, 14.192563222951543, -0.768407, -0.0700047, -0.600384, -0.349243, 5.69991, 1.7882
2.4064438343048096, 54.30429255597757, 14.767242566159211, -8.101588818509434, -13.746968094179984, 10.157185640882343, 14.192563222951543, -0.768407, -0.0700047, -0.600384, -0.349243, 5.69991, 1.7882
2.423194408416748, 54.30429255597757, 14.767242566159211, -8.101588818509434, -13.746968094179984, 10.157185640882343, 14.192563222951543, -0.774116, -0.114493, -0.596542, -0.52147, 5.74392, 1.81061
2.423719882965088, 54.30429255597757, 14.767242566159211, -8.101588818509434, -13.746968094179984, 10.157185640882343, 14.192563222951543, -0.774116, -0.114493, -0.596542, -0.52147, 5.74392, 1.81061
2.456024408340454, 54.30429255597757, 14.767242566159211, -8.101588818509434, -13.746968094179984, 10.157185640882343, 14.192563222951543, -0.785345, -0.144661, -0.593077, -0.528661, 5.88189, 1.68973
2.45652174949646, 54.30429255597757, 14.767242566159211, -8.101588818509434, -13.746968094179984, 10.157185640882343, 14.192563222951543, -0.785345, -0.144661, -0.593077, -0.528661, 5.88189, 1.68973
2.47275972366333, 54.30429255597757, 14.767242566159211, -8.101588818509434, -13.746968094179984, 10.157185640882343, 14.192563222951543, -0.798946, -0.1693, -0.60173, -0.632519, 6.00419, 1.74959
2.4732625484466553, 54.30429255597757, 14.767242566159211, -8.101588818509434, -13.746968094179984, 10.157185640882343, 14.192563222951543, -0.798946, -0.1693, -0.60173, -0.632519, 6.00419, 1.74959
2.4889981746673584, 54.30429255597757, 14.767242566159211, -8.101588818509434, -13.746968094179984, 10.157185640882343, 14.192563222951543, -0.801125, -0.194659, -0.597257, -0.714818, 6.01126, 1.65763
2.4894871711730957, 54.30429255597757, 14.767242566159211, -8.101588818509434, -13.746968094179984, 10.157185640882343, 14.192563222951543, -0.801125, -0.194659, -0.597257, -0.714818, 6.01126, 1.65763
2.5063278675079346, 54.30429255597757, 14.767242566159211, -8.101588818509434, -13.746968094179984, 10.157185640882343, 14.192563222951543, -0.808296, -0.200647, -0.617327, -0.758181, 6.1112, 1.79514
2.5068325996398926, 54.30429255597757, 14.767242566159211, -8.101588818509434, -13.746968094179984, 10.157185640882343, 14.192563222951543, -0.808296, -0.200647, -0.617327, -0.758181, 6.1112, 1.79514
2.5392184257507324, 54.30429255597757, 14.767242566159211, -8.101588818509434, -13.746968094179984, 10.157185640882343, 14.192563222951543, -0.768016, -0.168228, -0.569901, -0.609224, 5.85159, 1.64955
2.5397088527679443, 54.30429255597757, 14.767242566159211, -8.101588818509434, -13.746968094179984, 10.157185640882343, 14.192563222951543, -0.768016, -0.168228, -0.569901, -0.609224, 5.85159, 1.64955
2.556170701980591, 54.30429255597757, 14.767242566159211, -8.101588818509434, -13.746968094179984, 10.157185640882343, 14.192563222951543, -0.755379, -0.145707, -0.561552, -0.489817, 5.81081, 1.60083
2.556668281555176, 54.30429255597757, 14.767242566159211, -8.101588818509434, -13.746968094179984, 10.157185640882343, 14.192563222951543, -0.755379, -0.145707, -0.561552, -0.489817, 5.81081, 1.60083
2.5726969242095947, 54.30429255597757, 14.767242566159211, -8.101588818509434, -13.746968094179984, 10.157185640882343, 14.192563222951543, -0.724517, -0.125133, -0.528801, -0.381499, 5.60812, 1.54117
2.5731959342956543, 54.30429255597757, 14.767242566159211, -8.101588818509434, -13.746968094179984, 10.157185640882343, 14.192563222951543, -0.724517, -0.125133, -0.528801, -0.381499, 5.60812, 1.54117
2.5889968872070312, 54.30429255597757, 14.767242566159211, -8.101588818509434, -13.746968094179984, 10.157185640882343, 14.192563222951543, -0.697354, -0.122408, -0.508212, -0.334357, 5.43113, 1.52654
2.5894899368286133, 54.30429255597757, 14.767242566159211, -8.101588818509434, -13.746968094179984, 10.157185640882343, 14.192563222951543, -0.697354, -0.122408, -0.508212, -0.334357, 5.43113, 1.52654
2.605827569961548, 54.30429255597757, 14.767242566159211, -8.101588818509434, -13.746968094179984, 10.157185640882343, 14.192563222951543, -0.681329, -0.129797, -0.495223, -0.344867, 5.31962, 1.51456
2.6063122749328613, 54.30429255597757, 14.767242566159211, -8.101588818509434, -13.746968094179984, 10.157185640882343, 14.192563222951543, -0.681329, -0.129797, -0.495223, -0.344867, 5.31962, 1.51456
2.6232070922851562, 54.30429255597757, 14.767242566159211, -8.101588818509434, -13.746968094179984, 10.157185640882343, 14.192563222951543, -0.643178, -0.121992, -0.463715, -0.292666, 5.03985, 1.6255
2.623720645904541, 54.30429255597757, 14.767242566159211, -8.101588818509434, -13.746968094179984, 10.157185640882343, 14.192563222951543, -0.643178, -0.121992, -0.463715, -0.292666, 5.03985, 1.6255
2.6560492515563965, 54.30429255597757, 14.767242566159211, -8.101588818509434, -13.746968094179984, 10.157185640882343, 14.192563222951543, -0.582827, -0.109234, -0.420446, -0.208114, 4.5979, 1.77293
2.6565420627593994, 54.30429255597757, 14.767242566159211, -8.101588818509434, -13.746968094179984, 10.157185640882343, 14.192563222951543, -0.582827, -0.109234, -0.420446, -0.208114, 4.5979, 1.77293
2.673175811767578, 54.30429255597757, 14.767242566159211, -8.101588818509434, -13.746968094179984, 10.157185640882343, 14.192563222951543, -0.540016, -0.109253, -0.380593, -0.184137, 4.21806, 1.87241
2.673673391342163, 54.30429255597757, 14.767242566159211, -8.101588818509434, -13.746968094179984, 10.157185640882343, 14.192563222951543, -0.540016, -0.109253, -0.380593, -0.184137, 4.21806, 1.87241
2.6889877319335938, 54.30429255597757, 14.767242566159211, -8.101588818509434, -13.746968094179984, 10.157185640882343, 14.192563222951543, -0.520866, -0.0977, -0.371245, -0.118829, 4.069, 1.88739
2.6894783973693848, 54.30429255597757, 14.767242566159211, -8.101588818509434, -13.746968094179984, 10.157185640882343, 14.192563222951543, -0.520866, -0.0977, -0.371245, -0.118829, 4.069, 1.88739
2.7066810131073, 54.30429255597757, 14.767242566159211, -8.101588818509434, -13.746968094179984, 10.157185640882343, 14.192563222951543, -0.502956, -0.101227, -0.362677, -0.0924244, 3.9353, 1.80837
2.707167148590088, 54.30429255597757, 14.767242566159211, -8.101588818509434, -13.746968094179984, 10.157185640882343, 14.192563222951543, -0.502956, -0.101227, -0.362677, -0.0924244, 3.9353, 1.80837
2.73966121673584, 54.30429255597757, 14.767242566159211, -8.101588818509434, -13.746968094179984, 10.157185640882343, 14.192563222951543, -0.415407, -0.0766448, -0.310982, -0.00525862, 3.23879, 2.05119
2.740182876586914, 54.30429255597757, 14.767242566159211, -8.101588818509434, -13.746968094179984, 10.157185640882343, 14.192563222951543, -0.415407, -0.0766448, -0.310982, -0.00525862, 3.23879, 2.05119
2.7564456462860107, 54.30429255597757, 14.767242566159211, -8.101588818509434, -13.746968094179984, 10.157185640882343, 14.192563222951543, -0.393141, -0.0640798, -0.297821, 0.0766886, 3.05895, 2.0209
2.7569825649261475, 54.30429255597757, 14.767242566159211, -8.101588818509434, -13.746968094179984, 10.157185640882343, 14.192563222951543, -0.393141, -0.0640798, -0.297821, 0.0766886, 3.05895, 2.0209
2.772372007369995, 54.30429255597757, 14.767242566159211, -8.101588818509434, -13.746968094179984, 10.157185640882343, 14.192563222951543, -0.33617, -0.0372781, -0.26407, 0.183679, 2.59306, 2.1747
2.7728543281555176, 54.30429255597757, 14.767242566159211, -8.101588818509434, -13.746968094179984, 10.157185640882343, 14.192563222951543, -0.33617, -0.0372781, -0.26407, 0.183679, 2.59306, 2.1747
2.7889585494995117, 54.30429255597757, 14.767242566159211, -8.101588818509434, -13.746968094179984, 10.157185640882343, 14.192563222951543, -0.302549, -0.0337277, -0.240148, 0.180307, 2.31773, 2.25937
2.789450168609619, 54.30429255597757, 14.767242566159211, -8.101588818509434, -13.746968094179984, 10.157185640882343, 14.192563222951543, -0.302549, -0.0337277, -0.240148, 0.180307, 2.31773, 2.25937
2.8059208393096924, 54.30429255597757, 14.767242566159211, -8.101588818509434, -13.746968094179984, 10.157185640882343, 14.192563222951543, -0.225563, -0.0201737, -0.182152, 0.173169, 1.74101, 2.38384
2.806422233581543, 54.30429255597757, 14.767242566159211, -8.101588818509434, -13.746968094179984, 10.157185640882343, 14.192563222951543, -0.225563, -0.0201737, -0.182152, 0.173169, 1.74101, 2.38384
2.823223352432251, 54.30429255597757, 14.767242566159211, -8.101588818509434, -13.746968094179984, 10.157185640882343, 14.192563222951543, -0.157203, 0.00803605, -0.11395, 0.233357, 1.20262, 2.47209
2.8237195014953613, 54.30429255597757, 14.767242566159211, -8.101588818509434, -13.746968094179984, 10.157185640882343, 14.192563222951543, -0.157203, 0.00803605, -0.11395, 0.233357, 1.20262, 2.47209
2.8562142848968506, 54.30429255597757, 14.767242566159211, -8.101588818509434, -13.746968094179984, 10.157185640882343, 14.192563222951543, -0.126586, 0.0967488, -0.110202, 0.600256, 0.925346, 2.48643
2.8567070960998535, 54.30429255597757, 14.767242566159211, -8.101588818509434, -13.746968094179984, 10.157185640882343, 14.192563222951543, -0.126586, 0.0967488, -0.110202, 0.600256, 0.925346, 2.48643
2.8890435695648193, 54.30429255597757, 14.767242566159211, -8.101588818509434, -13.746968094179984, 10.157185640882343, 14.192563222951543, 0.0185766, 0.0746305, -0.0417443, 0.633817, 0.0958358, 2.62556
2.8895511627197266, 54.30429255597757, 14.767242566159211, -8.101588818509434, -13.746968094179984, 10.157185640882343, 14.192563222951543, 0.0185766, 0.0746305, -0.0417443, 0.633817, 0.0958358, 2.62556
2.92309308052063, 54.30429255597757, 14.767242566159211, -8.101588818509434, -13.746968094179984, 10.157185640882343, 14.192563222951543, 0.108231, 0.117998, 0.0389177, 0.897465, -0.401757, 2.55674
2.9235920906066895, 54.30429255597757, 14.767242566159211, -8.101588818509434, -13.746968094179984, 10.157185640882343, 14.192563222951543, 0.108231, 0.117998, 0.0389177, 0.897465, -0.401757, 2.55674
2.9389047622680664, 54.30429255597757, 14.767242566159211, -8.101588818509434, -13.746968094179984, 10.157185640882343, 14.192563222951543, 0.104341, 0.122867, 0.0145669, 0.993887, -0.295355, 2.59322
2.939393997192383, 54.30429255597757, 14.767242566159211, -8.101588818509434, -13.746968094179984, 10.157185640882343, 14.192563222951543, 0.104341, 0.122867, 0.0145669, 0.993887, -0.295355, 2.59322
2.955895185470581, 54.30429255597757, 14.767242566159211, -8.101588818509434, -13.746968094179984, 10.157185640882343, 14.192563222951543, 0.107825, 0.0889491, 0.0129348, 0.958293, -0.261981, 2.41463
2.956387996673584, 54.30429255597757, 14.767242566159211, -8.101588818509434, -13.746968094179984, 10.157185640882343, 14.192563222951543, 0.107825, 0.0889491, 0.0129348, 0.958293, -0.261981, 2.41463
2.9730544090270996, 54.30429255597757, 14.767242566159211, -8.101588818509434, -13.746968094179984, 10.157185640882343, 14.192563222951543, 0.140941, 0.106926, 0.0240559, 0.986613, -0.364392, 2.86397
2.9735591411590576, 54.30429255597757, 14.767242566159211, -8.101588818509434, -13.746968094179984, 10.157185640882343, 14.192563222951543, 0.140941, 0.106926, 0.0240559, 0.986613, -0.364392, 2.86397
2.9891068935394287, 54.30429255597757, 14.767242566159211, -8.101588818509434, -13.746968094179984, 10.157185640882343, 14.192563222951543, 0.138112, 0.111549, 0.0139159, 0.995329, -0.272271, 2.81582
2.9895946979522705, 54.30429255597757, 14.767242566159211, -8.101588818509434, -13.746968094179984, 10.157185640882343, 14.192563222951543, 0.138112, 0.111549, 0.0139159, 0.995329, -0.272271, 2.81582
3.02268648147583, 54.30429255597757, 14.767242566159211, -8.101588818509434, -13.746968094179984, 10.157185640882343, 14.192563222951543, 0.118404, 0.0705453, 0.0192825, 0.859336, -0.20319, 2.54236
3.023172616958618, 54.30429255597757, 14.767242566159211, -8.101588818509434, -13.746968094179984, 10.157185640882343, 14.192563222951543, 0.118404, 0.0705453, 0.0192825, 0.859336, -0.20319, 2.54236
3.038961172103882, 54.30429255597757, 14.767242566159211, -8.101588818509434, -13.746968094179984, 10.157185640882343, 14.192563222951543, 0.11868, 0.0807445, 0.015278, 0.882581, -0.155257, 2.67477
3.039447546005249, 54.30429255597757, 14.767242566159211, -8.101588818509434, -13.746968094179984, 10.157185640882343, 14.192563222951543, 0.11868, 0.0807445, 0.015278, 0.882581, -0.155257, 2.67477
3.0557310581207275, 54.30429255597757, 14.767242566159211, -8.101588818509434, -13.746968094179984, 10.157185640882343, 14.192563222951543, 0.126527, 0.0891494, 0.0242655, 0.935017, -0.191526, 2.62021
3.0562150478363037, 54.30429255597757, 14.767242566159211, -8.101588818509434, -13.746968094179984, 10.157185640882343, 14.192563222951543, 0.126527, 0.0891494, 0.0242655, 0.935017, -0.191526, 2.62021
3.072265386581421, 54.30429255597757, 14.767242566159211, -8.101588818509434, -13.746968094179984, 10.157185640882343, 14.192563222951543, 0.121934, 0.0931605, 0.0130954, 0.90677, -0.155422, 2.67527
3.0727522373199463, 54.30429255597757, 14.767242566159211, -8.101588818509434, -13.746968094179984, 10.157185640882343, 14.192563222951543, 0.121934, 0.0931605, 0.0130954, 0.90677, -0.155422, 2.67527
3.089181661605835, 54.30429255597757, 14.767242566159211, -8.101588818509434, -13.746968094179984, 10.157185640882343, 14.192563222951543, 0.112092, 0.0973498, 0.0110187, 0.858894, -0.178036, 2.63095
3.089675188064575, 54.30429255597757, 14.767242566159211, -8.101588818509434, -13.746968094179984, 10.157185640882343, 14.192563222951543, 0.112092, 0.0973498, 0.0110187, 0.858894, -0.178036, 2.63095
3.1224546432495117, 54.30429255597757, 14.767242566159211, -8.101588818509434, -13.746968094179984, 10.157185640882343, 14.192563222951543, 0.129462, 0.0625345, 0.0248455, 0.717647, -0.332852, 2.656
3.122958183288574, 54.30429255597757, 14.767242566159211, -8.101588818509434, -13.746968094179984, 10.157185640882343, 14.192563222951543, 0.129462, 0.0625345, 0.0248455, 0.717647, -0.332852, 2.656
3.1391098499298096, 54.30429255597757, 14.767242566159211, -8.101588818509434, -13.746968094179984, 10.157185640882343, 14.192563222951543, 0.136717, 0.0576056, 0.0190388, 0.714356, -0.33308, 2.71817
3.1396048069000244, 54.30429255597757, 14.767242566159211, -8.101588818509434, -13.746968094179984, 10.157185640882343, 14.192563222951543, 0.136717, 0.0576056, 0.0190388, 0.714356, -0.33308, 2.71817
3.155914068222046, 54.30429255597757, 14.767242566159211, -8.101588818509434, -13.746968094179984, 10.157185640882343, 14.192563222951543, 0.139729, 0.0512521, 0.0293074, 0.690007, -0.396124, 2.7106
3.1564154624938965, 54.30429255597757, 14.767242566159211, -8.101588818509434, -13.746968094179984, 10.157185640882343, 14.192563222951543, 0.139729, 0.0512521, 0.0293074, 0.690007, -0.396124, 2.7106
3.1726279258728027, 54.30429255597757, 14.767242566159211, -8.101588818509434, -13.746968094179984, 10.157185640882343, 14.192563222951543, 0.119243, 0.0488468, 0.00876764, 0.69338, -0.266859, 2.62639
3.173126697540283, 54.30429255597757, 14.767242566159211, -8.101588818509434, -13.746968094179984, 10.157185640882343, 14.192563222951543, 0.119243, 0.0488468, 0.00876764, 0.69338, -0.266859, 2.62639
3.189164400100708, 54.30429255597757, 14.767242566159211, -8.101588818509434, -13.746968094179984, 10.157185640882343, 14.192563222951543, 0.11966, 0.0295912, 0.00876083, 0.62848, -0.270863, 2.60883
3.18966007232666, 54.30429255597757, 14.767242566159211, -8.101588818509434, -13.746968094179984, 10.157185640882343, 14.192563222951543, 0.11966, 0.0295912, 0.00876083, 0.62848, -0.270863, 2.60883
3.223013401031494, 54.30429255597757, 14.767242566159211, -8.101588818509434, -13.746968094179984, 10.157185640882343, 14.192563222951543, 0.134826, 0.0096104, 0.0296999, 0.549094, -0.417368, 2.8011
3.2235255241394043, 54.30429255597757, 14.767242566159211, -8.101588818509434, -13.746968094179984, 10.157185640882343, 14.192563222951543, 0.134826, 0.0096104, 0.0296999, 0.549094, -0.417368, 2.8011
3.238985776901245, 54.30429255597757, 14.767242566159211, -8.101588818509434, -13.746968094179984, 10.157185640882343, 14.192563222951543, 0.135684, 0.0141681, 0.0223286, 0.548199, -0.401136, 2.80867
3.239473819732666, 54.30429255597757, 14.767242566159211, -8.101588818509434, -13.746968094179984, 10.157185640882343, 14.192563222951543, 0.135684, 0.0141681, 0.0223286, 0.548199, -0.401136, 2.80867
3.255793571472168, 54.30429255597757, 14.767242566159211, -8.101588818509434, -13.746968094179984, 10.157185640882343, 14.192563222951543, 0.134788, 0.0133789, 0.0168635, 0.543119, -0.375002, 2.79218
3.2562785148620605, 54.30429255597757, 14.767242566159211, -8.101588818509434, -13.746968094179984, 10.157185640882343, 14.192563222951543, 0.134788, 0.0133789, 0.0168635, 0.543119, -0.375002, 2.79218
3.272585391998291, 54.30429255597757, 14.767242566159211, -8.101588818509434, -13.746968094179984, 10.157185640882343, 14.192563222951543, 0.136745, 0.0242619, 0.0306034, 0.624152, -0.445206, 2.67075
3.273085355758667, 54.30429255597757, 14.767242566159211, -8.101588818509434, -13.746968094179984, 10.157185640882343, 14.192563222951543, 0.136745, 0.0242619, 0.0306034, 0.624152, -0.445206, 2.67075
3.289278507232666, 54.30429255597757, 14.767242566159211, -8.101588818509434, -13.746968094179984, 10.157185640882343, 14.192563222951543, 0.121962, 0.0287955, 0.0059832, 0.607922, -0.348727, 2.75952
3.2897839546203613, 54.30429255597757, 14.767242566159211, -8.101588818509434, -13.746968094179984, 10.157185640882343, 14.192563222951543, 0.121962, 0.0287955, 0.0059832, 0.607922, -0.348727, 2.75952
3.322517156600952, 54.30429255597757, 14.767242566159211, -8.101588818509434, -13.746968094179984, 10.157185640882343, 14.192563222951543, 0.13097, 0.021989, -0.00385753, 0.617964, -0.412202, 2.71214
3.323000431060791, 54.30429255597757, 14.767242566159211, -8.101588818509434, -13.746968094179984, 10.157185640882343, 14.192563222951543, 0.13097, 0.021989, -0.00385753, 0.617964, -0.412202, 2.71214
3.3389477729797363, 54.30429255597757, 14.767242566159211, -8.101588818509434, -13.746968094179984, 10.157185640882343, 14.192563222951543, 0.186265, 0.161225, 0.052662, 1.41115, -0.906464, 2.62047
3.3394386768341064, 54.30429255597757, 14.767242566159211, -8.101588818509434, -13.746968094179984, 10.157185640882343, 14.192563222951543, 0.186265, 0.161225, 0.052662, 1.41115, -0.906464, 2.62047
3.3561556339263916, 54.30429255597757, 14.767242566159211, -8.101588818509434, -13.746968094179984, 10.157185640882343, 14.192563222951543, 0.169735, 0.00475318, 0.0655236, 0.66462, -0.877366, 2.70879
3.356642961502075, 54.30429255597757, 14.767242566159211, -8.101588818509434, -13.746968094179984, 10.157185640882343, 14.192563222951543, 0.169735, 0.00475318, 0.0655236, 0.66462, -0.877366, 2.70879
3.372529983520508, 54.30429255597757, 14.767242566159211, -8.101588818509434, -13.746968094179984, 10.157185640882343, 14.192563222951543, 0.120186, 0.00296478, -0.0404492, 0.570039, -0.348065, 3.10757
3.3730127811431885, 54.30429255597757, 14.767242566159211, -8.101588818509434, -13.746968094179984, 10.157185640882343, 14.192563222951543, 0.120186, 0.00296478, -0.0404492, 0.570039, -0.348065, 3.10757
3.38901686668396, 54.30429255597757, 14.767242566159211, -8.101588818509434, -13.746968094179984, 10.157185640882343, 14.192563222951543, 0.174325, 0.0460588, 0.032303, 0.855183, -0.899557, 2.96213
3.3895041942596436, 54.30429255597757, 14.767242566159211, -8.101588818509434, -13.746968094179984, 10.157185640882343, 14.192563222951543, 0.174325, 0.0460588, 0.032303, 0.855183, -0.899557, 2.96213
3.4225282669067383, 54.30429255597757, 14.767242566159211, -8.101588818509434, -13.746968094179984, 10.157185640882343, 14.192563222951543, 0.156087, -0.0141143, 0.00661707, 0.654349, -0.775157, 2.7044
3.4230263233184814, 54.30429255597757, 14.767242566159211, -8.101588818509434, -13.746968094179984, 10.157185640882343, 14.192563222951543, 0.156087, -0.0141143, 0.00661707, 0.654349, -0.775157, 2.7044
3.43929123878479, 54.30429255597757, 14.767242566159211, -8.101588818509434, -13.746968094179984, 10.157185640882343, 14.192563222951543, 0.181438, -0.0146195, 0.0146697, 0.67588, -0.970127, 3.05269
3.4398000240325928, 54.30429255597757, 14.767242566159211, -8.101588818509434, -13.746968094179984, 10.157185640882343, 14.192563222951543, 0.181438, -0.0146195, 0.0146697, 0.67588, -0.970127, 3.05269
3.4557526111602783, 54.30429255597757, 14.767242566159211, -8.101588818509434, -13.746968094179984, 10.157185640882343, 14.192563222951543, 0.204879, -0.0306461, 0.0394583, 0.555288, -1.25386, 3.29912
3.456239938735962, 54.30429255597757, 14.767242566159211, -8.101588818509434, -13.746968094179984, 10.157185640882343, 14.192563222951543, 0.204879, -0.0306461, 0.0394583, 0.555288, -1.25386, 3.29912
3.472538948059082, 54.30429255597757, 14.767242566159211, -8.101588818509434, -13.746968094179984, 10.157185640882343, 14.192563222951543, 0.238009, -0.0689919, 0.0823104, 0.501253, -1.65836, 3.12313
3.473022937774658, 54.30429255597757, 14.767242566159211, -8.101588818509434, -13.746968094179984, 10.157185640882343, 14.192563222951543, 0.238009, -0.0689919, 0.0823104, 0.501253, -1.65836, 3.12313
3.489086389541626, 54.30429255597757, 14.767242566159211, -8.101588818509434, -13.746968094179984, 10.157185640882343, 14.192563222951543, 0.233772, -0.050489, 0.0656047, 0.557713, -1.63741, 3.34663
3.4895780086517334, 54.30429255597757, 14.767242566159211, -8.101588818509434, -13.746968094179984, 10.157185640882343, 14.192563222951543, 0.233772, -0.050489, 0.0656047, 0.557713, -1.63741, 3.34663
3.5226168632507324, 54.30429255597757, 14.767242566159211, -8.101588818509434, -13.746968094179984, 10.157185640882343, 14.192563222951543, 0.217449, -0.0119761, 0.0339106, 0.789029, -1.53985, 3.17768
3.5231082439422607, 54.30429255597757, 14.767242566159211, -8.101588818509434, -13.746968094179984, 10.157185640882343, 14.192563222951543, 0.217449, -0.0119761, 0.0339106, 0.789029, -1.53985, 3.17768
3.539125919342041, 54.30429255597757, 14.767242566159211, -8.101588818509434, -13.746968094179984, 10.157185640882343, 14.192563222951543, 0.241045, -0.0216786, 0.0643813, 0.782204, -1.96331, 3.26236
3.5396318435668945, 54.30429255597757, 14.767242566159211, -8.101588818509434, -13.746968094179984, 10.157185640882343, 14.192563222951543, 0.241045, -0.0216786, 0.0643813, 0.782204, -1.96331, 3.26236
3.5565061569213867, 54.30429255597757, 14.767242566159211, -8.101588818509434, -13.746968094179984, 10.157185640882343, 14.192563222951543, 0.254796, -0.0129186, 0.0903698, 0.927523, -2.15404, 3.03322
3.5569915771484375, 54.30429255597757, 14.767242566159211, -8.101588818509434, -13.746968094179984, 10.157185640882343, 14.192563222951543, 0.254796, -0.0129186, 0.0903698, 0.927523, -2.15404, 3.03322
3.573192596435547, 54.30429255597757, 14.767242566159211, -8.101588818509434, -13.746968094179984, 10.157185640882343, 14.192563222951543, 0.244821, -0.0435653, 0.0736699, 0.84344, -2.19345, 3.17148
3.5736963748931885, 54.30429255597757, 14.767242566159211, -8.101588818509434, -13.746968094179984, 10.157185640882343, 14.192563222951543, 0.244821, -0.0435653, 0.0736699, 0.84344, -2.19345, 3.17148
3.589740514755249, 54.30429255597757, 14.767242566159211, -8.101588818509434, -13.746968094179984, 10.157185640882343, 14.192563222951543, 0.241979, -0.0817412, 0.0611455, 0.729743, -2.23039, 3.30028
3.5902259349823, 54.30429255597757, 14.767242566159211, -8.101588818509434, -13.746968094179984, 10.157185640882343, 14.192563222951543, 0.241979, -0.0817412, 0.0611455, 0.729743, -2.23039, 3.30028
3.622601270675659, 54.30429255597757, 14.767242566159211, -8.101588818509434, -13.746968094179984, 10.157185640882343, 14.192563222951543, 0.258692, -0.1471, 0.0835184, 0.52359, -2.52299, 3.45363
3.6230876445770264, 54.30429255597757, 14.767242566159211, -8.101588818509434, -13.746968094179984, 10.157185640882343, 14.192563222951543, 0.258692, -0.1471, 0.0835184, 0.52359, -2.52299, 3.45363
3.6391963958740234, 54.30429255597757, 14.767242566159211, -8.101588818509434, -13.746968094179984, 10.157185640882343, 14.192563222951543, 0.274164, -0.168026, 0.114273, 0.447977, -2.73498, 3.59927
3.639702796936035, 54.30429255597757, 14.767242566159211, -8.101588818509434, -13.746968094179984, 10.157185640882343, 14.192563222951543, 0.274164, -0.168026, 0.114273, 0.447977, -2.73498, 3.59927
3.6559598445892334, 54.30429255597757, 14.767242566159211, -8.101588818509434, -13.746968094179984, 10.157185640882343, 14.192563222951543, 0.271361, -0.16549, 0.109071, 0.484455, -2.69132, 3.5533
3.6564526557922363, 54.30429255597757, 14.767242566159211, -8.101588818509434, -13.746968094179984, 10.157185640882343, 14.192563222951543, 0.271361, -0.16549, 0.109071, 0.484455, -2.69132, 3.5533
3.672680616378784, 54.30429255597757, 14.767242566159211, -8.101588818509434, -13.746968094179984, 10.157185640882343, 14.192563222951543, 0.275672, -0.145294, 0.106947, 0.612816, -2.69225, 3.47136
3.6731762886047363, 54.30429255597757, 14.767242566159211, -8.101588818509434, -13.746968094179984, 10.157185640882343, 14.192563222951543, 0.275672, -0.145294, 0.106947, 0.612816, -2.69225, 3.47136
3.68904972076416, 54.30429255597757, 14.767242566159211, -8.101588818509434, -13.746968094179984, 10.157185640882343, 14.192563222951543, 0.287194, -0.130818, 0.122155, 0.715302, -2.79643, 3.4413
3.6895382404327393, 54.30429255597757, 14.767242566159211, -8.101588818509434, -13.746968094179984, 10.157185640882343, 14.192563222951543, 0.287194, -0.130818, 0.122155, 0.715302, -2.79643, 3.4413
3.722489833831787, 54.30429255597757, 14.767242566159211, -8.101588818509434, -13.746968094179984, 10.157185640882343, 14.192563222951543, 0.313602, -0.110018, 0.156566, 0.850501, -3.14277, 3.4397
3.722980499267578, 54.30429255597757, 14.767242566159211, -8.101588818509434, -13.746968094179984, 10.157185640882343, 14.192563222951543, 0.313602, -0.110018, 0.156566, 0.850501, -3.14277, 3.4397
3.7390260696411133, 54.30429255597757, 14.767242566159211, -8.101588818509434, -13.746968094179984, 10.157185640882343, 14.192563222951543, 0.332824, -0.0969403, 0.186517, 0.953531, -3.36435, 3.41931
3.7395145893096924, 54.30429255597757, 14.767242566159211, -8.101588818509434, -13.746968094179984, 10.157185640882343, 14.192563222951543, 0.332824, -0.0969403, 0.186517, 0.953531, -3.36435, 3.41931
3.7564220428466797, 54.30429255597757, 14.767242566159211, -8.101588818509434, -13.746968094179984, 10.157185640882343, 14.192563222951543, 0.32983, -0.0964263, 0.170375, 0.976166, -3.30115, 3.42173
3.756906509399414, 54.30429255597757, 14.767242566159211, -8.101588818509434, -13.746968094179984, 10.157185640882343, 14.192563222951543, 0.32983, -0.0964263, 0.170375, 0.976166, -3.30115, 3.42173
3.7722976207733154, 54.30429255597757, 14.767242566159211, -8.101588818509434, -13.746968094179984, 10.157185640882343, 14.192563222951543, 0.352649, -0.105696, 0.202949, 0.958383, -3.57179, 3.51586
3.772787094116211, 54.30429255597757, 14.767242566159211, -8.101588818509434, -13.746968094179984, 10.157185640882343, 14.192563222951543, 0.352649, -0.105696, 0.202949, 0.958383, -3.57179, 3.51586
3.7890613079071045, 54.30429255597757, 14.767242566159211, -8.101588818509434, -13.746968094179984, 10.157185640882343, 14.192563222951543, 0.36677, -0.125859, 0.213286, 0.938162, -3.70122, 3.49585
3.7895586490631104, 54.30429255597757, 14.767242566159211, -8.101588818509434, -13.746968094179984, 10.157185640882343, 14.192563222951543, 0.36677, -0.125859, 0.213286, 0.938162, -3.70122, 3.49585
3.8230154514312744, 54.30429255597757, 14.767242566159211, -8.101588818509434, -13.746968094179984, 10.157185640882343, 14.192563222951543, 0.389673, -0.16061, 0.238465, 0.787371, -3.89963, 3.68667
3.8235106468200684, 54.30429255597757, 14.767242566159211, -8.101588818509434, -13.746968094179984, 10.157185640882343, 14.192563222951543, 0.389673, -0.16061, 0.238465, 0.787371, -3.89963, 3.68667
3.838857412338257, 54.30429255597757, 14.767242566159211, -8.101588818509434, -13.746968094179984, 10.157185640882343, 14.192563222951543, 0.406889, -0.149405, 0.262737, 0.861336, -4.04851, 3.72634
3.839338541030884, 54.30429255597757, 14.767242566159211, -8.101588818509434, -13.746968094179984, 10.157185640882343, 14.192563222951543, 0.406889, -0.149405, 0.262737, 0.861336, -4.04851, 3.72634
3.8560352325439453, 54.30429255597757, 14.767242566159211, -8.101588818509434, -13.746968094179984, 10.157185640882343, 14.192563222951543, 0.411837, -0.152097, 0.269368, 0.881435, -4.07578, 3.64935
3.856541395187378, 54.30429255597757, 14.767242566159211, -8.101588818509434, -13.746968094179984, 10.157185640882343, 14.192563222951543, 0.411837, -0.152097, 0.269368, 0.881435, -4.07578, 3.64935
3.872549057006836, 54.30429255597757, 14.767242566159211, -8.101588818509434, -13.746968094179984, 10.157185640882343, 14.192563222951543, 0.439993, -0.13141, 0.314609, 1.0084, -4.32873, 3.64504
3.873039960861206, 54.30429255597757, 14.767242566159211, -8.101588818509434, -13.746968094179984, 10.157185640882343, 14.192563222951543, 0.439993, -0.13141, 0.314609, 1.0084, -4.32873, 3.64504
3.8891453742980957, 54.30429255597757, 14.767242566159211, -8.101588818509434, -13.746968094179984, 10.157185640882343, 14.192563222951543, 0.447684, -0.100963, 0.323635, 1.22233, -4.31816, 3.491
3.889655351638794, 54.30429255597757, 14.767242566159211, -8.101588818509434, -13.746968094179984, 10.157185640882343, 14.192563222951543, 0.447684, -0.100963, 0.323635, 1.22233, -4.31816, 3.491
3.9230470657348633, 54.30429255597757, 14.767242566159211, -8.101588818509434, -13.746968094179984, 10.157185640882343, 14.192563222951543, 0.483934, -0.0616303, 0.363498, 1.5243, -4.59814, 3.36278
3.923565149307251, 54.30429255597757, 14.767242566159211, -8.101588818509434, -13.746968094179984, 10.157185640882343, 14.192563222951543, 0.483934, -0.0616303, 0.363498, 1.5243, -4.59814, 3.36278
3.939133405685425, 54.30429255597757, 14.767242566159211, -8.101588818509434, -13.746968094179984, 10.157185640882343, 14.192563222951543, 0.507855, -0.0311661, 0.38535, 1.70088, -4.72985, 3.42675
3.9396450519561768, 54.30429255597757, 14.767242566159211, -8.101588818509434, -13.746968094179984, 10.157185640882343, 14.192563222951543, 0.507855, -0.0311661, 0.38535, 1.70088, -4.72985, 3.42675
3.956306219100952, 54.30429255597757, 14.767242566159211, -8.101588818509434, -13.746968094179984, 10.157185640882343, 14.192563222951543, 0.518585, -0.0326226, 0.401985, 1.72341, -4.82497, 3.37185
3.9568138122558594, 54.30429255597757, 14.767242566159211, -8.101588818509434, -13.746968094179984, 10.157185640882343, 14.192563222951543, 0.518585, -0.0326226, 0.401985, 1.72341, -4.82497, 3.37185
3.9722800254821777, 54.30429255597757, 14.767242566159211, -8.101588818509434, -13.746968094179984, 10.157185640882343, 14.192563222951543, 0.534148, -0.0421208, 0.425402, 1.73563, -4.92017, 3.37369
3.9727683067321777, 54.30429255597757, 14.767242566159211, -8.101588818509434, -13.746968094179984, 10.157185640882343, 14.192563222951543, 0.534148, -0.0421208, 0.425402, 1.73563, -4.92017, 3.37369
3.989076852798462, 54.30429255597757, 14.767242566159211, -8.101588818509434, -13.746968094179984, 10.157185640882343, 14.192563222951543, 0.554074, -0.0244835, 0.45566, 1.86015, -5.08555, 3.36088
3.989567279815674, 54.30429255597757, 14.767242566159211, -8.101588818509434, -13.746968094179984, 10.157185640882343, 14.192563222951543, 0.554074, -0.0244835, 0.45566, 1.86015, -5.08555, 3.36088
4.0229339599609375, 54.30429255597757, 14.767242566159211, -8.101588818509434, -13.746968094179984, 10.157185640882343, 14.192563222951543, 0.571677, -0.00539125, 0.474743, 2.02267, -5.17971, 3.28369
4.023428916931152, 54.30429255597757, 14.767242566159211, -8.101588818509434, -13.746968094179984, 10.157185640882343, 14.192563222951543, 0.571677, -0.00539125, 0.474743, 2.02267, -5.17971, 3.28369
4.0388877391815186, 54.30429255597757, 14.767242566159211, -8.101588818509434, -13.746968094179984, 10.157185640882343, 14.192563222951543, 0.588745, -0.0144343, 0.49579, 2.01585, -5.29589, 3.3036
4.039378643035889, 54.30429255597757, 14.767242566159211, -8.101588818509434, -13.746968094179984, 10.157185640882343, 14.192563222951543, 0.588745, -0.0144343, 0.49579, 2.01585, -5.29589, 3.3036
4.063800096511841, 54.30429255597757, 14.767242566159211, -8.101588818509434, -13.746968094179984, 10.157185640882343, 14.192563222951543, 0.595384, -0.0120216, 0.497265, 2.0129, -5.2991, 3.38954
4.0645928382873535, 54.30429255597757, 14.767242566159211, -8.101588818509434, -13.746968094179984, 10.157185640882343, 14.192563222951543, 0.595384, -0.0120216, 0.497265, 2.0129, -5.2991, 3.38954
4.082724094390869, 54.30429255597757, 14.767242566159211, -8.101588818509434, -13.746968094179984, 10.157185640882343, 14.192563222951543, 0.594261, -0.0128245, 0.479534, 2.03328, -5.03343, 3.21685
4.083252668380737, 54.30429255597757, 14.767242566159211, -8.101588818509434, -13.746968094179984, 10.157185640882343, 14.192563222951543, 0.594261, -0.0128245, 0.479534, 2.03328, -5.03343, 3.21685
4.09810996055603, 54.30429255597757, 14.767242566159211, -8.101588818509434, -13.746968094179984, 10.157185640882343, 14.192563222951543, 0.581574, -0.0187118, 0.456767, 1.99472, -4.80336, 3.17794
4.098598003387451, 54.30429255597757, 14.767242566159211, -8.101588818509434, -13.746968094179984, 10.157185640882343, 14.192563222951543, 0.581574, -0.0187118, 0.456767, 1.99472, -4.80336, 3.17794
4.11441707611084, 54.30429255597757, 14.767242566159211, -8.101588818509434, -13.746968094179984, 10.157185640882343, 14.192563222951543, 0.553505, 0.0114459, 0.403609, 2.09771, -4.22461, 3.12972
4.1149070262908936, 54.30429255597757, 14.767242566159211, -8.101588818509434, -13.746968094179984, 10.157185640882343, 14.192563222951543, 0.553505, 0.0114459, 0.403609, 2.09771, -4.22461, 3.12972
4.130617618560791, 54.30429255597757, 14.767242566159211, -8.101588818509434, -13.746968094179984, 10.157185640882343, 14.192563222951543, 0.563253, 0.0583802, 0.404835, 2.29639, -4.25849, 3.0788
4.131096124649048, 54.30429255597757, 14.767242566159211, -8.101588818509434, -13.746968094179984, 10.157185640882343, 14.192563222951543, 0.563253, 0.0583802, 0.404835, 2.29639, -4.25849, 3.0788
4.156148195266724, 54.30429255597757, 14.767242566159211, -8.101588818509434, -13.746968094179984, 10.157185640882343, 14.192563222951543, 0.657222, 0.104738, 0.547274, 2.63526, -5.3218, 2.93031
4.156639814376831, 54.30429255597757, 14.767242566159211, -8.101588818509434, -13.746968094179984, 10.157185640882343, 14.192563222951543, 0.657222, 0.104738, 0.547274, 2.63526, -5.3218, 2.93031
4.172389030456543, 54.30429255597757, 14.767242566159211, -8.101588818509434, -13.746968094179984, 10.157185640882343, 14.192563222951543, 0.665619, 0.136787, 0.559693, 2.81622, -5.36593, 2.99077
4.17288613319397, 54.30429255597757, 14.767242566159211, -8.101588818509434, -13.746968094179984, 10.157185640882343, 14.192563222951543, 0.665619, 0.136787, 0.559693, 2.81622, -5.36593, 2.99077
4.189098596572876, 54.30429255597757, 14.767242566159211, -8.101588818509434, -13.746968094179984, 10.157185640882343, 14.192563222951543, 0.665394, 0.141776, 0.545986, 2.88422, -5.28645, 2.85088
4.189586162567139, 54.30429255597757, 14.767242566159211, -8.101588818509434, -13.746968094179984, 10.157185640882343, 14.192563222951543, 0.665394, 0.141776, 0.545986, 2.88422, -5.28645, 2.85088
4.222620248794556, 54.30429255597757, 14.767242566159211, -8.101588818509434, -13.746968094179984, 10.157185640882343, 14.192563222951543, 0.723307, 0.14296, 0.608985, 2.91363, -5.85276, 3.12606
4.223111152648926, 54.30429255597757, 14.767242566159211, -8.101588818509434, -13.746968094179984, 10.157185640882343, 14.192563222951543, 0.723307, 0.14296, 0.608985, 2.91363, -5.85276, 3.12606
4.238966703414917, 54.30429255597757, 14.767242566159211, -8.101588818509434, -13.746968094179984, 10.157185640882343, 14.192563222951543, 0.731967, 0.184082, 0.611688, 3.10953, -5.83433, 3.14158
4.2394654750823975, 54.30429255597757, 14.767242566159211, -8.101588818509434, -13.746968094179984, 10.157185640882343, 14.192563222951543, 0.731967, 0.184082, 0.611688, 3.10953, -5.83433, 3.14158
4.256315231323242, 54.30429255597757, 14.767242566159211, -8.101588818509434, -13.746968094179984, 10.157185640882343, 14.192563222951543, 0.723438, 0.19297, 0.594688, 3.22501, -5.673, 2.91859
4.2568113803863525, 54.30429255597757, 14.767242566159211, -8.101588818509434, -13.746968094179984, 10.157185640882343, 14.192563222951543, 0.723438, 0.19297, 0.594688, 3.22501, -5.673, 2.91859
4.272531509399414, 54.30429255597757, 14.767242566159211, -8.101588818509434, -13.746968094179984, 10.157185640882343, 14.192563222951543, 0.732949, 0.19446, 0.619219, 3.20703, -5.8233, 3.01063
4.273020029067993, 54.30429255597757, 14.767242566159211, -8.101588818509434, -13.746968094179984, 10.157185640882343, 14.192563222951543, 0.732949, 0.19446, 0.619219, 3.20703, -5.8233, 3.01063
4.289141654968262, 54.30429255597757, 14.767242566159211, -8.101588818509434, -13.746968094179984, 10.157185640882343, 14.192563222951543, 0.721237, 0.186422, 0.596501, 3.18381, -5.69461, 3.02174
4.28966212272644, 54.30429255597757, 14.767242566159211, -8.101588818509434, -13.746968094179984, 10.157185640882343, 14.192563222951543, 0.721237, 0.186422, 0.596501, 3.18381, -5.69461, 3.02174
4.322674751281738, 54.30429255597757, 14.767242566159211, -8.101588818509434, -13.746968094179984, 10.157185640882343, 14.192563222951543, 0.708523, 0.188754, 0.557628, 3.19952, -5.49326, 2.9669
4.32316255569458, 54.30429255597757, 14.767242566159211, -8.101588818509434, -13.746968094179984, 10.157185640882343, 14.192563222951543, 0.708523, 0.188754, 0.557628, 3.19952, -5.49326, 2.9669
4.33906626701355, 54.30429255597757, 14.767242566159211, -8.101588818509434, -13.746968094179984, 10.157185640882343, 14.192563222951543, 0.729515, 0.207559, 0.587211, 3.32722, -5.67413, 2.82361
4.339555740356445, 54.30429255597757, 14.767242566159211, -8.101588818509434, -13.746968094179984, 10.157185640882343, 14.192563222951543, 0.729515, 0.207559, 0.587211, 3.32722, -5.67413, 2.82361
4.356238842010498, 54.30429255597757, 14.767242566159211, -8.101588818509434, -13.746968094179984, 10.157185640882343, 14.192563222951543, 0.725918, 0.20468, 0.569968, 3.33043, -5.61016, 2.84874
4.356739044189453, 54.30429255597757, 14.767242566159211, -8.101588818509434, -13.746968094179984, 10.157185640882343, 14.192563222951543, 0.725918, 0.20468, 0.569968, 3.33043, -5.61016, 2.84874
4.372357368469238, 54.30429255597757, 14.767242566159211, -8.101588818509434, -13.746968094179984, 10.157185640882343, 14.192563222951543, 0.745143, 0.194696, 0.606, 3.31747, -5.86194, 2.79926
4.372845888137817, 54.30429255597757, 14.767242566159211, -8.101588818509434, -13.746968094179984, 10.157185640882343, 14.192563222951543, 0.745143, 0.194696, 0.606, 3.31747, -5.86194, 2.79926
4.389168739318848, 54.30429255597757, 14.767242566159211, -8.101588818509434, -13.746968094179984, 10.157185640882343, 14.192563222951543, 0.738956, 0.212082, 0.583187, 3.37057, -5.75806, 2.8828
4.389663219451904, 54.30429255597757, 14.767242566159211, -8.101588818509434, -13.746968094179984, 10.157185640882343, 14.192563222951543, 0.738956, 0.212082, 0.583187, 3.37057, -5.75806, 2.8828
4.423176527023315, 54.30429255597757, 14.767242566159211, -8.101588818509434, -13.746968094179984, 10.157185640882343, 14.192563222951543, 0.765272, 0.20542, 0.610076, 3.36131, -6.01732, 3.03191
4.423692226409912, 54.30429255597757, 14.767242566159211, -8.101588818509434, -13.746968094179984, 10.157185640882343, 14.192563222951543, 0.765272, 0.20542, 0.610076, 3.36131, -6.01732, 3.03191
4.439046382904053, 54.30429255597757, 14.767242566159211, -8.101588818509434, -13.746968094179984, 10.157185640882343, 14.192563222951543, 0.77269, 0.234321, 0.59947, 3.54006, -5.91956, 2.91424
4.43955135345459, 54.30429255597757, 14.767242566159211, -8.101588818509434, -13.746968094179984, 10.157185640882343, 14.192563222951543, 0.77269, 0.234321, 0.59947, 3.54006, -5.91956, 2.91424
4.456253528594971, 54.30429255597757, 14.767242566159211, -8.101588818509434, -13.746968094179984, 10.157185640882343, 14.192563222951543, 0.783772, 0.235349, 0.615133, 3.53692, -6.01689, 2.93179
4.456748723983765, 54.30429255597757, 14.767242566159211, -8.101588818509434, -13.746968094179984, 10.157185640882343, 14.192563222951543, 0.783772, 0.235349, 0.615133, 3.53692, -6.01689, 2.93179
4.472425937652588, 54.30429255597757, 14.767242566159211, -8.101588818509434, -13.746968094179984, 10.157185640882343, 14.192563222951543, 0.780782, 0.242176, 0.599714, 3.51155, -5.93495, 3.13935
4.472924709320068, 54.30429255597757, 14.767242566159211, -8.101588818509434, -13.746968094179984, 10.157185640882343, 14.192563222951543, 0.780782, 0.242176, 0.599714, 3.51155, -5.93495, 3.13935
4.489124536514282, 54.30429255597757, 14.767242566159211, -8.101588818509434, -13.746968094179984, 10.157185640882343, 14.192563222951543, 0.792807, 0.254606, 0.610791, 3.61575, -5.97363, 2.87896
4.489622354507446, 54.30429255597757, 14.767242566159211, -8.101588818509434, -13.746968094179984, 10.157185640882343, 14.192563222951543, 0.792807, 0.254606, 0.610791, 3.61575, -5.97363, 2.87896
4.522415637969971, 54.30429255597757, 14.767242566159211, -8.101588818509434, -13.746968094179984, 10.157185640882343, 14.192563222951543, 0.816714, 0.288195, 0.634153, 3.75892, -6.08841, 2.91802
4.5229034423828125, 54.30429255597757, 14.767242566159211, -8.101588818509434, -13.746968094179984, 10.157185640882343, 14.192563222951543, 0.816714, 0.288195, 0.634153, 3.75892, -6.08841, 2.91802
4.539064407348633, 54.30429255597757, 14.767242566159211, -8.101588818509434, -13.746968094179984, 10.157185640882343, 14.192563222951543, 0.821626, 0.294574, 0.63237, 3.77606, -6.11395, 3.00639
4.539561986923218, 54.30429255597757, 14.767242566159211, -8.101588818509434, -13.746968094179984, 10.157185640882343, 14.192563222951543, 0.821626, 0.294574, 0.63237, 3.77606, -6.11395, 3.00639
4.555707216262817, 54.30429255597757, 14.767242566159211, -8.101588818509434, -13.746968094179984, 10.157185640882343, 14.192563222951543, 0.813133, 0.291698, 0.61882, 3.78019, -6.0095, 2.8841
4.5561957359313965, 54.30429255597757, 14.767242566159211, -8.101588818509434, -13.746968094179984, 10.157185640882343, 14.192563222951543, 0.813133, 0.291698, 0.61882, 3.78019, -6.0095, 2.8841
4.573103427886963, 54.30429255597757, 14.767242566159211, -8.101588818509434, -13.746968094179984, 10.157185640882343, 14.192563222951543, 0.808872, 0.2682, 0.607818, 3.66823, -5.97715, 2.8751
4.573604345321655, 54.30429255597757, 14.767242566159211, -8.101588818509434, -13.746968094179984, 10.157185640882343, 14.192563222951543, 0.808872, 0.2682, 0.607818, 3.66823, -5.97715, 2.8751
4.589112758636475, 54.30429255597757, 14.767242566159211, -8.101588818509434, -13.746968094179984, 10.157185640882343, 14.192563222951543, 0.806753, 0.253711, 0.595177, 3.58392, -5.96195, 2.96515
4.589614152908325, 54.30429255597757, 14.767242566159211, -8.101588818509434, -13.746968094179984, 10.157185640882343, 14.192563222951543, 0.806753, 0.253711, 0.595177, 3.58392, -5.96195, 2.96515
4.623319864273071, 54.30429255597757, 14.767242566159211, -8.101588818509434, -13.746968094179984, 10.157185640882343, 14.192563222951543, 0.779936, 0.206567, 0.533072, 3.28709, -5.70091, 3.11163
4.623820543289185, 54.30429255597757, 14.767242566159211, -8.101588818509434, -13.746968094179984, 10.157185640882343, 14.192563222951543, 0.779936, 0.206567, 0.533072, 3.28709, -5.70091, 3.11163
4.63910174369812, 54.30429255597757, 14.767242566159211, -8.101588818509434, -13.746968094179984, 10.157185640882343, 14.192563222951543, 0.769724, 0.189381, 0.518843, 3.1372, -5.64052, 3.24687
4.639595985412598, 54.30429255597757, 14.767242566159211, -8.101588818509434, -13.746968094179984, 10.157185640882343, 14.192563222951543, 0.769724, 0.189381, 0.518843, 3.1372, -5.64052, 3.24687
4.65578556060791, 54.30429255597757, 14.767242566159211, -8.101588818509434, -13.746968094179984, 10.157185640882343, 14.192563222951543, 0.751306, 0.156936, 0.494065, 2.96349, -5.48608, 3.24023
4.656287908554077, 54.30429255597757, 14.767242566159211, -8.101588818509434, -13.746968094179984, 10.157185640882343, 14.192563222951543, 0.751306, 0.156936, 0.494065, 2.96349, -5.48608, 3.24023
4.673395395278931, 54.30429255597757, 14.767242566159211, -8.101588818509434, -13.746968094179984, 10.157185640882343, 14.192563222951543, 0.720199, 0.112918, 0.454763, 2.69229, -5.21453, 3.2345
4.6738903522491455, 54.30429255597757, 14.767242566159211, -8.101588818509434, -13.746968094179984, 10.157185640882343, 14.192563222951543, 0.720199, 0.112918, 0.454763, 2.69229, -5.21453, 3.2345
4.689175605773926, 54.30429255597757, 14.767242566159211, -8.101588818509434, -13.746968094179984, 10.157185640882343, 14.192563222951543, 0.686288, 0.064057, 0.376443, 2.42769, -4.73827, 3.22389
4.689668893814087, 54.30429255597757, 14.767242566159211, -8.101588818509434, -13.746968094179984, 10.157185640882343, 14.192563222951543, 0.686288, 0.064057, 0.376443, 2.42769, -4.73827, 3.22389
4.722973346710205, 54.30429255597757, 14.767242566159211, -8.101588818509434, -13.746968094179984, 10.157185640882343, 14.192563222951543, 0.651752, -0.00617883, 0.287359, 1.97303, -4.15738, 3.31316
4.723486423492432, 54.30429255597757, 14.767242566159211, -8.101588818509434, -13.746968094179984, 10.157185640882343, 14.192563222951543, 0.651752, -0.00617883, 0.287359, 1.97303, -4.15738, 3.31316
4.739047288894653, 54.30429255597757, 14.767242566159211, -8.101588818509434, -13.746968094179984, 10.157185640882343, 14.192563222951543, 0.62698, -0.0611138, 0.222217, 1.59865, -3.70548, 3.50823
4.739543199539185, 54.30429255597757, 14.767242566159211, -8.101588818509434, -13.746968094179984, 10.157185640882343, 14.192563222951543, 0.62698, -0.0611138, 0.222217, 1.59865, -3.70548, 3.50823
4.755833148956299, 54.30429255597757, 14.767242566159211, -8.101588818509434, -13.746968094179984, 10.157185640882343, 14.192563222951543, 0.613059, -0.0769718, 0.187727, 1.48938, -3.47341, 3.44676
4.756337642669678, 54.30429255597757, 14.767242566159211, -8.101588818509434, -13.746968094179984, 10.157185640882343, 14.192563222951543, 0.613059, -0.0769718, 0.187727, 1.48938, -3.47341, 3.44676
4.773318767547607, 54.30429255597757, 14.767242566159211, -8.101588818509434, -13.746968094179984, 10.157185640882343, 14.192563222951543, 0.592878, -0.111031, 0.160207, 1.21993, -3.21529, 3.57182
4.773818016052246, 54.30429255597757, 14.767242566159211, -8.101588818509434, -13.746968094179984, 10.157185640882343, 14.192563222951543, 0.592878, -0.111031, 0.160207, 1.21993, -3.21529, 3.57182
4.789216995239258, 54.30429255597757, 14.767242566159211, -8.101588818509434, -13.746968094179984, 10.157185640882343, 14.192563222951543, 0.621769, -0.000661103, 0.538842, 0.713244, -5.30556, 6.56839
4.789713621139526, 54.30429255597757, 14.767242566159211, -8.101588818509434, -13.746968094179984, 10.157185640882343, 14.192563222951543, 0.621769, -0.000661103, 0.538842, 0.713244, -5.30556, 6.56839
