# Timestamp, Fx, Fy, Fz, Tx, Ty, Tz, FemurPosX, FemurPosY, FemurPosZ, FemurQuatW, FemurQuatX, FemurQuatY, FemurQuatZ, TibiaPosX, TibiaPosY, TibiaPosZ, TibiaQuatW, TibiaQuatX, TibiaQuatY, TibiaQuatZ, Flexion, Adduction, Rotation, Anterior_Posterior, Medial_Lateral, Proximal_Distal
0.0706634521484375,-7.39317,4.20688,-1.3317,0.310942,1.22789,0.738819,0.0369579,0.45613,0.328744,0.34489,0.65752,0.575802,-0.342302,0.0147844,0.397561,-0.107922,0.684212,0.298628,0.398788,-0.532581,57.21784209268978,4.109635046264155,-26.090358749041478,-6.365010511183166,-13.35117960703044,4.528031440673464
0.07165265083312988,-7.39317,4.20688,-1.3317,0.310942,1.22789,0.738819,0.0369579,0.45613,0.328744,0.34489,0.65752,0.575802,-0.342302,0.0147844,0.397561,-0.107922,0.684212,0.298628,0.398788,-0.532581,57.21784209268978,4.109635046264155,-26.090358749041478,-6.365010511183166,-13.35117960703044,4.528031440673464
0.14224863052368164,-7.3521,3.82934,-1.26921,0.253895,1.21187,0.669087,0.0369373,0.456115,0.328677,0.345323,0.65723,0.575976,-0.34213,0.0154469,0.395455,-0.108627,0.685108,0.296212,0.394888,-0.535677,57.821399321425545,4.01361002419445,-25.86183761124583,-6.2085685272063085,-13.531402551861083,4.314432062295223
0.1432788372039795,-7.3521,3.82934,-1.26921,0.253895,1.21187,0.669087,0.0369373,0.456115,0.328677,0.345323,0.65723,0.575976,-0.34213,0.0154469,0.395455,-0.108627,0.685108,0.296212,0.394888,-0.535677,57.821399321425545,4.01361002419445,-25.86183761124583,-6.2085685272063085,-13.531402551861083,4.314432062295223
0.21443390846252441,-7.59616,3.69354,-0.865837,0.220194,1.15096,0.633554,0.0369335,0.456116,0.328559,0.346181,0.656469,0.576342,-0.342107,0.0164529,0.392843,-0.109422,0.682447,0.293356,0.389912,-0.544221,58.62754799230783,3.328845461437877,-24.225724102126613,-5.840436364849332,-13.285321289547374,4.215655255279799
0.21540117263793945,-7.59616,3.69354,-0.865837,0.220194,1.15096,0.633554,0.0369335,0.456116,0.328559,0.346181,0.656469,0.576342,-0.342107,0.0164529,0.392843,-0.109422,0.682447,0.293356,0.389912,-0.544221,58.62754799230783,3.328845461437877,-24.225724102126613,-5.840436364849332,-13.285321289547374,4.215655255279799
0.2877669334411621,-7.66556,3.86018,-0.536887,0.243226,1.09353,0.659485,0.036998,0.456073,0.328327,0.346338,0.65558,0.57705,-0.342459,0.0182473,0.388946,-0.11103,0.686409,0.291218,0.383252,-0.545118,59.41842944091167,3.792212426849342,-24.89811058601755,-6.32335210548686,-13.598795902199159,4.6875007009320235
0.28871965408325195,-7.66556,3.86018,-0.536887,0.243226,1.09353,0.659485,0.036998,0.456073,0.328327,0.346338,0.65558,0.57705,-0.342459,0.0182473,0.388946,-0.11103,0.686409,0.291218,0.383252,-0.545118,59.41842944091167,3.792212426849342,-24.89811058601755,-6.32335210548686,-13.598795902199159,4.6875007009320235
0.3618433475494385,-7.64442,4.35332,-0.265054,0.31434,1.03695,0.76064,0.0370388,0.456044,0.328313,0.346,0.655657,0.576901,-0.342903,0.0208806,0.38288,-0.112438,0.690379,0.284135,0.372897,-0.550992,61.06080959787896,3.926161002068749,-25.334702312988195,-6.544554702218984,-12.362124449095699,4.2942250010083285
0.3628089427947998,-7.64442,4.35332,-0.265054,0.31434,1.03695,0.76064,0.0370388,0.456044,0.328313,0.346,0.655657,0.576901,-0.342903,0.0208806,0.38288,-0.112438,0.690379,0.284135,0.372897,-0.550992,61.06080959787896,3.926161002068749,-25.334702312988195,-6.544554702218984,-12.362124449095699,4.2942250010083285
0.5161137580871582,-7.69511,4.52075,0.00888398,0.334221,1.00018,0.804165,0.037123,0.455966,0.328175,0.346127,0.656387,0.576567,-0.341939,0.0236112,0.376061,-0.114111,0.693047,0.280621,0.361826,-0.556794,62.53444566959364,3.9841578772345256,-25.369257703619372,-8.305270161338264,-13.160961638353099,5.042122112893336
0.5170748233795166,-7.69511,4.52075,0.00888398,0.334221,1.00018,0.804165,0.037123,0.455966,0.328175,0.346127,0.656387,0.576567,-0.341939,0.0236112,0.376061,-0.114111,0.693047,0.280621,0.361826,-0.556794,62.53444566959364,3.9841578772345256,-25.369257703619372,-8.305270161338264,-13.160961638353099,5.042122112893336
0.5876598358154297,-7.64238,4.43912,-0.444588,0.333846,1.08695,0.781785,0.0371392,0.455957,0.328252,0.34646,0.654856,0.577365,-0.343189,0.0331882,0.354222,-0.1178,0.699915,0.26741,0.320151,-0.579753,67.75462446746113,4.197635305401922,-25.201821262802873,-10.312915364792273,-13.672112086060851,6.107642329493453
0.588618278503418,-7.64238,4.43912,-0.444588,0.333846,1.08695,0.781785,0.0371392,0.455957,0.328252,0.34646,0.654856,0.577365,-0.343189,0.0331882,0.354222,-0.1178,0.699915,0.26741,0.320151,-0.579753,67.75462446746113,4.197635305401922,-25.201821262802873,-10.312915364792273,-13.672112086060851,6.107642329493453
0.6624929904937744,-7.4666,4.74745,-0.513859,0.380039,1.08724,0.850692,0.0371319,0.455966,0.328288,0.346714,0.654794,0.577336,-0.343101,0.0401482,0.339085,-0.119034,0.703997,0.254104,0.293727,-0.594596,71.43560265389563,3.9207763329206515,-25.33905365285083,-11.541964819051254,-11.539418110513523,6.935919688996694
0.6635301113128662,-7.4666,4.74745,-0.513859,0.380039,1.08724,0.850692,0.0371319,0.455966,0.328288,0.346714,0.654794,0.577336,-0.343101,0.0401482,0.339085,-0.119034,0.703997,0.254104,0.293727,-0.594596,71.43560265389563,3.9207763329206515,-25.33905365285083,-11.541964819051254,-11.539418110513523,6.935919688996694
0.7353081703186035,-7.65861,4.81242,-0.0496565,0.38218,1.01916,0.857893,0.0373071,0.455889,0.328128,0.346767,0.656106,0.576946,-0.34119,0.0458618,0.326502,-0.119596,0.707588,0.24828,0.268562,-0.604608,74.46711783447665,3.9998074145051863,-26.572042805890842,-13.626483924498586,-13.391074964293137,7.910125030452187
0.7362668514251709,-7.65861,4.81242,-0.0496565,0.38218,1.01916,0.857893,0.0373071,0.455889,0.328128,0.346767,0.656106,0.576946,-0.34119,0.0458618,0.326502,-0.119596,0.707588,0.24828,0.268562,-0.604608,74.46711783447665,3.9998074145051863,-26.572042805890842,-13.626483924498586,-13.391074964293137,7.910125030452187
0.8058931827545166,-7.82543,4.6684,0.320458,0.346053,0.971157,0.822517,0.037264,0.45582,0.32786,0.345353,0.65553,0.577424,-0.342918,0.0522385,0.312231,-0.119629,0.709405,0.23897,0.240047,-0.618074,77.97990002410393,3.9709291369908204,-28.669495702867586,-14.438557997510468,-11.822278160510463,8.98383649925371
0.806847095489502,-7.82543,4.6684,0.320458,0.346053,0.971157,0.822517,0.037264,0.45582,0.32786,0.345353,0.65553,0.577424,-0.342918,0.0522385,0.312231,-0.119629,0.709405,0.23897,0.240047,-0.618074,77.97990002410393,3.9709291369908204,-28.669495702867586,-14.438557997510468,-11.822278160510463,8.98383649925371
0.8772051334381104,-7.93288,4.48874,0.579076,0.306537,0.925465,0.784466,0.0373358,0.455812,0.327711,0.345716,0.654778,0.577844,-0.343281,0.0570934,0.301232,-0.118955,0.711068,0.231999,0.220574,-0.626024,80.3230656661198,3.8207449472862605,-30.860474252947,-15.551392825832345,-11.046830348551238,10.451470084490005
0.8781743049621582,-7.93288,4.48874,0.579076,0.306537,0.925465,0.784466,0.0373358,0.455812,0.327711,0.345716,0.654778,0.577844,-0.343281,0.0570934,0.301232,-0.118955,0.711068,0.231999,0.220574,-0.626024,80.3230656661198,3.8207449472862605,-30.860474252947,-15.551392825832345,-11.046830348551238,10.451470084490005
0.9485499858856201,-7.85607,4.42284,0.691039,0.282106,0.887554,0.774644,0.0374377,0.455711,0.327581,0.346163,0.655771,0.576916,-0.342496,0.0614283,0.291032,-0.117714,0.709866,0.226633,0.195578,-0.637556,83.08806010985877,3.326427099309916,-33.533225452528306,-15.29930783630493,-12.33939195963973,10.215958929481049
0.9495091438293457,-7.85607,4.42284,0.691039,0.282106,0.887554,0.774644,0.0374377,0.455711,0.327581,0.346163,0.655771,0.576916,-0.342496,0.0614283,0.291032,-0.117714,0.709866,0.226633,0.195578,-0.637556,83.08806010985877,3.326427099309916,-33.533225452528306,-15.29930783630493,-12.33939195963973,10.215958929481049
1.0199832916259766,-7.76529,4.31758,0.36698,0.261346,0.947801,0.763258,0.0373344,0.455759,0.327653,0.346177,0.655333,0.577195,-0.34285,0.0636419,0.284506,-0.116075,0.706408,0.22357,0.183283,-0.646074,84.45237057977681,2.6323178527952535,-32.21791938186239,-16.473351817335917,-11.652931404262974,10.99805256458303
1.0209548473358154,-7.76529,4.31758,0.36698,0.261346,0.947801,0.763258,0.0373344,0.455759,0.327653,0.346177,0.655333,0.577195,-0.34285,0.0636419,0.284506,-0.116075,0.706408,0.22357,0.183283,-0.646074,84.45237057977681,2.6323178527952535,-32.21791938186239,-16.473351817335917,-11.652931404262974,10.99805256458303
1.1043739318847656,-8.15146,3.40888,0.567761,0.106278,0.950805,0.584689,0.0373991,0.455782,0.327768,0.345593,0.655161,0.577825,-0.342708,0.0605662,0.283994,-0.115993,0.707802,0.2178,0.18643,-0.645619,84.68045820986174,2.5134550140770293,-32.807568404799,-16.536670101823198,-12.134755882139057,10.717557474730112
1.1053333282470703,-8.15146,3.40888,0.567761,0.106278,0.950805,0.584689,0.0373991,0.455782,0.327768,0.345593,0.655161,0.577825,-0.342708,0.0605662,0.283994,-0.115993,0.707802,0.2178,0.18643,-0.645619,84.68045820986174,2.5134550140770293,-32.807568404799,-16.536670101823198,-12.134755882139057,10.717557474730112
1.17433762550354,-7.93359,3.28622,0.719082,0.0903769,0.904305,0.562519,0.0373175,0.455719,0.327367,0.34661,0.654837,0.576907,-0.343844,0.0566304,0.290344,-0.117471,0.706295,0.220478,0.201316,-0.641878,82.89551702272463,2.434428170233354,-27.32900785786147,-15.385636694927234,-12.027617584536085,9.96734072557145
1.1752994060516357,-7.93359,3.28622,0.719082,0.0903769,0.904305,0.562519,0.0373175,0.455719,0.327367,0.34661,0.654837,0.576907,-0.343844,0.0566304,0.290344,-0.117471,0.706295,0.220478,0.201316,-0.641878,82.89551702272463,2.434428170233354,-27.32900785786147,-15.385636694927234,-12.027617584536085,9.96734072557145
1.2449195384979248,-7.97165,3.16286,0.415906,0.08697,0.981182,0.53799,0.0372063,0.455881,0.327795,0.344306,0.655352,0.57795,-0.343426,0.0517268,0.304216,-0.118952,0.703992,0.230044,0.228896,-0.63173,79.85698354422937,2.677058330802294,-24.5012164504589,-15.575416480058136,-10.919360352519258,9.825960824992176
1.245955467224121,-7.97165,3.16286,0.415906,0.08697,0.981182,0.53799,0.0372063,0.455881,0.327795,0.344306,0.655352,0.57795,-0.343426,0.0517268,0.304216,-0.118952,0.703992,0.230044,0.228896,-0.63173,79.85698354422937,2.677058330802294,-24.5012164504589,-15.575416480058136,-10.919360352519258,9.825960824992176
1.3165783882141113,-8.18108,3.05028,0.405873,0.0709341,1.00929,0.514253,0.037164,0.455894,0.327719,0.344235,0.656263,0.577073,-0.343232,0.0456868,0.320872,-0.120071,0.702244,0.243763,0.258227,-0.617051,75.98937621618678,3.2324112017776594,-24.149292301992933,-14.138461198979792,-12.321113605333375,8.49694320155772
1.31754469871521,-8.18108,3.05028,0.405873,0.0709341,1.00929,0.514253,0.037164,0.455894,0.327719,0.344235,0.656263,0.577073,-0.343232,0.0456868,0.320872,-0.120071,0.702244,0.243763,0.258227,-0.617051,75.98937621618678,3.2324112017776594,-24.149292301992933,-14.138461198979792,-12.321113605333375,8.49694320155772
1.3882369995117188,-8.01067,3.19711,0.280204,0.0911952,1.03041,0.547907,0.037106,0.455939,0.327869,0.344598,0.656217,0.576931,-0.343194,0.0375964,0.340372,-0.119516,0.700741,0.254495,0.297329,-0.596482,71.27689182689542,3.61152541157701,-24.52006017101608,-12.213616349366893,-11.710243813911744,7.192167172990702
1.3891935348510742,-8.01067,3.19711,0.280204,0.0911952,1.03041,0.547907,0.037106,0.455939,0.327869,0.344598,0.656217,0.576931,-0.343194,0.0375964,0.340372,-0.119516,0.700741,0.254495,0.297329,-0.596482,71.27689182689542,3.61152541157701,-24.52006017101608,-12.213616349366893,-11.710243813911744,7.192167172990702
1.4601902961730957,-8.21506,2.94086,0.285062,0.0672232,1.05954,0.492252,0.0370693,0.455944,0.327823,0.344163,0.656134,0.577205,-0.34333,0.0262797,0.367009,-0.116346,0.691833,0.272497,0.34522,-0.572657,65.10458688038372,3.469090560895241,-23.876002302214637,-9.06492050537888,-11.87050694175898,5.300710868577786
1.4611799716949463,-8.21506,2.94086,0.285062,0.0672232,1.05954,0.492252,0.0370693,0.455944,0.327823,0.344163,0.656134,0.577205,-0.34333,0.0262797,0.367009,-0.116346,0.691833,0.272497,0.34522,-0.572657,65.10458688038372,3.469090560895241,-23.876002302214637,-9.06492050537888,-11.87050694175898,5.300710868577786
1.5314409732818604,-8.20654,3.64361,0.043897,0.181531,1.09268,0.628804,0.0369903,0.45601,0.327939,0.344754,0.656236,0.576945,-0.342978,0.017602,0.389054,-0.111129,0.686096,0.289225,0.385817,-0.544763,59.43654124556899,3.7461515994843664,-25.21060160671397,-6.8485550384412575,-11.977825897596222,4.715782957788078
1.5324130058288574,-8.20654,3.64361,0.043897,0.181531,1.09268,0.628804,0.0369903,0.45601,0.327939,0.344754,0.656236,0.576945,-0.342978,0.017602,0.389054,-0.111129,0.686096,0.289225,0.385817,-0.544763,59.43654124556899,3.7461515994843664,-25.21060160671397,-6.8485550384412575,-11.977825897596222,4.715782957788078
1.6032493114471436,-7.94127,3.87495,-0.656098,0.227798,1.21613,0.677114,0.0369987,0.456067,0.328483,0.346056,0.65641,0.576407,-0.342237,0.00983567,0.411501,-0.103274,0.675449,0.309903,0.42214,-0.51916,53.72439051821033,3.620991326528215,-25.431098877245756,-3.8589251210252655,-13.231649770821303,4.171206460151609
1.6041955947875977,-7.94127,3.87495,-0.656098,0.227798,1.21613,0.677114,0.0369987,0.456067,0.328483,0.346056,0.65641,0.576407,-0.342237,0.00983567,0.411501,-0.103274,0.675449,0.309903,0.42214,-0.51916,53.72439051821033,3.620991326528215,-25.431098877245756,-3.8589251210252655,-13.231649770821303,4.171206460151609
1.6757495403289795,-8.10678,4.21114,-0.396586,0.285216,1.17988,0.741714,0.0370038,0.456047,0.328315,0.346576,0.656205,0.576503,-0.341943,0.000375755,0.429217,-0.0955182,0.677778,0.321507,0.457608,-0.477331,48.30244922028776,4.91680377808858,-29.62033331531681,-1.5298406472874788,-13.74153042082663,4.042630245715441
1.6767263412475586,-8.10678,4.21114,-0.396586,0.285216,1.17988,0.741714,0.0370038,0.456047,0.328315,0.346576,0.656205,0.576503,-0.341943,0.000375755,0.429217,-0.0955182,0.677778,0.321507,0.457608,-0.477331,48.30244922028776,4.91680377808858,-29.62033331531681,-1.5298406472874788,-13.74153042082663,4.042630245715441
1.7458274364471436,-7.97123,4.57884,-0.556731,0.354175,1.18806,0.823283,0.0369322,0.456092,0.328528,0.345993,0.656584,0.576259,-0.342217,-0.00937524,0.447628,-0.0844487,0.6702,0.335665,0.492978,-0.441739,42.71420264752494,5.117475121883981,-31.66529574144086,0.7015895856231666,-13.129052545418602,4.086480865542241
1.7467811107635498,-7.97123,4.57884,-0.556731,0.354175,1.18806,0.823283,0.0369322,0.456092,0.328528,0.345993,0.656584,0.576259,-0.342217,-0.00937524,0.447628,-0.0844487,0.6702,0.335665,0.492978,-0.441739,42.71420264752494,5.117475121883981,-31.66529574144086,0.7015895856231666,-13.129052545418602,4.086480865542241
1.815674066543579,-7.74747,4.93812,-0.850525,0.432752,1.20501,0.909085,0.0370455,0.456019,0.328575,0.345528,0.656191,0.576627,-0.342819,-0.0180221,0.462289,-0.0732416,0.65775,0.347246,0.524132,-0.414814,37.89311193322935,4.498684471656017,-32.3752141619619,2.3730221011776513,-11.907455907580175,4.867154916714835
1.8166277408599854,-7.74747,4.93812,-0.850525,0.432752,1.20501,0.909085,0.0370455,0.456019,0.328575,0.345528,0.656191,0.576627,-0.342819,-0.0180221,0.462289,-0.0732416,0.65775,0.347246,0.524132,-0.414814,37.89311193322935,4.498684471656017,-32.3752141619619,2.3730221011776513,-11.907455907580175,4.867154916714835
1.8863768577575684,-7.5284,5.3857,-1.08347,0.509979,1.21688,1.00509,0.0369109,0.456127,0.328788,0.345081,0.656978,0.576448,-0.342062,-0.0257668,0.475016,-0.0620732,0.650706,0.358295,0.550163,-0.381481,33.32146831457053,4.508880648840548,-34.296862055906146,3.694212700297093,-11.403830577165046,5.452919700156071
1.8873281478881836,-7.5284,5.3857,-1.08347,0.509979,1.21688,1.00509,0.0369109,0.456127,0.328788,0.345081,0.656978,0.576448,-0.342062,-0.0257668,0.475016,-0.0620732,0.650706,0.358295,0.550163,-0.381481,33.32146831457053,4.508880648840548,-34.296862055906146,3.694212700297093,-11.403830577165046,5.452919700156071
1.9562427997589111,-7.67816,5.12219,-0.903772,0.479809,1.19954,0.944213,0.0370173,0.456033,0.328798,0.346015,0.655332,0.577319,-0.342807,-0.0278915,0.490663,-0.0485846,0.632277,0.3851,0.562505,-0.36812,29.180323122838864,4.68283414664112,-32.614663101128734,7.034877378885478,-14.951494323916767,3.991182252547214
1.9572083950042725,-7.67816,5.12219,-0.903772,0.479809,1.19954,0.944213,0.0370173,0.456033,0.328798,0.346015,0.655332,0.577319,-0.342807,-0.0278915,0.490663,-0.0485846,0.632277,0.3851,0.562505,-0.36812,29.180323122838864,4.68283414664112,-32.614663101128734,7.034877378885478,-14.951494323916767,3.991182252547214
2.0262694358825684,-7.64325,5.26762,-1.16574,0.501,1.23465,0.962924,0.0370263,0.45605,0.328704,0.348115,0.656228,0.575499,-0.342025,-0.0295165,0.504557,-0.0357775,0.616639,0.407544,0.577291,-0.346986,24.705124728689828,4.639130400445161,-32.12077380084351,9.93634667441633,-16.494175485346364,5.058878003104033
2.0272512435913086,-7.64325,5.26762,-1.16574,0.501,1.23465,0.962924,0.0370263,0.45605,0.328704,0.348115,0.656228,0.575499,-0.342025,-0.0295165,0.504557,-0.0357775,0.616639,0.407544,0.577291,-0.346986,24.705124728689828,4.639130400445161,-32.12077380084351,9.93634667441633,-16.494175485346364,5.058878003104033
2.101531505584717,-7.63186,5.25693,-1.05288,0.487468,1.183,0.956362,0.0370225,0.456063,0.328886,0.346106,0.656945,0.576401,-0.341168,-0.03081,0.519526,-0.0199482,0.59344,0.438421,0.589111,-0.32949,20.24044771426979,5.065395678197443,-30.56202455109458,10.792738545005864,-20.247974958225335,5.046464143535861
2.1024856567382812,-7.63186,5.25693,-1.05288,0.487468,1.183,0.956362,0.0370225,0.456063,0.328886,0.346106,0.656945,0.576401,-0.341168,-0.03081,0.519526,-0.0199482,0.59344,0.438421,0.589111,-0.32949,20.24044771426979,5.065395678197443,-30.56202455109458,10.792738545005864,-20.247974958225335,5.046464143535861
2.175679922103882,-7.34964,5.36478,-1.43809,0.516153,1.22533,0.984548,0.0371496,0.455992,0.328969,0.346191,0.655899,0.577242,-0.341671,-0.0342707,0.530156,-0.00458632,0.5766,0.45519,0.606423,-0.304277,15.768005295054841,5.08302741909496,-30.680834894058638,12.82516720218087,-19.79032582143297,6.45672649560798
2.1768229007720947,-7.34964,5.36478,-1.43809,0.516153,1.22533,0.984548,0.0371496,0.455992,0.328969,0.346191,0.655899,0.577242,-0.341671,-0.0342707,0.530156,-0.00458632,0.5766,0.45519,0.606423,-0.304277,15.768005295054841,5.08302741909496,-30.680834894058638,12.82516720218087,-19.79032582143297,6.45672649560798
2.2502059936523438,-7.34599,5.31792,-1.31454,0.499478,1.18454,0.978616,0.0371346,0.456056,0.328953,0.345751,0.655268,0.578152,-0.34179,-0.0367645,0.539993,0.0103572,0.556442,0.470305,0.621654,-0.287631,12.010996557652861,4.612147274082002,-29.98654955202035,15.2228155231972,-19.377718914998702,7.6667124432350855
2.2511672973632812,-7.34599,5.31792,-1.31454,0.499478,1.18454,0.978616,0.0371346,0.456056,0.328953,0.345751,0.655268,0.578152,-0.34179,-0.0367645,0.539993,0.0103572,0.556442,0.470305,0.621654,-0.287631,12.010996557652861,4.612147274082002,-29.98654955202035,15.2228155231972,-19.377718914998702,7.6667124432350855
2.324061870574951,-7.92256,5.22836,-1.41512,0.474656,1.22954,0.964114,0.0370174,0.456068,0.328985,0.346011,0.654615,0.578233,-0.34264,-0.041411,0.547599,0.0252949,0.541385,0.485868,0.634111,-0.26218,7.8397021980125245,4.913352108181676,-30.359254578698316,17.00400193122469,-20.959348948066953,9.195601709981876
2.325010061264038,-7.92256,5.22836,-1.41512,0.474656,1.22954,0.964114,0.0370174,0.456068,0.328985,0.346011,0.654615,0.578233,-0.34264,-0.041411,0.547599,0.0252949,0.541385,0.485868,0.634111,-0.26218,7.8397021980125245,4.913352108181676,-30.359254578698316,17.00400193122469,-20.959348948066953,9.195601709981876
2.398696184158325,-7.16143,5.77622,-2.07171,0.533557,1.2707,1.07696,0.0371838,0.456047,0.329119,0.345411,0.655456,0.577909,-0.342185,-0.0455344,0.552093,0.0381279,0.527936,0.490909,0.649662,-0.241313,4.700925858981272,4.009463601385722,-31.104167610346323,18.22569123331763,-19.08354698953946,10.524434708663588
2.3997082710266113,-7.16143,5.77622,-2.07171,0.533557,1.2707,1.07696,0.0371838,0.456047,0.329119,0.345411,0.655456,0.577909,-0.342185,-0.0455344,0.552093,0.0381279,0.527936,0.490909,0.649662,-0.241313,4.700925858981272,4.009463601385722,-31.104167610346323,18.22569123331763,-19.08354698953946,10.524434708663588
2.4728755950927734,-6.80456,5.5173,-2.6009,0.507313,1.30057,1.04601,0.0373348,0.456007,0.329286,0.345655,0.655548,0.577894,-0.341787,-0.0451265,0.556404,0.0474133,0.513778,0.503154,0.655365,-0.231007,2.260591897540099,3.9879539288585644,-30.390799846234398,18.259842424243544,-19.735835800826077,12.243874888132279
2.47383451461792,-6.80456,5.5173,-2.6009,0.507313,1.30057,1.04601,0.0373348,0.456007,0.329286,0.345655,0.655548,0.577894,-0.341787,-0.0451265,0.556404,0.0474133,0.513778,0.503154,0.655365,-0.231007,2.260591897540099,3.9879539288585644,-30.390799846234398,18.259842424243544,-19.735835800826077,12.243874888132279
2.544084310531616,-6.97056,5.64366,-2.42059,0.505925,1.30889,1.07005,0.0375483,0.455929,0.329216,0.345614,0.655583,0.578269,-0.341125,-0.0419827,0.559538,0.0523699,0.505371,0.513082,0.653523,-0.232927,1.5472696993193744,4.338944429654874,-29.087843564892914,19.315083052251232,-20.981127381629623,11.318418573101654
2.54506516456604,-6.97056,5.64366,-2.42059,0.505925,1.30889,1.07005,0.0375483,0.455929,0.329216,0.345614,0.655583,0.578269,-0.341125,-0.0419827,0.559538,0.0523699,0.505371,0.513082,0.653523,-0.232927,1.5472696993193744,4.338944429654874,-29.087843564892914,19.315083052251232,-20.981127381629623,11.318418573101654
2.619072675704956,-6.80931,5.37279,-2.60938,0.490373,1.32991,1.05626,0.0376926,0.455901,0.329329,0.34531,0.656248,0.577583,-0.341316,-0.0403682,0.560842,0.0554093,0.498465,0.512479,0.658797,-0.234273,1.0623660067103535,3.4750679594085256,-28.750183775597737,19.838150045814835,-17.987930766755436,12.2694973386251
2.620039939880371,-6.80931,5.37279,-2.60938,0.490373,1.32991,1.05626,0.0376926,0.455901,0.329329,0.34531,0.656248,0.577583,-0.341316,-0.0403682,0.560842,0.0554093,0.498465,0.512479,0.658797,-0.234273,1.0623660067103535,3.4750679594085256,-28.750183775597737,19.838150045814835,-17.987930766755436,12.2694973386251
2.6944167613983154,-6.61348,5.17221,-2.56388,0.458992,1.35911,1.05555,0.0375897,0.45587,0.329141,0.347152,0.656427,0.577244,-0.339675,-0.0361516,0.562467,0.0559341,0.492522,0.516974,0.656161,-0.244156,1.2796229371067431,3.244410784291078,-27.097804061797408,20.583978952543276,-18.669296676266807,12.053425724609326
2.695544719696045,-6.61348,5.17221,-2.56388,0.458992,1.35911,1.05555,0.0375897,0.45587,0.329141,0.347152,0.656427,0.577244,-0.339675,-0.0361516,0.562467,0.0559341,0.492522,0.516974,0.656161,-0.244156,1.2796229371067431,3.244410784291078,-27.097804061797408,20.583978952543276,-18.669296676266807,12.053425724609326
2.7686028480529785,-6.87032,5.17675,-2.1232,0.433345,1.34529,1.04677,0.0373983,0.45593,0.329028,0.345783,0.656065,0.577549,-0.341247,-0.0314464,0.5639,0.055047,0.490987,0.52215,0.649923,-0.252769,1.8354492706717833,3.8952730534150426,-26.13808669629038,21.16786701227619,-17.478479340278312,11.192010973022157
2.769576072692871,-6.87032,5.17675,-2.1232,0.433345,1.34529,1.04677,0.0373983,0.45593,0.329028,0.345783,0.656065,0.577549,-0.341247,-0.0314464,0.5639,0.055047,0.490987,0.52215,0.649923,-0.252769,1.8354492706717833,3.8952730534150426,-26.13808669629038,21.16786701227619,-17.478479340278312,11.192010973022157
2.8434314727783203,-6.77897,4.65487,-2.31284,0.398512,1.33518,0.844628,0.0373313,0.455888,0.328917,0.345811,0.656045,0.577169,-0.3419,-0.0352988,0.563412,0.0552615,0.491621,0.521039,0.652121,-0.248123,1.4285156422451848,3.838113378941417,-26.691462291607483,20.942420855538135,-19.334512362492767,11.968076768121055
2.8445634841918945,-6.77897,4.65487,-2.31284,0.398512,1.33518,0.844628,0.0373313,0.455888,0.328917,0.345811,0.656045,0.577169,-0.3419,-0.0352988,0.563412,0.0552615,0.491621,0.521039,0.652121,-0.248123,1.4285156422451848,3.838113378941417,-26.691462291607483,20.942420855538135,-19.334512362492767,11.968076768121055
2.9180970191955566,-6.99505,3.76842,-1.73578,0.28593,1.19558,0.662386,0.037202,0.456026,0.328663,0.348459,0.656486,0.57509,-0.341869,-0.0492471,0.560842,0.0578663,0.493002,0.503481,0.670973,-0.230761,0.07258903427697529,1.5557805021312334,-29.30664997465278,21.98780735578241,-20.396531458676918,15.2455612741047
2.919053077697754,-6.99505,3.76842,-1.73578,0.28593,1.19558,0.662386,0.037202,0.456026,0.328663,0.348459,0.656486,0.57509,-0.341869,-0.0492471,0.560842,0.0578663,0.493002,0.503481,0.670973,-0.230761,0.07258903427697529,1.5557805021312334,-29.30664997465278,21.98780735578241,-20.396531458676918,15.2455612741047
3.004821538925171,-7.50046,0.980947,-1.01766,-0.244701,1.14649,0.0866055,0.0356733,0.456688,0.328154,0.345694,0.654113,0.578645,-0.343222,-0.0645875,0.55856,0.0610186,0.486591,0.486467,0.689118,-0.227367,-0.13255790143708054,-0.6067385721771563,-30.46120459387748,22.445244431229042,-22.271633740431803,15.578406509119644
3.0057754516601562,-7.50046,0.980947,-1.01766,-0.244701,1.14649,0.0866055,0.0356733,0.456688,0.328154,0.345694,0.654113,0.578645,-0.343222,-0.0645875,0.55856,0.0610186,0.486591,0.486467,0.689118,-0.227367,-0.13255790143708054,-0.6067385721771563,-30.46120459387748,22.445244431229042,-22.271633740431803,15.578406509119644
3.0757803916931152,-7.7564,0.520667,-0.6767,-0.372148,1.12241,-0.0153718,0.0356572,0.456692,0.327985,0.343516,0.651105,0.58198,-0.345483,-0.0689307,0.557256,0.0607624,0.484081,0.479491,0.694636,-0.230726,0.21940198253107712,-1.0848586353606702,-30.56425363428501,22.368931075656658,-22.005441815085174,15.754926746093034
3.0767459869384766,-7.7564,0.520667,-0.6767,-0.372148,1.12241,-0.0153718,0.0356572,0.456692,0.327985,0.343516,0.651105,0.58198,-0.345483,-0.0689307,0.557256,0.0607624,0.484081,0.479491,0.694636,-0.230726,0.21940198253107712,-1.0848586353606702,-30.56425363428501,22.368931075656658,-22.005441815085174,15.754926746093034
3.147263288497925,-7.53583,0.55248,-0.909478,-0.377057,1.15519,-0.00168261,0.0358017,0.456638,0.327868,0.34296,0.65099,0.58183,-0.346503,-0.0682727,0.556316,0.0571013,0.48621,0.476607,0.692243,-0.23926,1.1805534541818716,-1.1715329075935133,-30.222902016522763,22.142279147501586,-21.93867517450068,15.483819355918808
3.148226261138916,-7.53583,0.55248,-0.909478,-0.377057,1.15519,-0.00168261,0.0358017,0.456638,0.327868,0.34296,0.65099,0.58183,-0.346503,-0.0682727,0.556316,0.0571013,0.48621,0.476607,0.692243,-0.23926,1.1805534541818716,-1.1715329075935133,-30.222902016522763,22.142279147501586,-21.93867517450068,15.483819355918808
3.2186455726623535,-7.11806,1.00243,-0.981229,-0.31436,1.11775,0.101379,0.0356897,0.456608,0.327854,0.343403,0.649895,0.583009,-0.346137,-0.065072,0.555385,0.0505424,0.491977,0.474853,0.684615,-0.252539,2.863218485397543,-0.711455469206054,-29.303534528443567,21.94902323842376,-22.18968373478381,14.606520943799582
3.2195961475372314,-7.11806,1.00243,-0.981229,-0.31436,1.11775,0.101379,0.0356897,0.456608,0.327854,0.343403,0.649895,0.583009,-0.346137,-0.065072,0.555385,0.0505424,0.491977,0.474853,0.684615,-0.252539,2.863218485397543,-0.711455469206054,-29.303534528443567,21.94902323842376,-22.18968373478381,14.606520943799582
3.2899999618530273,-6.80044,0.791111,-1.30153,-0.338722,1.13239,0.0569834,0.0360913,0.456476,0.327904,0.343524,0.649795,0.583532,-0.345322,-0.0591912,0.552261,0.0374011,0.503727,0.464723,0.672019,-0.280503,6.651947641918632,-0.7951253358017971,-27.939914994783425,22.29178878152413,-20.990273737735087,12.543314062489959
3.2909584045410156,-6.80044,0.791111,-1.30153,-0.338722,1.13239,0.0569834,0.0360913,0.456476,0.327904,0.343524,0.649795,0.583532,-0.345322,-0.0591912,0.552261,0.0374011,0.503727,0.464723,0.672019,-0.280503,6.651947641918632,-0.7951253358017971,-27.939914994783425,22.29178878152413,-20.990273737735087,12.543314062489959
3.3611679077148438,-6.76497,1.1626,-0.921049,-0.27213,1.06162,0.121537,0.0357614,0.456572,0.327845,0.342463,0.650315,0.582753,-0.346711,-0.0518258,0.547283,0.0204188,0.5182,0.457909,0.650073,-0.314948,11.199094657203457,-0.12723503982087675,-26.243824190570088,21.42602601751153,-20.889528951787828,10.17923432471773
3.362257957458496,-6.76497,1.1626,-0.921049,-0.27213,1.06162,0.121537,0.0357614,0.456572,0.327845,0.342463,0.650315,0.582753,-0.346711,-0.0518258,0.547283,0.0204188,0.5182,0.457909,0.650073,-0.314948,11.199094657203457,-0.12723503982087675,-26.243824190570088,21.42602601751153,-20.889528951787828,10.17923432471773
3.432497501373291,-7.1191,1.68651,-0.663907,-0.17919,1.08115,0.217687,0.0361765,0.456443,0.328015,0.343074,0.649372,0.584077,-0.345646,-0.0394377,0.53781,-0.00229991,0.533279,0.448226,0.618281,-0.363917,17.4474445560957,0.26859491443934636,-22.900259599265457,19.378212771890297,-21.57784577089981,8.033230747191366
3.4334609508514404,-7.1191,1.68651,-0.663907,-0.17919,1.08115,0.217687,0.0361765,0.456443,0.328015,0.343074,0.649372,0.584077,-0.345646,-0.0394377,0.53781,-0.00229991,0.533279,0.448226,0.618281,-0.363917,17.4474445560957,0.26859491443934636,-22.900259599265457,19.378212771890297,-21.57784577089981,8.033230747191366
3.5039916038513184,-7.19472,2.22827,-0.0834495,-0.0704253,1.00707,0.337974,0.036352,0.456376,0.328091,0.342701,0.650509,0.583319,-0.345155,-0.0298746,0.517266,-0.030874,0.565413,0.420942,0.582167,-0.405213,25.382232717109087,0.6464150476605854,-22.36425656198275,14.774213268381867,-19.220211925615033,6.112031897827785
3.5049586296081543,-7.19472,2.22827,-0.0834495,-0.0704253,1.00707,0.337974,0.036352,0.456376,0.328091,0.342701,0.650509,0.583319,-0.345155,-0.0298746,0.517266,-0.030874,0.565413,0.420942,0.582167,-0.405213,25.382232717109087,0.6464150476605854,-22.36425656198275,14.774213268381867,-19.220211925615033,6.112031897827785
3.57548189163208,-8.5362,2.79389,0.473738,0.0292072,1.09784,0.439528,0.0364089,0.456289,0.327784,0.344139,0.650347,0.582577,-0.345285,-0.0285273,0.490949,-0.0544571,0.603753,0.384947,0.553034,-0.425971,32.236258761858636,1.4595696380470617,-24.596914221691765,9.413597894537025,-19.42224518369051,5.071515471671822
3.576448917388916,-8.5362,2.79389,0.473738,0.0292072,1.09784,0.439528,0.0364089,0.456289,0.327784,0.344139,0.650347,0.582577,-0.345285,-0.0285273,0.490949,-0.0544571,0.603753,0.384947,0.553034,-0.425971,32.236258761858636,1.4595696380470617,-24.596914221691765,9.413597894537025,-19.42224518369051,5.071515471671822
3.6472110748291016,-7.5844,2.29209,0.50028,-0.0408183,0.99665,0.359918,0.0363309,0.456327,0.327623,0.34327,0.649814,0.582918,-0.346575,-0.0237952,0.461482,-0.0761542,0.638873,0.347602,0.514704,-0.453975,40.13813062125116,2.62926301098761,-26.44454776284197,4.442971832810498,-18.74041843770886,3.624658841155051
3.648165702819824,-7.5844,2.29209,0.50028,-0.0408183,0.99665,0.359918,0.0363309,0.456327,0.327623,0.34327,0.649814,0.582918,-0.346575,-0.0237952,0.461482,-0.0761542,0.638873,0.347602,0.514704,-0.453975,40.13813062125116,2.62926301098761,-26.44454776284197,4.442971832810498,-18.74041843770886,3.624658841155051
3.7187676429748535,-8.42076,2.937,0.489338,0.052709,1.0692,0.463199,0.0365498,0.456277,0.327409,0.34421,0.651659,0.581047,-0.345318,-0.0147625,0.438584,-0.0903572,0.656668,0.325498,0.477385,-0.484708,46.407740370620566,2.795406928328524,-25.907698387751644,0.789640353124619,-19.1714327850113,3.1246673991703187
3.7197318077087402,-8.42076,2.937,0.489338,0.052709,1.0692,0.463199,0.0365498,0.456277,0.327409,0.34421,0.651659,0.581047,-0.345318,-0.0147625,0.438584,-0.0903572,0.656668,0.325498,0.477385,-0.484708,46.407740370620566,2.795406928328524,-25.907698387751644,0.789640353124619,-19.1714327850113,3.1246673991703187
3.790611982345581,-7.83208,3.47278,0.177103,0.146461,1.03989,0.58741,0.0367268,0.456144,0.327849,0.344034,0.650637,0.582467,-0.345027,-0.0024618,0.413213,-0.102584,0.673268,0.301192,0.433726,-0.517568,53.43383237605494,3.102608738771623,-25.082624016369458,-2.137352378078983,-16.733971857525333,3.150771476075951
3.7915709018707275,-7.83208,3.47278,0.177103,0.146461,1.03989,0.58741,0.0367268,0.456144,0.327849,0.344034,0.650637,0.582467,-0.345027,-0.0024618,0.413213,-0.102584,0.673268,0.301192,0.433726,-0.517568,53.43383237605494,3.102608738771623,-25.082624016369458,-2.137352378078983,-16.733971857525333,3.150771476075951
3.8623104095458984,-8.03641,3.67427,0.0511371,0.198501,1.06907,0.627745,0.0366707,0.45614,0.327768,0.34403,0.649764,0.582947,-0.345866,0.00351829,0.393992,-0.109071,0.686857,0.2798,0.407817,-0.532564,57.87504143885432,3.5065640116351027,-26.13410462906401,-4.628103630446515,-14.310739221026573,3.934957538145331
3.863419771194458,-8.03641,3.67427,0.0511371,0.198501,1.06907,0.627745,0.0366707,0.45614,0.327768,0.34403,0.649764,0.582947,-0.345866,0.00351829,0.393992,-0.109071,0.686857,0.2798,0.407817,-0.532564,57.87504143885432,3.5065640116351027,-26.13410462906401,-4.628103630446515,-14.310739221026573,3.934957538145331
3.9390475749969482,-8.22352,3.72916,-0.0540768,0.224712,1.12711,0.631852,0.0368559,0.456105,0.327766,0.3429,0.649093,0.583956,-0.346545,0.0090617,0.378567,-0.113139,0.694157,0.266348,0.381984,-0.548902,61.77770975145963,3.722618683319083,-26.198347625954213,-6.820148997947285,-13.879503414982132,4.197290586495463
3.9400055408477783,-8.22352,3.72916,-0.0540768,0.224712,1.12711,0.631852,0.0368559,0.456105,0.327766,0.3429,0.649093,0.583956,-0.346545,0.0090617,0.378567,-0.113139,0.694157,0.266348,0.381984,-0.548902,61.77770975145963,3.722618683319083,-26.198347625954213,-6.820148997947285,-13.879503414982132,4.197290586495463
4.012672185897827,-7.78742,4.60426,-0.254756,0.396533,1.11705,0.816269,0.0367831,0.456077,0.327903,0.343427,0.650713,0.582337,-0.345707,0.015635,0.360905,-0.11626,0.706031,0.250281,0.354304,-0.559775,65.78563127022963,4.319036224323366,-28.424486635355567,-9.353670180730923,-13.629142823578023,4.8403124661299755
4.013636112213135,-7.78742,4.60426,-0.254756,0.396533,1.11705,0.816269,0.0367831,0.456077,0.327903,0.343427,0.650713,0.582337,-0.345707,0.015635,0.360905,-0.11626,0.706031,0.250281,0.354304,-0.559775,65.78563127022963,4.319036224323366,-28.424486635355567,-9.353670180730923,-13.629142823578023,4.8403124661299755
4.085160255432129,-8.03436,4.90034,-0.50182,0.53498,1.19725,0.889991,0.0369649,0.455961,0.328069,0.343471,0.65151,0.581459,-0.34564,0.0190202,0.35369,-0.116002,0.718836,0.240596,0.348173,-0.55151,66.8920030869956,5.722765393703427,-33.35298692186664,-11.424289776360503,-11.651717343173695,4.8059003298194165
4.086123943328857,-8.03436,4.90034,-0.50182,0.53498,1.19725,0.889991,0.0369649,0.455961,0.328069,0.343471,0.65151,0.581459,-0.34564,0.0190202,0.35369,-0.116002,0.718836,0.240596,0.348173,-0.55151,66.8920030869956,5.722765393703427,-33.35298692186664,-11.424289776360503,-11.651717343173695,4.8059003298194165
4.158436298370361,-7.45992,5.80581,-1.11608,0.673786,1.26057,1.05356,0.0368103,0.456149,0.328528,0.345544,0.652944,0.580067,-0.343198,0.0279812,0.352578,-0.11858,0.729299,0.251971,0.333073,-0.541937,67.1455207040085,7.869273571209328,-37.39792645109394,-11.061009263344245,-14.495007835410348,6.4299467988185315
4.15941309928894,-7.45992,5.80581,-1.11608,0.673786,1.26057,1.05356,0.0368103,0.456149,0.328528,0.345544,0.652944,0.580067,-0.343198,0.0279812,0.352578,-0.11858,0.729299,0.251971,0.333073,-0.541937,67.1455207040085,7.869273571209328,-37.39792645109394,-11.061009263344245,-14.495007835410348,6.4299467988185315
4.232032299041748,-7.79901,5.96108,-1.15862,0.70998,1.3036,1.05731,0.0368043,0.456104,0.328388,0.343621,0.651599,0.581572,-0.345133,0.0404072,0.357902,-0.121721,0.739695,0.270208,0.318791,-0.527457,66.90815870228643,11.195436284204572,-42.32460604117981,-7.883637326915864,-12.683135633451208,7.554536919136506
4.2330029010772705,-7.79901,5.96108,-1.15862,0.70998,1.3036,1.05731,0.0368043,0.456104,0.328388,0.343621,0.651599,0.581572,-0.345133,0.0404072,0.357902,-0.121721,0.739695,0.270208,0.318791,-0.527457,66.90815870228643,11.195436284204572,-42.32460604117981,-7.883637326915864,-12.683135633451208,7.554536919136506
4.305713653564453,-7.92297,6.35024,-0.853123,0.773496,1.21047,1.10125,0.0368438,0.456113,0.328498,0.346129,0.65297,0.579903,-0.342837,0.0492097,0.36922,-0.122449,0.744099,0.291117,0.321054,-0.508421,64.51916259083592,13.189005721387923,-43.451915971917316,-5.215817388824696,-11.736351421913547,8.955895790265966
4.3066723346710205,-7.92297,6.35024,-0.853123,0.773496,1.21047,1.10125,0.0368438,0.456113,0.328498,0.346129,0.65297,0.579903,-0.342837,0.0492097,0.36922,-0.122449,0.744099,0.291117,0.321054,-0.508421,64.51916259083592,13.189005721387923,-43.451915971917316,-5.215817388824696,-11.736351421913547,8.955895790265966
4.377552032470703,-7.71902,6.67577,-1.02328,0.826534,1.23322,1.16583,0.0368328,0.456019,0.328357,0.345973,0.651606,0.580945,-0.343824,0.0633501,0.382398,-0.120236,0.734173,0.324948,0.313616,-0.506994,62.782147064462244,14.383136666267498,-40.248349370336044,-2.8503764735536103,-8.221633774497484,9.47504940902597
4.378629922866821,-7.71902,6.67577,-1.02328,0.826534,1.23322,1.16583,0.0368328,0.456019,0.328357,0.345973,0.651606,0.580945,-0.343824,0.0633501,0.382398,-0.120236,0.734173,0.324948,0.313616,-0.506994,62.782147064462244,14.383136666267498,-40.248349370336044,-2.8503764735536103,-8.221633774497484,9.47504940902597
4.449315071105957,-7.3671,7.31529,-1.21714,0.924774,1.20577,1.28696,0.036796,0.456049,0.328943,0.343908,0.651134,0.582964,-0.343373,0.0711977,0.399657,-0.115415,0.714541,0.36006,0.315207,-0.510326,60.452226286104526,14.392213854537726,-34.75915333070064,-0.6172223515361708,-7.207226085758129,8.611975075121936
4.450279712677002,-7.3671,7.31529,-1.21714,0.924774,1.20577,1.28696,0.036796,0.456049,0.328943,0.343908,0.651134,0.582964,-0.343373,0.0711977,0.399657,-0.115415,0.714541,0.36006,0.315207,-0.510326,60.452226286104526,14.392213854537726,-34.75915333070064,-0.6172223515361708,-7.207226085758129,8.611975075121936
4.521307945251465,-7.76702,5.93044,-1.03368,0.705821,1.24556,0.993288,0.0370158,0.455983,0.328855,0.343165,0.650986,0.582617,-0.344983,0.0708385,0.418391,-0.108937,0.695154,0.390119,0.335159,-0.502231,55.92116931275118,14.471706600173352,-30.45876869087039,0.4317197407415887,-6.996385747371383,8.876385951626128
4.522267818450928,-7.76702,5.93044,-1.03368,0.705821,1.24556,0.993288,0.0370158,0.455983,0.328855,0.343165,0.650986,0.582617,-0.344983,0.0708385,0.418391,-0.108937,0.695154,0.390119,0.335159,-0.502231,55.92116931275118,14.471706600173352,-30.45876869087039,0.4317197407415887,-6.996385747371383,8.876385951626128
4.591781377792358,-7.86208,5.6688,-0.806837,0.631515,1.20752,0.963582,0.0369644,0.455986,0.328675,0.343357,0.650876,0.582962,-0.344417,0.0626184,0.440547,-0.0998022,0.678942,0.410249,0.367051,-0.485805,50.746446298202585,14.078243721988446,-27.86901982189503,3.393216298134406,-8.377226954977862,6.547544530193899
4.592742443084717,-7.86208,5.6688,-0.806837,0.631515,1.20752,0.963582,0.0369644,0.455986,0.328675,0.343357,0.650876,0.582962,-0.344417,0.0626184,0.440547,-0.0998022,0.678942,0.410249,0.367051,-0.485805,50.746446298202585,14.078243721988446,-27.86901982189503,3.393216298134406,-8.377226954977862,6.547544530193899
4.663019418716431,-7.81409,5.85274,-0.750174,0.647041,1.18076,1.01219,0.036513,0.456158,0.328612,0.343621,0.650248,0.584194,-0.343249,0.0507106,0.46375,-0.0872986,0.661802,0.429086,0.409098,-0.458849,44.32642162524307,13.619131426725824,-26.517079170703518,4.778636035502268,-9.10251040614429,6.048529418175757
4.663975715637207,-7.81409,5.85274,-0.750174,0.647041,1.18076,1.01219,0.036513,0.456158,0.328612,0.343621,0.650248,0.584194,-0.343249,0.0507106,0.46375,-0.0872986,0.661802,0.429086,0.409098,-0.458849,44.32642162524307,13.619131426725824,-26.517079170703518,4.778636035502268,-9.10251040614429,6.048529418175757
4.733497381210327,-7.94912,5.83665,-0.514028,0.616145,1.15532,1.00536,0.0368579,0.456009,0.328613,0.343726,0.650316,0.583232,-0.344647,0.0385041,0.490263,-0.0675162,0.636216,0.452833,0.454278,-0.428722,36.61773929284014,12.918394939790957,-25.193124116993758,8.895656684935808,-9.091781398681226,4.729665279118186
4.734445810317993,-7.94912,5.83665,-0.514028,0.616145,1.15532,1.00536,0.0368579,0.456009,0.328613,0.343726,0.650316,0.583232,-0.344647,0.0385041,0.490263,-0.0675162,0.636216,0.452833,0.454278,-0.428722,36.61773929284014,12.918394939790957,-25.193124116993758,8.895656684935808,-9.091781398681226,4.729665279118186
4.80434513092041,-7.40227,5.79058,-0.321299,0.60437,1.04736,1.01414,0.0368509,0.456043,0.328808,0.343566,0.649966,0.583763,-0.344569,0.0273155,0.512471,-0.0456875,0.609947,0.475515,0.494336,-0.396841,29.4382774534376,12.252521365774944,-24.366996514549804,11.606867106839346,-9.73845709534945,4.210089687345257
4.805320739746094,-7.40227,5.79058,-0.321299,0.60437,1.04736,1.01414,0.0368509,0.456043,0.328808,0.343566,0.649966,0.583763,-0.344569,0.0273155,0.512471,-0.0456875,0.609947,0.475515,0.494336,-0.396841,29.4382774534376,12.252521365774944,-24.366996514549804,11.606867106839346,-9.73845709534945,4.210089687345257
4.874963760375977,-7.52302,5.49905,-0.135092,0.546119,0.996154,0.957396,0.0368727,0.456051,0.328471,0.345883,0.651819,0.581066,-0.343305,0.017751,0.532519,-0.0208939,0.577802,0.501112,0.530527,-0.365476,21.90964318249704,11.044709741223999,-23.095792414649143,14.939495573441825,-12.345093400090121,4.508764515367915
4.875924110412598,-7.52302,5.49905,-0.135092,0.546119,0.996154,0.957396,0.0368727,0.456051,0.328471,0.345883,0.651819,0.581066,-0.343305,0.017751,0.532519,-0.0208939,0.577802,0.501112,0.530527,-0.365476,21.90964318249704,11.044709741223999,-23.095792414649143,14.939495573441825,-12.345093400090121,4.508764515367915
4.946037769317627,-7.38205,6.19326,-0.445654,0.650447,1.02598,1.09143,0.0365912,0.456143,0.328796,0.343819,0.64972,0.584033,-0.344322,0.00544036,0.548121,0.00638385,0.548065,0.520556,0.568099,-0.325437,14.558735413191632,10.617259256313051,-23.37518192176029,16.268982219360616,-12.172511788512555,5.283544565075077
4.947004556655884,-7.38205,6.19326,-0.445654,0.650447,1.02598,1.09143,0.0365912,0.456143,0.328796,0.343819,0.64972,0.584033,-0.344322,0.00544036,0.548121,0.00638385,0.548065,0.520556,0.568099,-0.325437,14.558735413191632,10.617259256313051,-23.37518192176029,16.268982219360616,-12.172511788512555,5.283544565075077
5.016817808151245,-7.36713,5.45755,-1.12926,0.558664,1.16064,0.964434,0.0370363,0.455962,0.328647,0.343113,0.650928,0.582416,-0.345482,-0.00478136,0.55705,0.0291782,0.522263,0.532932,0.597476,-0.293679,8.568494939998164,9.41134569668971,-23.898624597326744,17.62092518766561,-12.692064714804348,6.223901053538633
5.0177671909332275,-7.36713,5.45755,-1.12926,0.558664,1.16064,0.964434,0.0370363,0.455962,0.328647,0.343113,0.650928,0.582416,-0.345482,-0.00478136,0.55705,0.0291782,0.522263,0.532932,0.597476,-0.293679,8.568494939998164,9.41134569668971,-23.898624597326744,17.62092518766561,-12.692064714804348,6.223901053538633
5.088075399398804,-6.86009,5.29936,-0.63661,0.537879,0.960389,0.937697,0.0368989,0.456078,0.329066,0.342925,0.651839,0.582426,-0.343931,-0.0198912,0.563321,0.0509594,0.510367,0.537697,0.627007,-0.23931,2.3025736488917747,8.793755243861522,-27.278540358775285,18.74775778056109,-12.516846629994873,8.790805653801925
5.089043617248535,-6.86009,5.29936,-0.63661,0.537879,0.960389,0.937697,0.0368989,0.456078,0.329066,0.342925,0.651839,0.582426,-0.343931,-0.0198912,0.563321,0.0509594,0.510367,0.537697,0.627007,-0.23931,2.3025736488917747,8.793755243861522,-27.278540358775285,18.74775778056109,-12.516846629994873,8.790805653801925
5.158128976821899,-6.86233,5.6867,-1.38093,0.565261,1.05818,1.01687,0.03676,0.456097,0.328834,0.343769,0.650712,0.582989,-0.344269,-0.0224896,0.568809,0.0668318,0.485809,0.550546,0.640475,-0.225123,-1.4894132501195134,8.146814922125772,-26.118123157539827,20.377224887926097,-13.31815017145603,11.111383763101848
5.15903115272522,-6.86233,5.6867,-1.38093,0.565261,1.05818,1.01687,0.03676,0.456097,0.328834,0.343769,0.650712,0.582989,-0.344269,-0.0224896,0.568809,0.0668318,0.485809,0.550546,0.640475,-0.225123,-1.4894132501195134,8.146814922125772,-26.118123157539827,20.377224887926097,-13.31815017145603,11.111383763101848
5.228796720504761,-6.36026,5.46073,-2.55789,0.55728,1.21025,0.973481,0.036838,0.456056,0.329023,0.343697,0.651291,0.582724,-0.343694,-0.0228136,0.571661,0.0759937,0.474595,0.558007,0.646074,-0.21442,-3.517827241323837,7.999601658845875,-25.860662552050684,21.379254510756784,-13.113449968379244,11.994327026810883
5.229756593704224,-6.36026,5.46073,-2.55789,0.55728,1.21025,0.973481,0.036838,0.456056,0.329023,0.343697,0.651291,0.582724,-0.343694,-0.0228136,0.571661,0.0759937,0.474595,0.558007,0.646074,-0.21442,-3.517827241323837,7.999601658845875,-25.860662552050684,21.379254510756784,-13.113449968379244,11.994327026810883
5.299577474594116,-6.26822,5.78737,-3.09667,0.610893,1.29284,1.03966,0.0372905,0.455963,0.329227,0.343048,0.652263,0.582161,-0.343454,-0.0201165,0.5725,0.0778911,0.47106,0.564088,0.643836,-0.213029,-3.970948360940834,8.385062902345208,-25.434326102037065,20.71822354138693,-13.261211003941703,12.169643379829985
5.300535202026367,-6.26822,5.78737,-3.09667,0.610893,1.29284,1.03966,0.0372905,0.455963,0.329227,0.343048,0.652263,0.582161,-0.343454,-0.0201165,0.5725,0.0778911,0.47106,0.564088,0.643836,-0.213029,-3.970948360940834,8.385062902345208,-25.434326102037065,20.71822354138693,-13.261211003941703,12.169643379829985
5.3706488609313965,-5.928,6.19343,-3.09959,0.688103,1.26367,1.13556,0.0379935,0.455654,0.32929,0.342726,0.651743,0.581829,-0.345319,-0.0150903,0.571157,0.0717944,0.478475,0.562669,0.635316,-0.225474,-2.2852294866911063,8.987365412944188,-25.068612445766988,20.961074813960913,-11.999223834411774,11.070589771515372
5.371609687805176,-5.928,6.19343,-3.09959,0.688103,1.26367,1.13556,0.0379935,0.455654,0.32929,0.342726,0.651743,0.581829,-0.345319,-0.0150903,0.571157,0.0717944,0.478475,0.562669,0.635316,-0.225474,-2.2852294866911063,8.987365412944188,-25.068612445766988,20.961074813960913,-11.999223834411774,11.070589771515372
5.442688703536987,-5.92134,6.52765,-2.63769,0.749538,1.18118,1.20962,0.0382806,0.455595,0.329484,0.34441,0.651952,0.581688,-0.343481,-0.0133681,0.566733,0.0581505,0.49701,0.550144,0.626788,-0.239708,0.86812270168002,8.942374332873774,-25.564055620506746,19.75251130458574,-12.236559827469378,9.927833283343727
5.443650007247925,-5.92134,6.52765,-2.63769,0.749538,1.18118,1.20962,0.0382806,0.455595,0.329484,0.34441,0.651952,0.581688,-0.343481,-0.0133681,0.566733,0.0581505,0.49701,0.550144,0.626788,-0.239708,0.86812270168002,8.942374332873774,-25.564055620506746,19.75251130458574,-12.236559827469378,9.927833283343727
5.514934301376343,-6.33146,6.4392,-2.18779,0.730866,1.16527,1.19462,0.0380019,0.455671,0.329319,0.343723,0.651504,0.581886,-0.344683,-0.0114823,0.560493,0.0404472,0.52,0.539892,0.609406,-0.258341,4.847097722778276,10.058252932300261,-26.138763135757323,17.6314026960307,-14.089990648936865,8.305590675586414
5.515901565551758,-6.33146,6.4392,-2.18779,0.730866,1.16527,1.19462,0.0380019,0.455671,0.329319,0.343723,0.651504,0.581886,-0.344683,-0.0114823,0.560493,0.0404472,0.52,0.539892,0.609406,-0.258341,4.847097722778276,10.058252932300261,-26.138763135757323,17.6314026960307,-14.089990648936865,8.305590675586414
5.5883893966674805,-6.75194,6.18607,-1.59992,0.680433,1.12384,1.14282,0.0374374,0.455889,0.329137,0.343747,0.652362,0.581681,-0.34338,-0.00761208,0.551434,0.0183222,0.548875,0.520911,0.589035,-0.283596,10.373984930856356,10.559345492025818,-26.969996856915216,15.833710526547788,-14.252673358015638,6.27252630306927
5.589346885681152,-6.75194,6.18607,-1.59992,0.680433,1.12384,1.14282,0.0374374,0.455889,0.329137,0.343747,0.652362,0.581681,-0.34338,-0.00761208,0.551434,0.0183222,0.548875,0.520911,0.589035,-0.283596,10.373984930856356,10.559345492025818,-26.969996856915216,15.833710526547788,-14.252673358015638,6.27252630306927
5.659736394882202,-7.40188,5.85909,-1.11071,0.620614,1.14364,1.07541,0.0368288,0.456048,0.328878,0.343666,0.651096,0.583017,-0.343597,-0.000923104,0.538936,-0.00515506,0.572728,0.496277,0.56685,-0.323068,17.008265312526806,10.277751977886222,-26.61286282833156,14.304178083215227,-11.787615651677621,4.687057438792111
5.660701036453247,-7.40188,5.85909,-1.11071,0.620614,1.14364,1.07541,0.0368288,0.456048,0.328878,0.343666,0.651096,0.583017,-0.343597,-0.000923104,0.538936,-0.00515506,0.572728,0.496277,0.56685,-0.323068,17.008265312526806,10.277751977886222,-26.61286282833156,14.304178083215227,-11.787615651677621,4.687057438792111
5.7313642501831055,-7.78382,5.53406,-0.518009,0.561637,1.11211,1.00352,0.0368528,0.456044,0.328678,0.343197,0.650587,0.583221,-0.344683,0.00993732,0.516947,-0.0361344,0.599879,0.470572,0.524186,-0.37939,26.122472344694884,10.435740970530015,-25.257673024314645,10.542159047839677,-13.556131999914763,3.474451287998881
5.732331991195679,-7.78382,5.53406,-0.518009,0.561637,1.11211,1.00352,0.0368528,0.456044,0.328678,0.343197,0.650587,0.583221,-0.344683,0.00993732,0.516947,-0.0361344,0.599879,0.470572,0.524186,-0.37939,26.122472344694884,10.435740970530015,-25.257673024314645,10.542159047839677,-13.556131999914763,3.474451287998881
5.803655385971069,-7.65903,5.42419,-0.44921,0.538732,1.10912,0.979466,0.0369362,0.456031,0.328739,0.343197,0.650786,0.58321,-0.344326,0.0179933,0.497908,-0.055819,0.619877,0.445981,0.494097,-0.415598,32.72728880531997,9.996158519767649,-24.884471008395106,7.8702666325128785,-12.21023758336476,2.927756196074099
5.804617881774902,-7.65903,5.42419,-0.44921,0.538732,1.10912,0.979466,0.0369362,0.456031,0.328739,0.343197,0.650786,0.58321,-0.344326,0.0179933,0.497908,-0.055819,0.619877,0.445981,0.494097,-0.415598,32.72728880531997,9.996158519767649,-24.884471008395106,7.8702666325128785,-12.21023758336476,2.927756196074099
5.875147342681885,-7.72153,5.34038,-0.242971,0.509024,1.09336,0.96313,0.0369297,0.456012,0.328623,0.343444,0.649949,0.583677,-0.344869,0.0247132,0.480193,-0.071044,0.637857,0.42616,0.464521,-0.442432,38.266423698249874,10.181071376582269,-25.020880723087785,6.122610169092072,-12.082414376742127,2.5890130362181827
5.876126289367676,-7.72153,5.34038,-0.242971,0.509024,1.09336,0.96313,0.0369297,0.456012,0.328623,0.343444,0.649949,0.583677,-0.344869,0.0247132,0.480193,-0.071044,0.637857,0.42616,0.464521,-0.442432,38.266423698249874,10.181071376582269,-25.020880723087785,6.122610169092072,-12.082414376742127,2.5890130362181827
5.947035312652588,-8.0668,5.27758,-0.107856,0.492249,1.10507,0.942427,0.036473,0.456126,0.328318,0.34392,0.650114,0.583279,-0.344755,0.0356932,0.455067,-0.0882703,0.652006,0.40665,0.4197,-0.483089,45.505001879069624,9.832516640537662,-23.66579949585041,2.7384438788130456,-13.310192881462799,3.0276555195408257
5.947992324829102,-8.0668,5.27758,-0.107856,0.492249,1.10507,0.942427,0.036473,0.456126,0.328318,0.34392,0.650114,0.583279,-0.344755,0.0356932,0.455067,-0.0882703,0.652006,0.40665,0.4197,-0.483089,45.505001879069624,9.832516640537662,-23.66579949585041,2.7384438788130456,-13.310192881462799,3.0276555195408257
6.018238067626953,-7.98225,4.9498,-0.0929496,0.436033,1.1008,0.871669,0.0369548,0.45603,0.328302,0.344323,0.651256,0.581885,-0.344554,0.0451462,0.434673,-0.0982836,0.659027,0.389118,0.384936,-0.515844,51.07091742857553,8.821503049557405,-22.161963166020854,0.7513783328327166,-12.412861026633442,2.938943214998449
6.019151210784912,-7.98225,4.9498,-0.0929496,0.436033,1.1008,0.871669,0.0369548,0.45603,0.328302,0.344323,0.651256,0.581885,-0.344554,0.0451462,0.434673,-0.0982836,0.659027,0.389118,0.384936,-0.515844,51.07091742857553,8.821503049557405,-22.161963166020854,0.7513783328327166,-12.412861026633442,2.938943214998449
6.090070724487305,-7.84683,4.87642,-0.173879,0.422852,1.08996,0.855601,0.0367522,0.45604,0.328314,0.343705,0.650571,0.582888,-0.344769,0.0540347,0.410024,-0.107105,0.661531,0.370557,0.344803,-0.553331,57.233938733771026,7.30678089091892,-19.28483935936424,-2.9035587651270314,-11.504073570235413,3.8521876648552014
6.091017246246338,-7.84683,4.87642,-0.173879,0.422852,1.08996,0.855601,0.0367522,0.45604,0.328314,0.343705,0.650571,0.582888,-0.344769,0.0540347,0.410024,-0.107105,0.661531,0.370557,0.344803,-0.553331,57.233938733771026,7.30678089091892,-19.28483935936424,-2.9035587651270314,-11.504073570235413,3.8521876648552014
6.161228179931641,-7.91208,4.65726,-0.0579014,0.391738,1.07968,0.813037,0.0366249,0.456075,0.328083,0.34402,0.650139,0.583446,-0.344328,0.0569821,0.390325,-0.113328,0.674289,0.351011,0.318476,-0.566302,61.58754394420003,7.24854585611775,-20.674517813937115,-5.563004237130727,-12.627007562734653,5.484374867614612
6.1621787548065186,-7.91208,4.65726,-0.0579014,0.391738,1.07968,0.813037,0.0366249,0.456075,0.328083,0.34402,0.650139,0.583446,-0.344328,0.0569821,0.390325,-0.113328,0.674289,0.351011,0.318476,-0.566302,61.58754394420003,7.24854585611775,-20.674517813937115,-5.563004237130727,-12.627007562734653,5.484374867614612
6.232181072235107,-7.7583,4.59992,-0.154548,0.377958,1.07298,0.805367,0.0369373,0.45594,0.328062,0.34352,0.651356,0.581753,-0.345388,0.0574727,0.372551,-0.116853,0.683488,0.330085,0.29551,-0.58014,65.53433883210486,6.892600051107322,-22.225125716228774,-6.974112719344493,-13.467079216724594,5.7128758953892085
6.2331223487854,-7.7583,4.59992,-0.154548,0.377958,1.07298,0.805367,0.0369373,0.45594,0.328062,0.34352,0.651356,0.581753,-0.345388,0.0574727,0.372551,-0.116853,0.683488,0.330085,0.29551,-0.58014,65.53433883210486,6.892600051107322,-22.225125716228774,-6.974112719344493,-13.467079216724594,5.7128758953892085
6.303305387496948,-7.77078,4.70679,-0.232914,0.382652,1.08599,0.829824,0.036693,0.456023,0.328058,0.344093,0.651106,0.582431,-0.344143,0.0571283,0.355144,-0.118246,0.686795,0.308855,0.27487,-0.597802,69.36566862438616,5.442930523981094,-21.06597946833658,-9.727069362961531,-14.228789622486032,5.924489920798471
6.304280996322632,-7.77078,4.70679,-0.232914,0.382652,1.08599,0.829824,0.036693,0.456023,0.328058,0.344093,0.651106,0.582431,-0.344143,0.0571283,0.355144,-0.118246,0.686795,0.308855,0.27487,-0.597802,69.36566862438616,5.442930523981094,-21.06597946833658,-9.727069362961531,-14.228789622486032,5.924489920798471
6.3747453689575195,-7.36528,5.02985,-0.195937,0.4085,1.0326,0.900298,0.036745,0.456035,0.328112,0.343408,0.651495,0.582337,-0.34425,0.0563355,0.341549,-0.119219,0.687349,0.290152,0.260661,-0.612714,72.29739520290441,4.114732830933864,-19.505514957334704,-11.567795833149255,-12.947767122280121,7.007008684865779
6.375704050064087,-7.36528,5.02985,-0.195937,0.4085,1.0326,0.900298,0.036745,0.456035,0.328112,0.343408,0.651495,0.582337,-0.34425,0.0563355,0.341549,-0.119219,0.687349,0.290152,0.260661,-0.612714,72.29739520290441,4.114732830933864,-19.505514957334704,-11.567795833149255,-12.947767122280121,7.007008684865779
6.4469194412231445,-7.59967,4.02451,-0.0756428,0.296832,1.02931,0.705888,0.0368802,0.456016,0.327904,0.343272,0.650249,0.583086,-0.345472,0.0508093,0.329857,-0.119809,0.699017,0.263534,0.257962,-0.612684,74.55563134360236,4.064858213808805,-23.288805953934578,-12.525629573075955,-12.12434823503461,7.369378210665644
6.447874069213867,-7.59967,4.02451,-0.0756428,0.296832,1.02931,0.705888,0.0368802,0.456016,0.327904,0.343272,0.650249,0.583086,-0.345472,0.0508093,0.329857,-0.119809,0.699017,0.263534,0.257962,-0.612684,74.55563134360236,4.064858213808805,-23.288805953934578,-12.525629573075955,-12.12434823503461,7.369378210665644
6.5182411670684814,-7.59233,4.07074,-0.0323923,0.294344,1.01312,0.716852,0.0366917,0.456032,0.328012,0.343981,0.650935,0.582465,-0.344521,0.0505353,0.323916,-0.119533,0.703023,0.254167,0.253194,-0.614045,75.71461621164012,3.945525577439027,-24.6331690119444,-13.509174317538811,-11.937108455915553,7.8527803651449375
6.519197225570679,-7.59233,4.07074,-0.0323923,0.294344,1.01312,0.716852,0.0366917,0.456032,0.328012,0.343981,0.650935,0.582465,-0.344521,0.0505353,0.323916,-0.119533,0.703023,0.254167,0.253194,-0.614045,75.71461621164012,3.945525577439027,-24.6331690119444,-13.509174317538811,-11.937108455915553,7.8527803651449375
6.590739965438843,-7.61581,3.86302,-0.240482,0.261315,1.06409,0.661615,0.0369652,0.455948,0.327903,0.342589,0.650709,0.582821,-0.34573,0.0517365,0.31945,-0.119427,0.70314,0.24955,0.246272,-0.618602,76.799654304109,3.8421554241839067,-25.075835063747867,-14.074442842610372,-10.665964505550876,8.166141237230399
6.59170126914978,-7.61581,3.86302,-0.240482,0.261315,1.06409,0.661615,0.0369652,0.455948,0.327903,0.342589,0.650709,0.582821,-0.34573,0.0517365,0.31945,-0.119427,0.70314,0.24955,0.246272,-0.618602,76.799654304109,3.8421554241839067,-25.075835063747867,-14.074442842610372,-10.665964505550876,8.166141237230399
6.662252426147461,-7.35933,3.24257,-0.546547,0.168242,1.10317,0.542728,0.0366146,0.456068,0.328189,0.343442,0.651175,0.582291,-0.344899,0.0493302,0.318627,-0.119558,0.700551,0.245226,0.247099,-0.622924,77.03519150551138,3.04061408391543,-22.38417135387207,-13.417952280132006,-10.990902082727384,8.17080768197579
6.663211107254028,-7.35933,3.24257,-0.546547,0.168242,1.10317,0.542728,0.0366146,0.456068,0.328189,0.343442,0.651175,0.582291,-0.344899,0.0493302,0.318627,-0.119558,0.700551,0.245226,0.247099,-0.622924,77.03519150551138,3.04061408391543,-22.38417135387207,-13.417952280132006,-10.990902082727384,8.17080768197579
6.735032796859741,-7.77582,2.74215,-0.553766,0.0689105,1.1607,0.443814,0.036774,0.45606,0.328039,0.343536,0.650668,0.582952,-0.344646,0.045892,0.323317,-0.119746,0.699884,0.247941,0.25903,-0.617731,75.70530083327563,3.056657462623899,-21.920289686810026,-13.71687380128786,-12.034621789281767,8.246600812002256
6.735992908477783,-7.77582,2.74215,-0.553766,0.0689105,1.1607,0.443814,0.036774,0.45606,0.328039,0.343536,0.650668,0.582952,-0.344646,0.045892,0.323317,-0.119746,0.699884,0.247941,0.25903,-0.617731,75.70530083327563,3.056657462623899,-21.920289686810026,-13.71687380128786,-12.034621789281767,8.246600812002256
6.806535720825195,-8.09901,2.78073,-0.62917,0.0535672,1.22356,0.456313,0.0366774,0.456092,0.328154,0.343423,0.651403,0.582397,-0.34431,0.04073,0.332874,-0.119674,0.699585,0.251763,0.280181,-0.607203,73.37253310432253,3.2662987397216003,-22.539081985347085,-13.060768560402693,-11.914973384136571,7.781144816748442
6.807482719421387,-8.09901,2.78073,-0.62917,0.0535672,1.22356,0.456313,0.0366774,0.456092,0.328154,0.343423,0.651403,0.582397,-0.34431,0.04073,0.332874,-0.119674,0.699585,0.251763,0.280181,-0.607203,73.37253310432253,3.2662987397216003,-22.539081985347085,-13.060768560402693,-11.914973384136571,7.781144816748442
6.878964900970459,-8.21602,2.99607,-0.505416,0.0698174,1.20309,0.504994,0.0366262,0.456107,0.327989,0.343685,0.650076,0.583242,-0.345124,0.0337701,0.348045,-0.118866,0.696563,0.262402,0.309758,-0.591604,69.55142777990021,3.55873362352442,-22.687239134747138,-11.589895581107765,-12.432102989861566,7.037623280067469
6.879927635192871,-8.21602,2.99607,-0.505416,0.0698174,1.20309,0.504994,0.0366262,0.456107,0.327989,0.343685,0.650076,0.583242,-0.345124,0.0337701,0.348045,-0.118866,0.696563,0.262402,0.309758,-0.591604,69.55142777990021,3.55873362352442,-22.687239134747138,-11.589895581107765,-12.432102989861566,7.037623280067469
6.951298236846924,-8.04527,2.82459,-0.625654,0.0622954,1.20172,0.466547,0.0366483,0.456087,0.328113,0.343594,0.650215,0.582869,-0.345584,0.0213076,0.373168,-0.114764,0.690443,0.273993,0.360685,-0.564023,63.427758620294306,3.5506155188727853,-23.768952810142448,-8.285327498681875,-10.983587816426896,5.468136157802409
6.952215194702148,-8.04527,2.82459,-0.625654,0.0622954,1.20172,0.466547,0.0366483,0.456087,0.328113,0.343594,0.650215,0.582869,-0.345584,0.0213076,0.373168,-0.114764,0.690443,0.273993,0.360685,-0.564023,63.427758620294306,3.5506155188727853,-23.768952810142448,-8.285327498681875,-10.983587816426896,5.468136157802409
7.022797584533691,-8.56514,3.43348,-0.200826,0.128695,1.17388,0.578253,0.0364575,0.456188,0.328023,0.343048,0.650798,0.583352,-0.344211,0.0102219,0.395512,-0.108574,0.683518,0.287394,0.40427,-0.535512,57.89265827212411,3.485303631445315,-25.116213582284733,-6.40253767963044,-10.991404114769141,4.403144487973164
7.0237462520599365,-8.56514,3.43348,-0.200826,0.128695,1.17388,0.578253,0.0364575,0.456188,0.328023,0.343048,0.650798,0.583352,-0.344211,0.0102219,0.395512,-0.108574,0.683518,0.287394,0.40427,-0.535512,57.89265827212411,3.485303631445315,-25.116213582284733,-6.40253767963044,-10.991404114769141,4.403144487973164
7.095312595367432,-8.47912,3.31568,0.219659,0.106854,1.10713,0.568628,0.0365703,0.456154,0.327987,0.343021,0.650593,0.583249,-0.344798,-0.000529272,0.419812,-0.099599,0.683044,0.308991,0.447033,-0.487992,50.93102963655846,5.316819499972622,-29.637698144162115,-3.5121408774174854,-12.906480924182421,3.89608562939703
7.096303701400757,-8.47912,3.31568,0.219659,0.106854,1.10713,0.568628,0.0365703,0.456154,0.327987,0.343021,0.650593,0.583249,-0.344798,-0.000529272,0.419812,-0.099599,0.683044,0.308991,0.447033,-0.487992,50.93102963655846,5.316819499972622,-29.637698144162115,-3.5121408774174854,-12.906480924182421,3.89608562939703
7.1678900718688965,-8.25732,3.37554,-0.108356,0.154046,1.10807,0.586136,0.0363902,0.456228,0.328088,0.342694,0.651055,0.583339,-0.344097,-0.0127506,0.439812,-0.0883635,0.674609,0.32168,0.488403,-0.45043,44.953965852494434,5.198388751230223,-31.639476644434783,-1.1926382886826914,-12.62796363875287,3.708880563003794
7.168853759765625,-8.25732,3.37554,-0.108356,0.154046,1.10807,0.586136,0.0363902,0.456228,0.328088,0.342694,0.651055,0.583339,-0.344097,-0.0127506,0.439812,-0.0883635,0.674609,0.32168,0.488403,-0.45043,44.953965852494434,5.198388751230223,-31.639476644434783,-1.1926382886826914,-12.62796363875287,3.708880563003794
7.240773677825928,-8.42493,3.48781,-0.0773478,0.167911,1.12456,0.609247,0.0363501,0.456285,0.328231,0.343078,0.65043,0.583807,-0.344102,-0.0234887,0.455846,-0.0762936,0.657243,0.331063,0.523097,-0.429883,40.21437447316507,3.5842837183552727,-31.082860347549204,1.6319878710359712,-11.899197671287538,3.696502466374504
7.2417333126068115,-8.42493,3.48781,-0.0773478,0.167911,1.12456,0.609247,0.0363501,0.456285,0.328231,0.343078,0.65043,0.583807,-0.344102,-0.0234887,0.455846,-0.0762936,0.657243,0.331063,0.523097,-0.429883,40.21437447316507,3.5842837183552727,-31.082860347549204,1.6319878710359712,-11.899197671287538,3.696502466374504
7.312283515930176,-8.53691,3.81745,-0.449411,0.236393,1.22685,0.671286,0.0363716,0.456304,0.328336,0.343397,0.650625,0.583431,-0.344054,-0.0339582,0.470888,-0.0630752,0.647657,0.340403,0.556246,-0.394027,34.97892854017942,3.1520755012588477,-33.16058545205791,4.836875709986932,-11.126857750819456,4.007785822786803
7.313264846801758,-8.53691,3.81745,-0.449411,0.236393,1.22685,0.671286,0.0363716,0.456304,0.328336,0.343397,0.650625,0.583431,-0.344054,-0.0339582,0.470888,-0.0630752,0.647657,0.340403,0.556246,-0.394027,34.97892854017942,3.1520755012588477,-33.16058545205791,4.836875709986932,-11.126857750819456,4.007785822786803
7.385067701339722,-8.36797,4.9723,-0.144576,0.396787,1.1325,0.899526,0.0364238,0.456224,0.32838,0.34358,0.650804,0.583278,-0.343794,-0.039812,0.483618,-0.0508012,0.645063,0.358404,0.577158,-0.349755,29.64990105836153,4.552603060098227,-36.251739989892684,6.176784051980073,-11.922125674623565,4.423188579773516
7.386023998260498,-8.36797,4.9723,-0.144576,0.396787,1.1325,0.899526,0.0364238,0.456224,0.32838,0.34358,0.650804,0.583278,-0.343794,-0.039812,0.483618,-0.0508012,0.645063,0.358404,0.577158,-0.349755,29.64990105836153,4.552603060098227,-36.251739989892684,6.176784051980073,-11.922125674623565,4.423188579773516
7.4571099281311035,-7.85048,5.15006,-0.542467,0.429772,1.10958,0.934532,0.0366504,0.456225,0.328636,0.343667,0.651823,0.581656,-0.344522,-0.0357669,0.501353,-0.0371969,0.619594,0.396453,0.583816,-0.343639,25.304667746229757,4.809342403026493,-33.22363726412321,8.302834646821458,-14.545996858031499,5.118480358299957
7.458071231842041,-7.85048,5.15006,-0.542467,0.429772,1.10958,0.934532,0.0366504,0.456225,0.328636,0.343667,0.651823,0.581656,-0.344522,-0.0357669,0.501353,-0.0371969,0.619594,0.396453,0.583816,-0.343639,25.304667746229757,4.809342403026493,-33.22363726412321,8.302834646821458,-14.545996858031499,5.118480358299957
7.528789043426514,-8.0263,5.328,-0.432493,0.426618,1.09202,0.951655,0.036573,0.456233,0.328587,0.345174,0.652333,0.581322,-0.342611,-0.0298911,0.518699,-0.0226736,0.588807,0.432388,0.588495,-0.346441,21.665223179494664,4.411046454826742,-28.806405669186493,11.810105820887165,-17.956451078941903,5.052467067598128
7.529752016067505,-8.0263,5.328,-0.432493,0.426618,1.09202,0.951655,0.036573,0.456233,0.328587,0.345174,0.652333,0.581322,-0.342611,-0.0298911,0.518699,-0.0226736,0.588807,0.432388,0.588495,-0.346441,21.665223179494664,4.411046454826742,-28.806405669186493,11.810105820887165,-17.956451078941903,5.052467067598128
7.600619316101074,-7.92226,5.4343,-0.88873,0.457716,1.12146,0.972369,0.0366579,0.456184,0.328834,0.342849,0.650038,0.583877,-0.344954,-0.0337328,0.530615,-0.00645449,0.572036,0.452246,0.605264,-0.319226,17.034241498499664,5.22706735226827,-29.22636358520887,13.792817055946415,-17.45474806068272,6.0531635566292294
7.60158371925354,-7.92226,5.4343,-0.88873,0.457716,1.12146,0.972369,0.0366579,0.456184,0.328834,0.342849,0.650038,0.583877,-0.344954,-0.0337328,0.530615,-0.00645449,0.572036,0.452246,0.605264,-0.319226,17.034241498499664,5.22706735226827,-29.22636358520887,13.792817055946415,-17.45474806068272,6.0531635566292294
7.672754287719727,-7.55971,5.4333,-1.32831,0.479057,1.15961,0.988463,0.0367975,0.456129,0.328954,0.343093,0.650759,0.582908,-0.344992,-0.0412039,0.536787,0.00717857,0.561816,0.458233,0.625311,-0.288741,12.978461483902192,4.702248343868436,-30.93650912958791,15.0946908253907,-16.76338845822941,7.640300542176172
7.67371392250061,-7.55971,5.4333,-1.32831,0.479057,1.15961,0.988463,0.0367975,0.456129,0.328954,0.343093,0.650759,0.582908,-0.344992,-0.0412039,0.536787,0.00717857,0.561816,0.458233,0.625311,-0.288741,12.978461483902192,4.702248343868436,-30.93650912958791,15.0946908253907,-16.76338845822941,7.640300542176172
7.744371652603149,-7.75668,4.96495,-1.27879,0.426871,1.16435,0.896724,0.0366069,0.456206,0.328955,0.342499,0.650993,0.583762,-0.343692,-0.0481746,0.541459,0.0183961,0.552641,0.463593,0.640185,-0.264259,9.923311423225115,4.311073607942482,-32.094448199136984,15.879369652386174,-17.5904245000415,8.316043430517214
7.745331287384033,-7.75668,4.96495,-1.27879,0.426871,1.16435,0.896724,0.0366069,0.456206,0.328955,0.342499,0.650993,0.583762,-0.343692,-0.0481746,0.541459,0.0183961,0.552641,0.463593,0.640185,-0.264259,9.923311423225115,4.311073607942482,-32.094448199136984,15.879369652386174,-17.5904245000415,8.316043430517214
7.816209077835083,-8.20971,4.72051,-0.585306,0.364528,1.10627,0.824619,0.0362868,0.456322,0.328708,0.343548,0.651266,0.582672,-0.343977,-0.0527529,0.545536,0.0278395,0.54152,0.467111,0.652134,-0.251562,7.54180593357733,3.3926720206547225,-32.332827702808146,18.088609331846982,-17.607510783288713,9.530281821583515
7.817173957824707,-8.20971,4.72051,-0.585306,0.364528,1.10627,0.824619,0.0362868,0.456322,0.328708,0.343548,0.651266,0.582672,-0.343977,-0.0527529,0.545536,0.0278395,0.54152,0.467111,0.652134,-0.251562,7.54180593357733,3.3926720206547225,-32.332827702808146,18.088609331846982,-17.607510783288713,9.530281821583515
7.891131401062012,-7.86995,4.83063,0.171346,0.342596,0.928141,0.848068,0.0362988,0.456286,0.328723,0.343515,0.649259,0.584772,-0.344241,-0.0555718,0.550483,0.0405696,0.526403,0.476852,0.665591,-0.22913,3.992634000880582,3.2304531208951794,-32.683903350509226,18.65146028878565,-16.05472185689826,12.055012507612236
7.892094850540161,-7.86995,4.83063,0.171346,0.342596,0.928141,0.848068,0.0362988,0.456286,0.328723,0.343515,0.649259,0.584772,-0.344241,-0.0555718,0.550483,0.0405696,0.526403,0.476852,0.665591,-0.22913,3.992634000880582,3.2304531208951794,-32.683903350509226,18.65146028878565,-16.05472185689826,12.055012507612236
7.962977886199951,-8.12055,4.86225,-0.552305,0.397571,1.08373,0.84551,0.0363788,0.456297,0.328832,0.342856,0.650521,0.583856,-0.34407,-0.0565794,0.555031,0.0510402,0.509244,0.491906,0.669934,-0.223357,1.6559477860258114,3.1020947998187784,-31.454272148379342,18.713663608253082,-19.709842453990422,12.408954293125303
7.963939666748047,-8.12055,4.86225,-0.552305,0.397571,1.08373,0.84551,0.0363788,0.456297,0.328832,0.342856,0.650521,0.583856,-0.34407,-0.0565794,0.555031,0.0510402,0.509244,0.491906,0.669934,-0.223357,1.6559477860258114,3.1020947998187784,-31.454272148379342,18.713663608253082,-19.709842453990422,12.408954293125303
8.034321069717407,-8.37815,5.04811,-0.136613,0.427915,0.978808,0.88638,0.0366148,0.456225,0.328812,0.342547,0.651228,0.583204,-0.344146,-0.0561275,0.560348,0.0643579,0.495448,0.50216,0.678932,-0.203513,-1.5028375228020459,2.9128238291349158,-31.83373252540049,21.132741934088653,-16.86793296641784,14.038467473857693
8.03523302078247,-8.37815,5.04811,-0.136613,0.427915,0.978808,0.88638,0.0366148,0.456225,0.328812,0.342547,0.651228,0.583204,-0.344146,-0.0561275,0.560348,0.0643579,0.495448,0.50216,0.678932,-0.203513,-1.5028375228020459,2.9128238291349158,-31.83373252540049,21.132741934088653,-16.86793296641784,14.038467473857693
8.10610032081604,-7.31751,5.27887,-0.785106,0.481387,0.957717,0.958948,0.036496,0.456201,0.329004,0.343578,0.650484,0.583854,-0.343424,-0.0577514,0.563353,0.0750152,0.481958,0.510134,0.686157,-0.191488,-3.9133646214003286,2.637543554879379,-31.46600318403449,22.408446314621266,-17.685054912103055,15.348928471641388
8.107051372528076,-7.31751,5.27887,-0.785106,0.481387,0.957717,0.958948,0.036496,0.456201,0.329004,0.343578,0.650484,0.583854,-0.343424,-0.0577514,0.563353,0.0750152,0.481958,0.510134,0.686157,-0.191488,-3.9133646214003286,2.637543554879379,-31.46600318403449,22.408446314621266,-17.685054912103055,15.348928471641388
8.178021669387817,-6.73435,5.25481,-1.19008,0.483567,0.970651,0.965184,0.0367329,0.456179,0.32881,0.342276,0.651056,0.583163,-0.344811,-0.0581719,0.56517,0.0822247,0.472688,0.517315,0.689387,-0.183566,-5.55459787445294,2.661211424074126,-31.424332909283294,22.92441761746931,-17.715897506419022,15.71279097260306
8.178981065750122,-6.73435,5.25481,-1.19008,0.483567,0.970651,0.965184,0.0367329,0.456179,0.32881,0.342276,0.651056,0.583163,-0.344811,-0.0581719,0.56517,0.0822247,0.472688,0.517315,0.689387,-0.183566,-5.55459787445294,2.661211424074126,-31.424332909283294,22.92441761746931,-17.715897506419022,15.71279097260306
8.251127004623413,-6.93073,5.31498,-1.7,0.50639,1.0967,0.985899,0.036814,0.456124,0.328933,0.34315,0.650217,0.583287,-0.345315,-0.0585884,0.565593,0.0846851,0.468086,0.517715,0.692688,-0.181796,-6.22266835410466,2.3513468907892072,-31.27511944162616,23.16138215470333,-17.363314361102326,17.038544812260554
8.252086877822876,-6.93073,5.31498,-1.7,0.50639,1.0967,0.985899,0.036814,0.456124,0.328933,0.34315,0.650217,0.583287,-0.345315,-0.0585884,0.565593,0.0846851,0.468086,0.517715,0.692688,-0.181796,-6.22266835410466,2.3513468907892072,-31.27511944162616,23.16138215470333,-17.363314361102326,17.038544812260554
8.32496452331543,-6.50182,5.41371,-2.08868,0.511219,1.1255,1.01193,0.0369632,0.456009,0.328887,0.343082,0.650787,0.582755,-0.345206,-0.0562069,0.565383,0.0812183,0.472468,0.518021,0.687772,-0.188145,-5.318076363694591,2.711806490078926,-30.96315546587475,23.096439838059347,-17.488212398289775,16.050533837078408
8.325937271118164,-6.50182,5.41371,-2.08868,0.511219,1.1255,1.01193,0.0369632,0.456009,0.328887,0.343082,0.650787,0.582755,-0.345206,-0.0562069,0.565383,0.0812183,0.472468,0.518021,0.687772,-0.188145,-5.318076363694591,2.711806490078926,-30.96315546587475,23.096439838059347,-17.488212398289775,16.050533837078408
8.397961854934692,-6.5544,5.56984,-2.03163,0.530504,1.16522,1.03776,0.0370748,0.455951,0.328815,0.343533,0.650718,0.582724,-0.344942,-0.0510102,0.564922,0.0724514,0.47421,0.516004,0.680198,-0.21493,-2.8542117864231282,2.547769452398135,-28.902452953745296,22.305040090782253,-18.569366116535143,15.12520210306571
8.398874282836914,-6.5544,5.56984,-2.03163,0.530504,1.16522,1.03776,0.0370748,0.455951,0.328815,0.343533,0.650718,0.582724,-0.344942,-0.0510102,0.564922,0.0724514,0.47421,0.516004,0.680198,-0.21493,-2.8542117864231282,2.547769452398135,-28.902452953745296,22.305040090782253,-18.569366116535143,15.12520210306571
8.469471454620361,-6.6892,5.34024,-1.5701,0.483755,1.1423,0.986467,0.036986,0.456011,0.328854,0.343188,0.65067,0.582845,-0.345169,-0.0455874,0.563577,0.0614852,0.48283,0.510293,0.670613,-0.238231,0.06487080402957221,2.639676495071979,-27.78058495636516,21.922512927133646,-17.17745908334005,13.978773687827697
8.470385551452637,-6.6892,5.34024,-1.5701,0.483755,1.1423,0.986467,0.036986,0.456011,0.328854,0.343188,0.65067,0.582845,-0.345169,-0.0455874,0.563577,0.0614852,0.48283,0.510293,0.670613,-0.238231,0.06487080402957221,2.639676495071979,-27.78058495636516,21.922512927133646,-17.17745908334005,13.978773687827697
8.541503667831421,-6.98817,5.00817,-0.981649,0.409247,1.10926,0.906486,0.0368748,0.456079,0.328696,0.343642,0.650916,0.582759,-0.344399,-0.0382813,0.560803,0.0455994,0.492875,0.506162,0.652004,-0.275255,4.357306569767057,2.938886009925012,-25.329181054422268,21.201736912492063,-19.547848029962267,11.717393003050892
8.542468786239624,-6.98817,5.00817,-0.981649,0.409247,1.10926,0.906486,0.0368748,0.456079,0.328696,0.343642,0.650916,0.582759,-0.344399,-0.0382813,0.560803,0.0455994,0.492875,0.506162,0.652004,-0.275255,4.357306569767057,2.938886009925012,-25.329181054422268,21.201736912492063,-19.547848029962267,11.717393003050892
8.614181518554688,-7.0771,4.89201,-0.89401,0.375549,1.12628,0.879002,0.0367053,0.456161,0.328525,0.345715,0.652684,0.580385,-0.342984,-0.0325744,0.557658,0.033503,0.503297,0.497644,0.63984,-0.299409,7.540627982754448,2.4404029107790253,-24.235456045070055,21.658558109914917,-18.81233360669529,10.694117561184722
8.615102052688599,-7.0771,4.89201,-0.89401,0.375549,1.12628,0.879002,0.0367053,0.456161,0.328525,0.345715,0.652684,0.580385,-0.342984,-0.0325744,0.557658,0.033503,0.503297,0.497644,0.63984,-0.299409,7.540627982754448,2.4404029107790253,-24.235456045070055,21.658558109914917,-18.81233360669529,10.694117561184722
8.686079025268555,-7.1,4.46702,-0.886789,0.303071,1.14262,0.7931,0.0368368,0.456124,0.328495,0.345662,0.652078,0.580856,-0.343393,-0.0272322,0.553346,0.0209978,0.510671,0.492673,0.62308,-0.32903,11.070254997023946,2.586816187964142,-22.31748172616803,21.23106540480978,-20.61119049807173,8.910493361010113
8.686989784240723,-7.1,4.46702,-0.886789,0.303071,1.14262,0.7931,0.0368368,0.456124,0.328495,0.345662,0.652078,0.580856,-0.343393,-0.0272322,0.553346,0.0209978,0.510671,0.492673,0.62308,-0.32903,11.070254997023946,2.586816187964142,-22.31748172616803,21.23106540480978,-20.61119049807173,8.910493361010113
8.757918119430542,-7.3792,3.8661,-0.64554,0.177424,1.15549,0.661471,0.0365375,0.456184,0.328382,0.34431,0.650219,0.583375,-0.344005,-0.0234765,0.549078,0.0108812,0.516056,0.486091,0.611276,-0.351773,13.991670861341195,2.622872693417576,-20.90937934528391,20.24460995569103,-20.081754813077488,7.667406115753844
8.7588529586792,-7.3792,3.8661,-0.64554,0.177424,1.15549,0.661471,0.0365375,0.456184,0.328382,0.34431,0.650219,0.583375,-0.344005,-0.0234765,0.549078,0.0108812,0.516056,0.486091,0.611276,-0.351773,13.991670861341195,2.622872693417576,-20.90937934528391,20.24460995569103,-20.081754813077488,7.667406115753844
8.82984447479248,-7.42567,2.98857,-0.260378,0.00883281,1.10933,0.487882,0.0363361,0.456303,0.328158,0.343162,0.650036,0.584202,-0.344095,-0.0219442,0.545123,0.00346157,0.518144,0.477206,0.605237,-0.370796,16.264078344725412,1.8176162660324309,-19.789905892432678,19.327060524528793,-19.130763299225908,6.764793585841749
8.830779552459717,-7.42567,2.98857,-0.260378,0.00883281,1.10933,0.487882,0.0363361,0.456303,0.328158,0.343162,0.650036,0.584202,-0.344095,-0.0219442,0.545123,0.00346157,0.518144,0.477206,0.605237,-0.370796,16.264078344725412,1.8176162660324309,-19.789905892432678,19.327060524528793,-19.130763299225908,6.764793585841749
8.905771970748901,-7.28311,2.23237,-0.907612,-0.136389,1.22235,0.347662,0.0363739,0.456319,0.32814,0.34292,0.650329,0.583879,-0.344331,-0.0236754,0.542947,-0.000162492,0.519412,0.474767,0.601484,-0.378186,17.143764171884367,1.6262683091568033,-19.359427467784293,18.71330042308069,-21.959081990975612,6.866057191480999
8.906743049621582,-7.28311,2.23237,-0.907612,-0.136389,1.22235,0.347662,0.0363739,0.456319,0.32814,0.34292,0.650329,0.583879,-0.344331,-0.0236754,0.542947,-0.000162492,0.519412,0.474767,0.601484,-0.378186,17.143764171884367,1.6262683091568033,-19.359427467784293,18.71330042308069,-21.959081990975612,6.866057191480999
8.979236125946045,-7.00825,1.97259,-1.04783,-0.225897,1.18791,0.307344,0.0362284,0.456407,0.328215,0.343521,0.649694,0.58429,-0.344233,-0.0265164,0.543505,0.00133427,0.519077,0.472541,0.605559,-0.374916,16.768854895707,1.367696795236756,-19.66391700647601,19.378746458819315,-22.48939160119726,7.107560020392286
8.980188369750977,-7.00825,1.97259,-1.04783,-0.225897,1.18791,0.307344,0.0362284,0.456407,0.328215,0.343521,0.649694,0.58429,-0.344233,-0.0265164,0.543505,0.00133427,0.519077,0.472541,0.605559,-0.374916,16.768854895707,1.367696795236756,-19.66391700647601,19.378746458819315,-22.48939160119726,7.107560020392286
9.052265167236328,-7.24933,1.78831,-1.31768,-0.275815,1.26705,0.26725,0.036303,0.456395,0.328293,0.343693,0.649886,0.583953,-0.34427,-0.0299516,0.545204,0.0055404,0.515031,0.47001,0.615476,-0.367454,15.634757618552845,0.6416868176898372,-20.25875574097427,19.93043987882322,-21.40545954003907,8.083462922166412
9.053167581558228,-7.24933,1.78831,-1.31768,-0.275815,1.26705,0.26725,0.036303,0.456395,0.328293,0.343693,0.649886,0.583953,-0.34427,-0.0299516,0.545204,0.0055404,0.515031,0.47001,0.615476,-0.367454,15.634757618552845,0.6416868176898372,-20.25875574097427,19.93043987882322,-21.40545954003907,8.083462922166412
9.125641822814941,-7.23021,1.84998,-1.35283,-0.22646,1.23525,0.277441,0.0361071,0.45646,0.328325,0.343397,0.649432,0.584022,-0.345305,-0.03233,0.546822,0.00932433,0.512979,0.470608,0.621566,-0.359216,14.582470203169418,0.6438773720814922,-20.95602349373486,20.416474337925223,-20.521091628733934,8.59163577061302
9.126596212387085,-7.23021,1.84998,-1.35283,-0.22646,1.23525,0.277441,0.0361071,0.45646,0.328325,0.343397,0.649432,0.584022,-0.345305,-0.03233,0.546822,0.00932433,0.512979,0.470608,0.621566,-0.359216,14.582470203169418,0.6438773720814922,-20.95602349373486,20.416474337925223,-20.521091628733934,8.59163577061302
9.199101209640503,-6.91046,2.54228,-1.82344,-0.0920024,1.27216,0.418886,0.0362644,0.456425,0.328471,0.343455,0.650648,0.583319,-0.344143,-0.0318003,0.54748,0.0100791,0.513794,0.474646,0.619453,-0.356378,14.410046795579312,1.0210137005184061,-21.041570309154373,20.251784726835595,-22.241271821705407,8.1462577328608
9.200053930282593,-6.91046,2.54228,-1.82344,-0.0920024,1.27216,0.418886,0.0362644,0.456425,0.328471,0.343455,0.650648,0.583319,-0.344143,-0.0318003,0.54748,0.0100791,0.513794,0.474646,0.619453,-0.356378,14.410046795579312,1.0210137005184061,-21.041570309154373,20.251784726835595,-22.241271821705407,8.1462577328608
9.27246880531311,-6.70299,3.50402,-2.07616,0.109643,1.28167,0.601992,0.036686,0.456239,0.328583,0.342539,0.651393,0.582304,-0.345364,-0.0274507,0.545455,0.00572144,0.516471,0.473369,0.61291,-0.365403,15.53962892190918,1.1409563986798317,-20.660809165886334,19.597076462596476,-20.16601561951565,8.04147448623345
9.273495435714722,-6.70299,3.50402,-2.07616,0.109643,1.28167,0.601992,0.036686,0.456239,0.328583,0.342539,0.651393,0.582304,-0.345364,-0.0274507,0.545455,0.00572144,0.516471,0.473369,0.61291,-0.365403,15.53962892190918,1.1409563986798317,-20.660809165886334,19.597076462596476,-20.16601561951565,8.04147448623345
9.346111059188843,-6.49232,4.00975,-2.01848,0.226573,1.2459,0.697429,0.0365099,0.456251,0.328616,0.343207,0.650887,0.583352,-0.343883,-0.0220115,0.540651,-0.00411374,0.521217,0.470454,0.596526,-0.388796,18.420692022267424,1.1639318264472773,-18.66933182853175,18.634823790442898,-21.901532129484615,6.708607330416557
9.347070455551147,-6.49232,4.00975,-2.01848,0.226573,1.2459,0.697429,0.0365099,0.456251,0.328616,0.343207,0.650887,0.583352,-0.343883,-0.0220115,0.540651,-0.00411374,0.521217,0.470454,0.596526,-0.388796,18.420692022267424,1.1639318264472773,-18.66933182853175,18.634823790442898,-21.901532129484615,6.708607330416557
9.420056581497192,-7.05429,4.2705,-1.48221,0.255875,1.23157,0.747608,0.0367062,0.456248,0.328518,0.34521,0.65238,0.580678,-0.343574,-0.017428,0.532125,-0.0167966,0.538528,0.460047,0.579254,-0.403497,21.62811789366862,1.4454908193941165,-18.87901547565461,17.689377672304456,-21.601085221641142,5.968588092808137
9.421019792556763,-7.05429,4.2705,-1.48221,0.255875,1.23157,0.747608,0.0367062,0.456248,0.328518,0.34521,0.65238,0.580678,-0.343574,-0.017428,0.532125,-0.0167966,0.538528,0.460047,0.579254,-0.403497,21.62811789366862,1.4454908193941165,-18.87901547565461,17.689377672304456,-21.601085221641142,5.968588092808137
9.493337631225586,-7.20694,4.22229,-0.788543,0.271415,1.12533,0.746827,0.0365664,0.456265,0.328547,0.342822,0.65173,0.582302,-0.344449,-0.0196425,0.514444,-0.0351903,0.572442,0.430384,0.564685,-0.410135,26.5353641633455,2.3093562102257734,-22.052141342571336,12.613565322765641,-18.817877903688387,5.215009599242721
9.49429965019226,-7.20694,4.22229,-0.788543,0.271415,1.12533,0.746827,0.0365664,0.456265,0.328547,0.342822,0.65173,0.582302,-0.344449,-0.0196425,0.514444,-0.0351903,0.572442,0.430384,0.564685,-0.410135,26.5353641633455,2.3093562102257734,-22.052141342571336,12.613565322765641,-18.817877903688387,5.215009599242721
9.56640887260437,-7.2668,3.99549,-0.181455,0.247489,1.02286,0.708897,0.0364241,0.45628,0.328309,0.343223,0.650934,0.583031,-0.344322,-0.018632,0.497732,-0.0504714,0.596391,0.403894,0.546508,-0.427219,31.38519767666948,2.4028237149976466,-23.182541522018756,9.860478536770273,-17.421404845784863,3.874028126457274
9.567375659942627,-7.2668,3.99549,-0.181455,0.247489,1.02286,0.708897,0.0364241,0.45628,0.328309,0.343223,0.650934,0.583031,-0.344322,-0.018632,0.497732,-0.0504714,0.596391,0.403894,0.546508,-0.427219,31.38519767666948,2.4028237149976466,-23.182541522018756,9.860478536770273,-17.421404845784863,3.874028126457274
9.63860297203064,-8.25853,4.42433,0.0610086,0.288316,1.09205,0.769063,0.0365882,0.456207,0.328142,0.34272,0.651164,0.582914,-0.344586,-0.0132408,0.478676,-0.0663756,0.618108,0.38252,0.517991,-0.450895,36.8855986710737,2.9811731472580845,-23.573099633473568,6.181195172585337,-17.254519605226562,2.8951531433279127
9.63952112197876,-8.25853,4.42433,0.0610086,0.288316,1.09205,0.769063,0.0365882,0.456207,0.328142,0.34272,0.651164,0.582914,-0.344586,-0.0132408,0.478676,-0.0663756,0.618108,0.38252,0.517991,-0.450895,36.8855986710737,2.9811731472580845,-23.573099633473568,6.181195172585337,-17.254519605226562,2.8951531433279127
9.710252046585083,-7.88692,4.349,0.0930666,0.278734,1.04888,0.757152,0.0365738,0.456199,0.328153,0.342633,0.651476,0.582695,-0.344454,-0.00664018,0.462974,-0.0782467,0.632281,0.368455,0.490742,-0.472899,41.4157186046968,3.401730979195335,-23.221959742408817,3.4301441993596327,-17.40897899376875,2.764055888991833
9.7111976146698,-7.88692,4.349,0.0930666,0.278734,1.04888,0.757152,0.0365738,0.456199,0.328153,0.342633,0.651476,0.582695,-0.344454,-0.00664018,0.462974,-0.0782467,0.632281,0.368455,0.490742,-0.472899,41.4157186046968,3.401730979195335,-23.221959742408817,3.4301441993596327,-17.40897899376875,2.764055888991833
9.78271222114563,-7.98001,4.45636,-0.125274,0.290138,1.10328,0.770203,0.036722,0.456131,0.328026,0.3434,0.650307,0.582934,-0.345493,-0.000801763,0.446877,-0.0882962,0.644423,0.353389,0.465952,-0.492669,45.47809133592722,3.658861819193754,-22.892848841403918,1.25351823508622,-16.917257425252753,3.422000164409993
9.783650398254395,-7.98001,4.45636,-0.125274,0.290138,1.10328,0.770203,0.036722,0.456131,0.328026,0.3434,0.650307,0.582934,-0.345493,-0.000801763,0.446877,-0.0882962,0.644423,0.353389,0.465952,-0.492669,45.47809133592722,3.658861819193754,-22.892848841403918,1.25351823508622,-16.917257425252753,3.422000164409993
9.85692024230957,-7.89907,4.7312,0.250151,0.307915,1.02028,0.826717,0.0367182,0.456098,0.328127,0.343739,0.65146,0.581784,-0.344922,0.00314641,0.433121,-0.0951867,0.6588,0.337227,0.445444,-0.503825,49.070778184082265,4.069019511288048,-23.982748937619842,-0.1790559264407383,-16.56599992212281,2.739506700361956
9.857879400253296,-7.89907,4.7312,0.250151,0.307915,1.02028,0.826717,0.0367182,0.456098,0.328127,0.343739,0.65146,0.581784,-0.344922,0.00314641,0.433121,-0.0951867,0.6588,0.337227,0.445444,-0.503825,49.070778184082265,4.069019511288048,-23.982748937619842,-0.1790559264407383,-16.56599992212281,2.739506700361956
