# Timestamp, Flexion, Adduction, Rotation, Translation_ap, Translation_ml, Translation_pd, Tx, Ty, Tz, Fx, Fy, Fz
0.0213470458984375, 89.2476968791958, 0.7824268675488881, -9.438650832755643, 13.57250090341762, 7.79037406440843, 38.04383825416379, 0.0, 0.0, 0.0, 0.0, 0.0, 0.0
0.02153754234313965, 89.2476968791958, 0.7824268675488881, -9.438650832755643, 13.57250090341762, 7.79037406440843, 38.04383825416379, 0.0, 0.0, 0.0, 0.0, 0.0, 0.0
0.037928104400634766, 89.2476968791958, 0.7824268675488881, -9.438650832755643, 13.57250090341762, 7.79037406440843, 38.04383825416379, 0.0, 0.0, 0.0, 0.0, 0.0, 0.0
0.038053274154663086, 89.2476968791958, 0.7824268675488881, -9.438650832755643, 13.57250090341762, 7.79037406440843, 38.04383825416379, 0.0, 0.0, 0.0, 0.0, 0.0, 0.0
0.06594085693359375, 89.2476968791958, 0.7824268675488881, -9.438650832755643, 13.57250090341762, 7.79037406440843, 38.04383825416379, 0.0, 0.0, 0.0, 0.0, 0.0, 0.0
0.06605792045593262, 89.2476968791958, 0.7824268675488881, -9.438650832755643, 13.57250090341762, 7.79037406440843, 38.04383825416379, 0.0, 0.0, 0.0, 0.0, 0.0, 0.0
0.0829615592956543, 89.2476968791958, 0.7824268675488881, -9.438650832755643, 13.57250090341762, 7.79037406440843, 38.04383825416379, 0.0, 0.0, 0.0, 0.0, 0.0, 0.0
0.08307862281799316, 89.2476968791958, 0.7824268675488881, -9.438650832755643, 13.57250090341762, 7.79037406440843, 38.04383825416379, 0.0, 0.0, 0.0, 0.0, 0.0, 0.0
0.09918904304504395, 89.2476968791958, 0.7824268675488881, -9.438650832755643, 13.57250090341762, 7.79037406440843, 38.04383825416379, 0.0, 0.0, 0.0, 0.0, 0.0, 0.0
0.09930276870727539, 89.2476968791958, 0.7824268675488881, -9.438650832755643, 13.57250090341762, 7.79037406440843, 38.04383825416379, 0.0, 0.0, 0.0, 0.0, 0.0, 0.0
0.11645126342773438, 89.2476968791958, 0.7824268675488881, -9.438650832755643, 13.57250090341762, 7.79037406440843, 38.04383825416379, 0.0, 0.0, 0.0, 0.0, 0.0, 0.0
0.11656904220581055, 89.2476968791958, 0.7824268675488881, -9.438650832755643, 13.57250090341762, 7.79037406440843, 38.04383825416379, 0.0, 0.0, 0.0, 0.0, 0.0, 0.0
0.15125775337219238, 89.2476968791958, 0.7824268675488881, -9.438650832755643, 13.57250090341762, 7.79037406440843, 38.04383825416379, 0.0, 0.0, 0.0, 0.0, 0.0, 0.0
0.15138030052185059, 89.2476968791958, 0.7824268675488881, -9.438650832755643, 13.57250090341762, 7.79037406440843, 38.04383825416379, 0.0, 0.0, 0.0, 0.0, 0.0, 0.0
0.16579914093017578, 89.2476968791958, 0.7824268675488881, -9.438650832755643, 13.57250090341762, 7.79037406440843, 38.04383825416379, 0.0, 0.0, 0.0, 0.0, 0.0, 0.0
0.16591382026672363, 89.2476968791958, 0.7824268675488881, -9.438650832755643, 13.57250090341762, 7.79037406440843, 38.04383825416379, 0.0, 0.0, 0.0, 0.0, 0.0, 0.0
0.18263792991638184, 89.2476968791958, 0.7824268675488881, -9.438650832755643, 13.57250090341762, 7.79037406440843, 38.04383825416379, 0.0, 0.0, 0.0, 0.0, 0.0, 0.0
0.18275141716003418, 89.2476968791958, 0.7824268675488881, -9.438650832755643, 13.57250090341762, 7.79037406440843, 38.04383825416379, 0.0, 0.0, 0.0, 0.0, 0.0, 0.0
0.19923877716064453, 89.2476968791958, 0.7824268675488881, -9.438650832755643, 13.57250090341762, 7.79037406440843, 38.04383825416379, 0.0, 0.0, 0.0, 0.0, 0.0, 0.0
0.19935059547424316, 89.2476968791958, 0.7824268675488881, -9.438650832755643, 13.57250090341762, 7.79037406440843, 38.04383825416379, 0.0, 0.0, 0.0, 0.0, 0.0, 0.0
0.21595096588134766, 89.2476968791958, 0.7824268675488881, -9.438650832755643, 13.57250090341762, 7.79037406440843, 38.04383825416379, 0.0, 0.0, 0.0, 0.0, 0.0, 0.0
0.2160634994506836, 89.2476968791958, 0.7824268675488881, -9.438650832755643, 13.57250090341762, 7.79037406440843, 38.04383825416379, 0.0, 0.0, 0.0, 0.0, 0.0, 0.0
0.2490673065185547, 89.2476968791958, 0.7824268675488881, -9.438650832755643, 13.57250090341762, 7.79037406440843, 38.04383825416379, 0.0, 0.0, 0.0, 0.0, 0.0, 0.0
0.2491769790649414, 89.2476968791958, 0.7824268675488881, -9.438650832755643, 13.57250090341762, 7.79037406440843, 38.04383825416379, 0.0, 0.0, 0.0, 0.0, 0.0, 0.0
0.2660026550292969, 89.2476968791958, 0.7824268675488881, -9.438650832755643, 13.57250090341762, 7.79037406440843, 38.04383825416379, 0.0, 0.0, 0.0, 0.0, 0.0, 0.0
0.2661447525024414, 89.2476968791958, 0.7824268675488881, -9.438650832755643, 13.57250090341762, 7.79037406440843, 38.04383825416379, 0.0, 0.0, 0.0, 0.0, 0.0, 0.0
0.28267979621887207, 89.2476968791958, 0.7824268675488881, -9.438650832755643, 13.57250090341762, 7.79037406440843, 38.04383825416379, 0.0, 0.0, 0.0, 0.0, 0.0, 0.0
0.2827911376953125, 89.2476968791958, 0.7824268675488881, -9.438650832755643, 13.57250090341762, 7.79037406440843, 38.04383825416379, 0.0, 0.0, 0.0, 0.0, 0.0, 0.0
0.29921555519104004, 89.2476968791958, 0.7824268675488881, -9.438650832755643, 13.57250090341762, 7.79037406440843, 38.04383825416379, 0.0, 0.0, 0.0, 0.0, 0.0, 0.0
0.2993285655975342, 89.2476968791958, 0.7824268675488881, -9.438650832755643, 13.57250090341762, 7.79037406440843, 38.04383825416379, 0.0, 0.0, 0.0, 0.0, 0.0, 0.0
0.3162393569946289, 89.2476968791958, 0.7824268675488881, -9.438650832755643, 13.57250090341762, 7.79037406440843, 38.04383825416379, 0.0, 0.0, 0.0, 0.0, 0.0, 0.0
0.31635284423828125, 89.2476968791958, 0.7824268675488881, -9.438650832755643, 13.57250090341762, 7.79037406440843, 38.04383825416379, 0.0, 0.0, 0.0, 0.0, 0.0, 0.0
0.3491511344909668, 89.2476968791958, 0.7824268675488881, -9.438650832755643, 13.57250090341762, 7.79037406440843, 38.04383825416379, 0.0, 0.0, 0.0, 0.0, 0.0, 0.0
0.3492610454559326, 89.2476968791958, 0.7824268675488881, -9.438650832755643, 13.57250090341762, 7.79037406440843, 38.04383825416379, 0.0, 0.0, 0.0, 0.0, 0.0, 0.0
0.3659486770629883, 89.2476968791958, 0.7824268675488881, -9.438650832755643, 13.57250090341762, 7.79037406440843, 38.04383825416379, 0.0, 0.0, 0.0, 0.0, 0.0, 0.0
0.3660597801208496, 89.2476968791958, 0.7824268675488881, -9.438650832755643, 13.57250090341762, 7.79037406440843, 38.04383825416379, 0.0, 0.0, 0.0, 0.0, 0.0, 0.0
0.3828568458557129, 89.2476968791958, 0.7824268675488881, -9.438650832755643, 13.57250090341762, 7.79037406440843, 38.04383825416379, 0.0, 0.0, 0.0, 0.0, 0.0, 0.0
0.38297343254089355, 89.2476968791958, 0.7824268675488881, -9.438650832755643, 13.57250090341762, 7.79037406440843, 38.04383825416379, 0.0, 0.0, 0.0, 0.0, 0.0, 0.0
0.39922189712524414, 89.2476968791958, 0.7824268675488881, -9.438650832755643, 13.57250090341762, 7.79037406440843, 38.04383825416379, 0.0, 0.0, 0.0, 0.0, 0.0, 0.0
0.39933252334594727, 89.2476968791958, 0.7824268675488881, -9.438650832755643, 13.57250090341762, 7.79037406440843, 38.04383825416379, 0.0, 0.0, 0.0, 0.0, 0.0, 0.0
0.4324932098388672, 89.2476968791958, 0.7824268675488881, -9.438650832755643, 13.57250090341762, 7.79037406440843, 38.04383825416379, 0.0, 0.0, 0.0, 0.0, 0.0, 0.0
0.43261194229125977, 89.2476968791958, 0.7824268675488881, -9.438650832755643, 13.57250090341762, 7.79037406440843, 38.04383825416379, 0.0, 0.0, 0.0, 0.0, 0.0, 0.0
0.4490830898284912, 89.2476968791958, 0.7824268675488881, -9.438650832755643, 13.57250090341762, 7.79037406440843, 38.04383825416379, 0.0, 0.0, 0.0, 0.0, 0.0, 0.0
0.44919538497924805, 89.2476968791958, 0.7824268675488881, -9.438650832755643, 13.57250090341762, 7.79037406440843, 38.04383825416379, 0.0, 0.0, 0.0, 0.0, 0.0, 0.0
0.46604156494140625, 89.2476968791958, 0.7824268675488881, -9.438650832755643, 13.57250090341762, 7.79037406440843, 38.04383825416379, 0.0, 0.0, 0.0, 0.0, 0.0, 0.0
0.466153621673584, 89.2476968791958, 0.7824268675488881, -9.438650832755643, 13.57250090341762, 7.79037406440843, 38.04383825416379, 0.0, 0.0, 0.0, 0.0, 0.0, 0.0
0.4831244945526123, 89.2476968791958, 0.7824268675488881, -9.438650832755643, 13.57250090341762, 7.79037406440843, 38.04383825416379, 0.0, 0.0, 0.0, 0.0, 0.0, 0.0
0.48323512077331543, 89.2476968791958, 0.7824268675488881, -9.438650832755643, 13.57250090341762, 7.79037406440843, 38.04383825416379, 0.0, 0.0, 0.0, 0.0, 0.0, 0.0
0.49934887886047363, 89.2476968791958, 0.7824268675488881, -9.438650832755643, 13.57250090341762, 7.79037406440843, 38.04383825416379, 0.0, 0.0, 0.0, 0.0, 0.0, 0.0
0.49946045875549316, 89.2476968791958, 0.7824268675488881, -9.438650832755643, 13.57250090341762, 7.79037406440843, 38.04383825416379, 0.0, 0.0, 0.0, 0.0, 0.0, 0.0
0.515955924987793, 89.2476968791958, 0.7824268675488881, -9.438650832755643, 13.57250090341762, 7.79037406440843, 38.04383825416379, 0.0, 0.0, 0.0, 0.0, 0.0, 0.0
0.5160694122314453, 89.2476968791958, 0.7824268675488881, -9.438650832755643, 13.57250090341762, 7.79037406440843, 38.04383825416379, 0.0, 0.0, 0.0, 0.0, 0.0, 0.0
0.5622105598449707, 89.2476968791958, 0.7824268675488881, -9.438650832755643, 13.57250090341762, 7.79037406440843, 38.04383825416379, 0.0, 0.0, 0.0, 0.0, 0.0, 0.0
0.5624711513519287, 89.2476968791958, 0.7824268675488881, -9.438650832755643, 13.57250090341762, 7.79037406440843, 38.04383825416379, 0.0, 0.0, 0.0, 0.0, 0.0, 0.0
0.5804469585418701, 89.2476968791958, 0.7824268675488881, -9.438650832755643, 13.57250090341762, 7.79037406440843, 38.04383825416379, 0.0, 0.0, 0.0, 0.0, 0.0, 0.0
0.5805838108062744, 89.2476968791958, 0.7824268675488881, -9.438650832755643, 13.57250090341762, 7.79037406440843, 38.04383825416379, 0.0, 0.0, 0.0, 0.0, 0.0, 0.0
0.5990591049194336, 89.2476968791958, 0.7824268675488881, -9.438650832755643, 13.57250090341762, 7.79037406440843, 38.04383825416379, 0.0, 0.0, 0.0, 0.0, 0.0, 0.0
0.5991697311401367, 89.2476968791958, 0.7824268675488881, -9.438650832755643, 13.57250090341762, 7.79037406440843, 38.04383825416379, 0.0, 0.0, 0.0, 0.0, 0.0, 0.0
0.6325714588165283, 89.2476968791958, 0.7824268675488881, -9.438650832755643, 13.57250090341762, 7.79037406440843, 38.04383825416379, 0.0, 0.0, 0.0, 0.0, 0.0, 0.0
0.6326858997344971, 89.2476968791958, 0.7824268675488881, -9.438650832755643, 13.57250090341762, 7.79037406440843, 38.04383825416379, 0.0, 0.0, 0.0, 0.0, 0.0, 0.0
0.6492030620574951, 89.2476968791958, 0.7824268675488881, -9.438650832755643, 13.57250090341762, 7.79037406440843, 38.04383825416379, 0.0, 0.0, 0.0, 0.0, 0.0, 0.0
0.6493136882781982, 89.2476968791958, 0.7824268675488881, -9.438650832755643, 13.57250090341762, 7.79037406440843, 38.04383825416379, 0.0, 0.0, 0.0, 0.0, 0.0, 0.0
0.6659994125366211, 89.2476968791958, 0.7824268675488881, -9.438650832755643, 13.57250090341762, 7.79037406440843, 38.04383825416379, 0.0, 0.0, 0.0, 0.0, 0.0, 0.0
0.6661372184753418, 89.2476968791958, 0.7824268675488881, -9.438650832755643, 13.57250090341762, 7.79037406440843, 38.04383825416379, 0.0, 0.0, 0.0, 0.0, 0.0, 0.0
0.6826660633087158, 89.2476968791958, 0.7824268675488881, -9.438650832755643, 13.57250090341762, 7.79037406440843, 38.04383825416379, 0.0, 0.0, 0.0, 0.0, 0.0, 0.0
0.6827795505523682, 89.2476968791958, 0.7824268675488881, -9.438650832755643, 13.57250090341762, 7.79037406440843, 38.04383825416379, 0.0, 0.0, 0.0, 0.0, 0.0, 0.0
0.6992142200469971, 89.2476968791958, 0.7824268675488881, -9.438650832755643, 13.57250090341762, 7.79037406440843, 38.04383825416379, 0.0, 0.0, 0.0, 0.0, 0.0, 0.0
0.6993274688720703, 89.2476968791958, 0.7824268675488881, -9.438650832755643, 13.57250090341762, 7.79037406440843, 38.04383825416379, 0.0, 0.0, 0.0, 0.0, 0.0, 0.0
0.7329061031341553, 89.2476968791958, 0.7824268675488881, -9.438650832755643, 13.57250090341762, 7.79037406440843, 38.04383825416379, 0.0, 0.0, 0.0, 0.0, 0.0, 0.0
0.7330155372619629, 89.2476968791958, 0.7824268675488881, -9.438650832755643, 13.57250090341762, 7.79037406440843, 38.04383825416379, 0.0, 0.0, 0.0, 0.0, 0.0, 0.0
0.7492859363555908, 89.2476968791958, 0.7824268675488881, -9.438650832755643, 13.57250090341762, 7.79037406440843, 38.04383825416379, 0.0, 0.0, 0.0, 0.0, 0.0, 0.0
0.7493951320648193, 89.2476968791958, 0.7824268675488881, -9.438650832755643, 13.57250090341762, 7.79037406440843, 38.04383825416379, 0.0, 0.0, 0.0, 0.0, 0.0, 0.0
0.7659616470336914, 89.2476968791958, 0.7824268675488881, -9.438650832755643, 13.57250090341762, 7.79037406440843, 38.04383825416379, 0.0, 0.0, 0.0, 0.0, 0.0, 0.0
0.7660725116729736, 89.2476968791958, 0.7824268675488881, -9.438650832755643, 13.57250090341762, 7.79037406440843, 38.04383825416379, 0.0, 0.0, 0.0, 0.0, 0.0, 0.0
0.7827541828155518, 89.2476968791958, 0.7824268675488881, -9.438650832755643, 13.57250090341762, 7.79037406440843, 38.04383825416379, 0.0, 0.0, 0.0, 0.0, 0.0, 0.0
0.7828664779663086, 89.2476968791958, 0.7824268675488881, -9.438650832755643, 13.57250090341762, 7.79037406440843, 38.04383825416379, 0.0, 0.0, 0.0, 0.0, 0.0, 0.0
0.7992572784423828, 89.2476968791958, 0.7824268675488881, -9.438650832755643, 13.57250090341762, 7.79037406440843, 38.04383825416379, 0.0, 0.0, 0.0, 0.0, 0.0, 0.0
0.799370288848877, 89.2476968791958, 0.7824268675488881, -9.438650832755643, 13.57250090341762, 7.79037406440843, 38.04383825416379, 0.0, 0.0, 0.0, 0.0, 0.0, 0.0
0.8525116443634033, 89.2476968791958, 0.7824268675488881, -9.438650832755643, 13.57250090341762, 7.79037406440843, 38.04383825416379, 0.0, 0.0, 0.0, 0.0, 0.0, 0.0
0.8529200553894043, 89.2476968791958, 0.7824268675488881, -9.438650832755643, 13.57250090341762, 7.79037406440843, 38.04383825416379, 0.0, 0.0, 0.0, 0.0, 0.0, 0.0
0.8735687732696533, 89.2476968791958, 0.7824268675488881, -9.438650832755643, 13.57250090341762, 7.79037406440843, 38.04383825416379, 0.0, 0.0, 0.0, 0.0, 0.0, 0.0
0.873729944229126, 89.2476968791958, 0.7824268675488881, -9.438650832755643, 13.57250090341762, 7.79037406440843, 38.04383825416379, 0.0, 0.0, 0.0, 0.0, 0.0, 0.0
0.8989439010620117, 89.2476968791958, 0.7824268675488881, -9.438650832755643, 13.57250090341762, 7.79037406440843, 38.04383825416379, 0.0, 0.0, 0.0, 0.0, 0.0, 0.0
0.899052619934082, 89.2476968791958, 0.7824268675488881, -9.438650832755643, 13.57250090341762, 7.79037406440843, 38.04383825416379, 0.0, 0.0, 0.0, 0.0, 0.0, 0.0
0.9161279201507568, 89.2476968791958, 0.7824268675488881, -9.438650832755643, 13.57250090341762, 7.79037406440843, 38.04383825416379, 0.0, 0.0, 0.0, 0.0, 0.0, 0.0
0.9162447452545166, 89.2476968791958, 0.7824268675488881, -9.438650832755643, 13.57250090341762, 7.79037406440843, 38.04383825416379, 0.0, 0.0, 0.0, 0.0, 0.0, 0.0
0.9336254596710205, 89.2476968791958, 0.7824268675488881, -9.438650832755643, 13.57250090341762, 7.79037406440843, 38.04383825416379, 0.0, 0.0, 0.0, 0.0, 0.0, 0.0
0.9337522983551025, 89.2476968791958, 0.7824268675488881, -9.438650832755643, 13.57250090341762, 7.79037406440843, 38.04383825416379, 0.0, 0.0, 0.0, 0.0, 0.0, 0.0
0.9659342765808105, 89.2476968791958, 0.7824268675488881, -9.438650832755643, 13.57250090341762, 7.79037406440843, 38.04383825416379, 0.0, 0.0, 0.0, 0.0, 0.0, 0.0
0.9660446643829346, 89.2476968791958, 0.7824268675488881, -9.438650832755643, 13.57250090341762, 7.79037406440843, 38.04383825416379, 0.0, 0.0, 0.0, 0.0, 0.0, 0.0
0.999018669128418, 89.2476968791958, 0.7824268675488881, -9.438650832755643, 13.57250090341762, 7.79037406440843, 38.04383825416379, 0.0, 0.0, 0.0, 0.0, 0.0, 0.0
0.9991323947906494, 89.2476968791958, 0.7824268675488881, -9.438650832755643, 13.57250090341762, 7.79037406440843, 38.04383825416379, 0.0, 0.0, 0.0, 0.0, 0.0, 0.0
1.0325026512145996, 89.2476968791958, 0.7824268675488881, -9.438650832755643, 13.57250090341762, 7.79037406440843, 38.04383825416379, 0.0, 0.0, 0.0, 0.0, 0.0, 0.0
1.0326237678527832, 89.2476968791958, 0.7824268675488881, -9.438650832755643, 13.57250090341762, 7.79037406440843, 38.04383825416379, 0.0, 0.0, 0.0, 0.0, 0.0, 0.0
1.0491447448730469, 89.2476968791958, 0.7824268675488881, -9.438650832755643, 13.57250090341762, 7.79037406440843, 38.04383825416379, 0.0, 0.0, 0.0, 0.0, 0.0, 0.0
1.0492537021636963, 89.2476968791958, 0.7824268675488881, -9.438650832755643, 13.57250090341762, 7.79037406440843, 38.04383825416379, 0.0, 0.0, 0.0, 0.0, 0.0, 0.0
1.0660114288330078, 89.2476968791958, 0.7824268675488881, -9.438650832755643, 13.57250090341762, 7.79037406440843, 38.04383825416379, 0.0, 0.0, 0.0, 0.0, 0.0, 0.0
1.0661251544952393, 89.2476968791958, 0.7824268675488881, -9.438650832755643, 13.57250090341762, 7.79037406440843, 38.04383825416379, 0.0, 0.0, 0.0, 0.0, 0.0, 0.0
1.083195686340332, 89.2476968791958, 0.7824268675488881, -9.438650832755643, 13.57250090341762, 7.79037406440843, 38.04383825416379, 0.0, 0.0, 0.0, 0.0, 0.0, 0.0
1.0833053588867188, 89.2476968791958, 0.7824268675488881, -9.438650832755643, 13.57250090341762, 7.79037406440843, 38.04383825416379, 0.0, 0.0, 0.0, 0.0, 0.0, 0.0
1.0992941856384277, 89.2476968791958, 0.7824268675488881, -9.438650832755643, 13.57250090341762, 7.79037406440843, 38.04383825416379, 0.0, 0.0, 0.0, 0.0, 0.0, 0.0
1.0994060039520264, 89.2476968791958, 0.7824268675488881, -9.438650832755643, 13.57250090341762, 7.79037406440843, 38.04383825416379, 0.0, 0.0, 0.0, 0.0, 0.0, 0.0
1.132723093032837, 89.2476968791958, 0.7824268675488881, -9.438650832755643, 13.57250090341762, 7.79037406440843, 38.04383825416379, 0.0, 0.0, 0.0, 0.0, 0.0, 0.0
1.132840633392334, 89.2476968791958, 0.7824268675488881, -9.438650832755643, 13.57250090341762, 7.79037406440843, 38.04383825416379, 0.0, 0.0, 0.0, 0.0, 0.0, 0.0
1.1490709781646729, 89.2476968791958, 0.7824268675488881, -9.438650832755643, 13.57250090341762, 7.79037406440843, 38.04383825416379, 0.0, 0.0, 0.0, 0.0, 0.0, 0.0
1.149183750152588, 89.2476968791958, 0.7824268675488881, -9.438650832755643, 13.57250090341762, 7.79037406440843, 38.04383825416379, 0.0, 0.0, 0.0, 0.0, 0.0, 0.0
1.1660256385803223, 89.2476968791958, 0.7824268675488881, -9.438650832755643, 13.57250090341762, 7.79037406440843, 38.04383825416379, 0.0, 0.0, 0.0, 0.0, 0.0, 0.0
1.1661396026611328, 89.2476968791958, 0.7824268675488881, -9.438650832755643, 13.57250090341762, 7.79037406440843, 38.04383825416379, 0.0, 0.0, 0.0, 0.0, 0.0, 0.0
1.1826727390289307, 89.2476968791958, 0.7824268675488881, -9.438650832755643, 13.57250090341762, 7.79037406440843, 38.04383825416379, 0.0, 0.0, 0.0, 0.0, 0.0, 0.0
1.1827867031097412, 89.2476968791958, 0.7824268675488881, -9.438650832755643, 13.57250090341762, 7.79037406440843, 38.04383825416379, 0.0, 0.0, 0.0, 0.0, 0.0, 0.0
1.1992733478546143, 89.2476968791958, 0.7824268675488881, -9.438650832755643, 13.57250090341762, 7.79037406440843, 38.04383825416379, 0.0, 0.0, 0.0, 0.0, 0.0, 0.0
1.1993868350982666, 89.2476968791958, 0.7824268675488881, -9.438650832755643, 13.57250090341762, 7.79037406440843, 38.04383825416379, 0.0, 0.0, 0.0, 0.0, 0.0, 0.0
1.2325103282928467, 89.2476968791958, 0.7824268675488881, -9.438650832755643, 13.57250090341762, 7.79037406440843, 38.04383825416379, 0.0, 0.0, 0.0, 0.0, 0.0, 0.0
1.2326338291168213, 89.2476968791958, 0.7824268675488881, -9.438650832755643, 13.57250090341762, 7.79037406440843, 38.04383825416379, 0.0, 0.0, 0.0, 0.0, 0.0, 0.0
1.2664031982421875, 89.2476968791958, 0.7824268675488881, -9.438650832755643, 13.57250090341762, 7.79037406440843, 38.04383825416379, 0.0, 0.0, 0.0, 0.0, 0.0, 0.0
1.2665276527404785, 89.2476968791958, 0.7824268675488881, -9.438650832755643, 13.57250090341762, 7.79037406440843, 38.04383825416379, 0.0, 0.0, 0.0, 0.0, 0.0, 0.0
1.299154281616211, 89.2476968791958, 0.7824268675488881, -9.438650832755643, 13.57250090341762, 7.79037406440843, 38.04383825416379, 0.0, 0.0, 0.0, 0.0, 0.0, 0.0
1.299264907836914, 89.2476968791958, 0.7824268675488881, -9.438650832755643, 13.57250090341762, 7.79037406440843, 38.04383825416379, 0.0, 0.0, 0.0, 0.0, 0.0, 0.0
1.3160343170166016, 89.2476968791958, 0.7824268675488881, -9.438650832755643, 13.57250090341762, 7.79037406440843, 38.04383825416379, 0.0, 0.0, 0.0, 0.0, 0.0, 0.0
1.316145896911621, 89.2476968791958, 0.7824268675488881, -9.438650832755643, 13.57250090341762, 7.79037406440843, 38.04383825416379, 0.0, 0.0, 0.0, 0.0, 0.0, 0.0
1.3335323333740234, 89.2476968791958, 0.7824268675488881, -9.438650832755643, 13.57250090341762, 7.79037406440843, 38.04383825416379, 0.0, 0.0, 0.0, 0.0, 0.0, 0.0
1.3336637020111084, 89.2476968791958, 0.7824268675488881, -9.438650832755643, 13.57250090341762, 7.79037406440843, 38.04383825416379, 0.0, 0.0, 0.0, 0.0, 0.0, 0.0
1.3492417335510254, 89.2476968791958, 0.7824268675488881, -9.438650832755643, 13.57250090341762, 7.79037406440843, 38.04383825416379, 0.0, 0.0, 0.0, 0.0, 0.0, 0.0
1.3493561744689941, 89.2476968791958, 0.7824268675488881, -9.438650832755643, 13.57250090341762, 7.79037406440843, 38.04383825416379, 0.0, 0.0, 0.0, 0.0, 0.0, 0.0
1.3660454750061035, 89.2476968791958, 0.7824268675488881, -9.438650832755643, 13.57250090341762, 7.79037406440843, 38.04383825416379, 0.0, 0.0, 0.0, 0.0, 0.0, 0.0
1.3661603927612305, 89.2476968791958, 0.7824268675488881, -9.438650832755643, 13.57250090341762, 7.79037406440843, 38.04383825416379, 0.0, 0.0, 0.0, 0.0, 0.0, 0.0
1.3992042541503906, 89.2476968791958, 0.7824268675488881, -9.438650832755643, 13.57250090341762, 7.79037406440843, 38.04383825416379, 0.0, 0.0, 0.0, 0.0, 0.0, 0.0
1.3993172645568848, 89.2476968791958, 0.7824268675488881, -9.438650832755643, 13.57250090341762, 7.79037406440843, 38.04383825416379, 0.0, 0.0, 0.0, 0.0, 0.0, 0.0
1.4161288738250732, 89.2476968791958, 0.7824268675488881, -9.438650832755643, 13.57250090341762, 7.79037406440843, 38.04383825416379, 0.0, 0.0, 0.0, 0.0, 0.0, 0.0
1.4162466526031494, 89.2476968791958, 0.7824268675488881, -9.438650832755643, 13.57250090341762, 7.79037406440843, 38.04383825416379, 0.0, 0.0, 0.0, 0.0, 0.0, 0.0
1.4325709342956543, 89.2476968791958, 0.7824268675488881, -9.438650832755643, 13.57250090341762, 7.79037406440843, 38.04383825416379, 0.0, 0.0, 0.0, 0.0, 0.0, 0.0
1.4326841831207275, 89.2476968791958, 0.7824268675488881, -9.438650832755643, 13.57250090341762, 7.79037406440843, 38.04383825416379, 0.0, 0.0, 0.0, 0.0, 0.0, 0.0
1.4491589069366455, 89.2476968791958, 0.7824268675488881, -9.438650832755643, 13.57250090341762, 7.79037406440843, 38.04383825416379, 0.0, 0.0, 0.0, 0.0, 0.0, 0.0
1.4492690563201904, 89.2476968791958, 0.7824268675488881, -9.438650832755643, 13.57250090341762, 7.79037406440843, 38.04383825416379, 0.0, 0.0, 0.0, 0.0, 0.0, 0.0
1.4828271865844727, 89.2476968791958, 0.7824268675488881, -9.438650832755643, 13.57250090341762, 7.79037406440843, 38.04383825416379, 0.0, 0.0, 0.0, 0.0, 0.0, 0.0
1.4829413890838623, 89.2476968791958, 0.7824268675488881, -9.438650832755643, 13.57250090341762, 7.79037406440843, 38.04383825416379, 0.0, 0.0, 0.0, 0.0, 0.0, 0.0
1.4991233348846436, 89.2476968791958, 0.7824268675488881, -9.438650832755643, 13.57250090341762, 7.79037406440843, 38.04383825416379, 0.0, 0.0, 0.0, 0.0, 0.0, 0.0
1.4992363452911377, 89.2476968791958, 0.7824268675488881, -9.438650832755643, 13.57250090341762, 7.79037406440843, 38.04383825416379, 0.0, 0.0, 0.0, 0.0, 0.0, 0.0
1.5159788131713867, 89.2476968791958, 0.7824268675488881, -9.438650832755643, 13.57250090341762, 7.79037406440843, 38.04383825416379, 0.0, 0.0, 0.0, 0.0, 0.0, 0.0
1.516089677810669, 89.2476968791958, 0.7824268675488881, -9.438650832755643, 13.57250090341762, 7.79037406440843, 38.04383825416379, 0.0, 0.0, 0.0, 0.0, 0.0, 0.0
1.5325977802276611, 89.2476968791958, 0.7824268675488881, -9.438650832755643, 13.57250090341762, 7.79037406440843, 38.04383825416379, 0.0, 0.0, 0.0, 0.0, 0.0, 0.0
1.5327200889587402, 89.2476968791958, 0.7824268675488881, -9.438650832755643, 13.57250090341762, 7.79037406440843, 38.04383825416379, 0.0, 0.0, 0.0, 0.0, 0.0, 0.0
1.5492830276489258, 89.2476968791958, 0.7824268675488881, -9.438650832755643, 13.57250090341762, 7.79037406440843, 38.04383825416379, 0.0, 0.0, 0.0, 0.0, 0.0, 0.0
1.5493969917297363, 89.2476968791958, 0.7824268675488881, -9.438650832755643, 13.57250090341762, 7.79037406440843, 38.04383825416379, 0.0, 0.0, 0.0, 0.0, 0.0, 0.0
1.5660312175750732, 89.2476968791958, 0.7824268675488881, -9.438650832755643, 13.57250090341762, 7.79037406440843, 38.04383825416379, 0.0, 0.0, 0.0, 0.0, 0.0, 0.0
1.5661449432373047, 89.2476968791958, 0.7824268675488881, -9.438650832755643, 13.57250090341762, 7.79037406440843, 38.04383825416379, 0.0, 0.0, 0.0, 0.0, 0.0, 0.0
1.5992798805236816, 89.2476968791958, 0.7824268675488881, -9.438650832755643, 13.57250090341762, 7.79037406440843, 38.04383825416379, 0.0, 0.0, 0.0, 0.0, 0.0, 0.0
1.5994024276733398, 89.2476968791958, 0.7824268675488881, -9.438650832755643, 13.57250090341762, 7.79037406440843, 38.04383825416379, 0.0, 0.0, 0.0, 0.0, 0.0, 0.0
1.61588716506958, 89.2476968791958, 0.7824268675488881, -9.438650832755643, 13.57250090341762, 7.79037406440843, 38.04383825416379, 0.0, 0.0, 0.0, 0.0, 0.0, 0.0
1.6159985065460205, 89.2476968791958, 0.7824268675488881, -9.438650832755643, 13.57250090341762, 7.79037406440843, 38.04383825416379, 0.0, 0.0, 0.0, 0.0, 0.0, 0.0
1.633009910583496, 89.2476968791958, 0.7824268675488881, -9.438650832755643, 13.57250090341762, 7.79037406440843, 38.04383825416379, 0.0, 0.0, 0.0, 0.0, 0.0, 0.0
1.6331253051757812, 89.2476968791958, 0.7824268675488881, -9.438650832755643, 13.57250090341762, 7.79037406440843, 38.04383825416379, 0.0, 0.0, 0.0, 0.0, 0.0, 0.0
1.6492822170257568, 89.2476968791958, 0.7824268675488881, -9.438650832755643, 13.57250090341762, 7.79037406440843, 38.04383825416379, 0.0, 0.0, 0.0, 0.0, 0.0, 0.0
1.64939284324646, 89.2476968791958, 0.7824268675488881, -9.438650832755643, 13.57250090341762, 7.79037406440843, 38.04383825416379, 0.0, 0.0, 0.0, 0.0, 0.0, 0.0
1.6661183834075928, 89.2476968791958, 0.7824268675488881, -9.438650832755643, 13.57250090341762, 7.79037406440843, 38.04383825416379, 0.0, 0.0, 0.0, 0.0, 0.0, 0.0
1.666229486465454, 89.2476968791958, 0.7824268675488881, -9.438650832755643, 13.57250090341762, 7.79037406440843, 38.04383825416379, 0.0, 0.0, 0.0, 0.0, 0.0, 0.0
1.6991944313049316, 89.2476968791958, 0.7824268675488881, -9.438650832755643, 13.57250090341762, 7.79037406440843, 38.04383825416379, 0.0, 0.0, 0.0, 0.0, 0.0, 0.0
1.6993076801300049, 89.2476968791958, 0.7824268675488881, -9.438650832755643, 13.57250090341762, 7.79037406440843, 38.04383825416379, 0.0, 0.0, 0.0, 0.0, 0.0, 0.0
1.7158868312835693, 89.2476968791958, 0.7824268675488881, -9.438650832755643, 13.57250090341762, 7.79037406440843, 38.04383825416379, 0.0, 0.0, 0.0, 0.0, 0.0, 0.0
1.7160074710845947, 89.2476968791958, 0.7824268675488881, -9.438650832755643, 13.57250090341762, 7.79037406440843, 38.04383825416379, 0.0, 0.0, 0.0, 0.0, 0.0, 0.0
1.7440519332885742, 89.2476968791958, 0.7824268675488881, -9.438650832755643, 13.57250090341762, 7.79037406440843, 38.04383825416379, 0.0, 0.0, 0.0, 0.0, 0.0, 0.0
1.7441720962524414, 89.2476968791958, 0.7824268675488881, -9.438650832755643, 13.57250090341762, 7.79037406440843, 38.04383825416379, 0.0, 0.0, 0.0, 0.0, 0.0, 0.0
1.7587597370147705, 89.2476968791958, 0.7824268675488881, -9.438650832755643, 13.57250090341762, 7.79037406440843, 38.04383825416379, 0.0, 0.0, 0.0, 0.0, 0.0, 0.0
1.7588727474212646, 89.2476968791958, 0.7824268675488881, -9.438650832755643, 13.57250090341762, 7.79037406440843, 38.04383825416379, 0.0, 0.0, 0.0, 0.0, 0.0, 0.0
1.7725987434387207, 89.2476968791958, 0.7824268675488881, -9.438650832755643, 13.57250090341762, 7.79037406440843, 38.04383825416379, 0.0, 0.0, 0.0, 0.0, 0.0, 0.0
1.7727162837982178, 89.2476968791958, 0.7824268675488881, -9.438650832755643, 13.57250090341762, 7.79037406440843, 38.04383825416379, 0.0, 0.0, 0.0, 0.0, 0.0, 0.0
1.7870056629180908, 89.2476968791958, 0.7824268675488881, -9.438650832755643, 13.57250090341762, 7.79037406440843, 38.04383825416379, 0.0, 0.0, 0.0, 0.0, 0.0, 0.0
1.7871265411376953, 89.2476968791958, 0.7824268675488881, -9.438650832755643, 13.57250090341762, 7.79037406440843, 38.04383825416379, 0.0, 0.0, 0.0, 0.0, 0.0, 0.0
1.832949161529541, 89.2476968791958, 0.7824268675488881, -9.438650832755643, 13.57250090341762, 7.79037406440843, 38.04383825416379, 0.0, 0.0, 0.0, 0.0, 0.0, 0.0
1.8332912921905518, 89.2476968791958, 0.7824268675488881, -9.438650832755643, 13.57250090341762, 7.79037406440843, 38.04383825416379, 0.0, 0.0, 0.0, 0.0, 0.0, 0.0
1.8568851947784424, 89.2476968791958, 0.7824268675488881, -9.438650832755643, 13.57250090341762, 7.79037406440843, 38.04383825416379, 0.0, 0.0, 0.0, 0.0, 0.0, 0.0
1.8570594787597656, 89.2476968791958, 0.7824268675488881, -9.438650832755643, 13.57250090341762, 7.79037406440843, 38.04383825416379, 0.0, 0.0, 0.0, 0.0, 0.0, 0.0
1.874312162399292, 89.2476968791958, 0.7824268675488881, -9.438650832755643, 13.57250090341762, 7.79037406440843, 38.04383825416379, 0.0, 0.0, 0.0, 0.0, 0.0, 0.0
1.8744301795959473, 89.2476968791958, 0.7824268675488881, -9.438650832755643, 13.57250090341762, 7.79037406440843, 38.04383825416379, 0.0, 0.0, 0.0, 0.0, 0.0, 0.0
1.8992266654968262, 89.2476968791958, 0.7824268675488881, -9.438650832755643, 13.57250090341762, 7.79037406440843, 38.04383825416379, 0.0, 0.0, 0.0, 0.0, 0.0, 0.0
1.899338722229004, 89.2476968791958, 0.7824268675488881, -9.438650832755643, 13.57250090341762, 7.79037406440843, 38.04383825416379, 0.0, 0.0, 0.0, 0.0, 0.0, 0.0
1.9359650611877441, 89.2476968791958, 0.7824268675488881, -9.438650832755643, 13.57250090341762, 7.79037406440843, 38.04383825416379, 0.0, 0.0, 0.0, 0.0, 0.0, 0.0
1.9363598823547363, 89.2476968791958, 0.7824268675488881, -9.438650832755643, 13.57250090341762, 7.79037406440843, 38.04383825416379, 0.0, 0.0, 0.0, 0.0, 0.0, 0.0
1.9615747928619385, 89.2476968791958, 0.7824268675488881, -9.438650832755643, 13.57250090341762, 7.79037406440843, 38.04383825416379, 0.0, 0.0, 0.0, 0.0, 0.0, 0.0
1.9617319107055664, 89.2476968791958, 0.7824268675488881, -9.438650832755643, 13.57250090341762, 7.79037406440843, 38.04383825416379, 0.0, 0.0, 0.0, 0.0, 0.0, 0.0
1.9826514720916748, 89.2476968791958, 0.7824268675488881, -9.438650832755643, 13.57250090341762, 7.79037406440843, 38.04383825416379, 0.0, 0.0, 0.0, 0.0, 0.0, 0.0
1.982762098312378, 89.2476968791958, 0.7824268675488881, -9.438650832755643, 13.57250090341762, 7.79037406440843, 38.04383825416379, 0.0, 0.0, 0.0, 0.0, 0.0, 0.0
1.9994001388549805, 89.2476968791958, 0.7824268675488881, -9.438650832755643, 13.57250090341762, 7.79037406440843, 38.04383825416379, 0.0, 0.0, 0.0, 0.0, 0.0, 0.0
1.9995105266571045, 89.2476968791958, 0.7824268675488881, -9.438650832755643, 13.57250090341762, 7.79037406440843, 38.04383825416379, 0.0, 0.0, 0.0, 0.0, 0.0, 0.0
2.033046007156372, 89.2476968791958, 0.7824268675488881, -9.438650832755643, 13.57250090341762, 7.79037406440843, 38.04383825416379, 0.0, 0.0, 0.0, 0.0, 0.0, 0.0
2.0331532955169678, 89.2476968791958, 0.7824268675488881, -9.438650832755643, 13.57250090341762, 7.79037406440843, 38.04383825416379, 0.0, 0.0, 0.0, 0.0, 0.0, 0.0
2.0496394634246826, 89.2476968791958, 0.7824268675488881, -9.438650832755643, 13.57250090341762, 7.79037406440843, 38.04383825416379, 0.0, 0.0, 0.0, 0.0, 0.0, 0.0
2.049748182296753, 89.2476968791958, 0.7824268675488881, -9.438650832755643, 13.57250090341762, 7.79037406440843, 38.04383825416379, 0.0, 0.0, 0.0, 0.0, 0.0, 0.0
2.0737969875335693, 89.2476968791958, 0.7824268675488881, -9.438650832755643, 13.57250090341762, 7.79037406440843, 38.04383825416379, 0.0, 0.0, 0.0, 0.0, 0.0, 0.0
2.0740208625793457, 89.2476968791958, 0.7824268675488881, -9.438650832755643, 13.57250090341762, 7.79037406440843, 38.04383825416379, 0.0, 0.0, 0.0, 0.0, 0.0, 0.0
2.090848684310913, 89.2476968791958, 0.7824268675488881, -9.438650832755643, 13.57250090341762, 7.79037406440843, 38.04383825416379, 0.0, 0.0, 0.0, 0.0, 0.0, 0.0
2.0909745693206787, 89.2476968791958, 0.7824268675488881, -9.438650832755643, 13.57250090341762, 7.79037406440843, 38.04383825416379, 0.0, 0.0, 0.0, 0.0, 0.0, 0.0
2.1044554710388184, 89.2476968791958, 0.7824268675488881, -9.438650832755643, 13.57250090341762, 7.79037406440843, 38.04383825416379, 0.0, 0.0, 0.0, 0.0, 0.0, 0.0
2.104581594467163, 89.2476968791958, 0.7824268675488881, -9.438650832755643, 13.57250090341762, 7.79037406440843, 38.04383825416379, 0.0, 0.0, 0.0, 0.0, 0.0, 0.0
2.119694709777832, 89.2476968791958, 0.7824268675488881, -9.438650832755643, 13.57250090341762, 7.79037406440843, 38.04383825416379, 0.0, 0.0, 0.0, 0.0, 0.0, 0.0
2.1198127269744873, 89.2476968791958, 0.7824268675488881, -9.438650832755643, 13.57250090341762, 7.79037406440843, 38.04383825416379, 0.0, 0.0, 0.0, 0.0, 0.0, 0.0
2.1493918895721436, 89.2476968791958, 0.7824268675488881, -9.438650832755643, 13.57250090341762, 7.79037406440843, 38.04383825416379, 0.0, 0.0, 0.0, 0.0, 0.0, 0.0
2.149503231048584, 89.2476968791958, 0.7824268675488881, -9.438650832755643, 13.57250090341762, 7.79037406440843, 38.04383825416379, 0.0, 0.0, 0.0, 0.0, 0.0, 0.0
2.1658413410186768, 89.2476968791958, 0.7824268675488881, -9.438650832755643, 13.57250090341762, 7.79037406440843, 38.04383825416379, 0.0, 0.0, 0.0, 0.0, 0.0, 0.0
2.1659512519836426, 89.2476968791958, 0.7824268675488881, -9.438650832755643, 13.57250090341762, 7.79037406440843, 38.04383825416379, 0.0, 0.0, 0.0, 0.0, 0.0, 0.0
2.1828513145446777, 89.2476968791958, 0.7824268675488881, -9.438650832755643, 13.57250090341762, 7.79037406440843, 38.04383825416379, 0.0, 0.0, 0.0, 0.0, 0.0, 0.0
2.18295955657959, 89.2476968791958, 0.7824268675488881, -9.438650832755643, 13.57250090341762, 7.79037406440843, 38.04383825416379, 0.0, 0.0, 0.0, 0.0, 0.0, 0.0
2.1997172832489014, 89.2476968791958, 0.7824268675488881, -9.438650832755643, 13.57250090341762, 7.79037406440843, 38.04383825416379, 0.0, 0.0, 0.0, 0.0, 0.0, 0.0
2.199824810028076, 89.2476968791958, 0.7824268675488881, -9.438650832755643, 13.57250090341762, 7.79037406440843, 38.04383825416379, 0.0, 0.0, 0.0, 0.0, 0.0, 0.0
2.2329537868499756, 89.2476968791958, 0.7824268675488881, -9.438650832755643, 13.57250090341762, 7.79037406440843, 38.04383825416379, 0.0, 0.0, 0.0, 0.0, 0.0, 0.0
2.233060598373413, 89.2476968791958, 0.7824268675488881, -9.438650832755643, 13.57250090341762, 7.79037406440843, 38.04383825416379, 0.0, 0.0, 0.0, 0.0, 0.0, 0.0
2.249742031097412, 89.2476968791958, 0.7824268675488881, -9.438650832755643, 13.57250090341762, 7.79037406440843, 38.04383825416379, 0.0, 0.0, 0.0, 0.0, 0.0, 0.0
2.2498483657836914, 89.2476968791958, 0.7824268675488881, -9.438650832755643, 13.57250090341762, 7.79037406440843, 38.04383825416379, 0.0, 0.0, 0.0, 0.0, 0.0, 0.0
2.2808666229248047, 89.2476968791958, 0.7824268675488881, -9.438650832755643, 13.57250090341762, 7.79037406440843, 38.04383825416379, 0.0, 0.0, 0.0, 0.0, 0.0, 0.0
2.281123638153076, 89.2476968791958, 0.7824268675488881, -9.438650832755643, 13.57250090341762, 7.79037406440843, 38.04383825416379, 0.0, 0.0, 0.0, 0.0, 0.0, 0.0
2.3012659549713135, 89.2476968791958, 0.7824268675488881, -9.438650832755643, 13.57250090341762, 7.79037406440843, 38.04383825416379, 0.0, 0.0, 0.0, 0.0, 0.0, 0.0
2.301401376724243, 89.2476968791958, 0.7824268675488881, -9.438650832755643, 13.57250090341762, 7.79037406440843, 38.04383825416379, 0.0, 0.0, 0.0, 0.0, 0.0, 0.0
2.332735300064087, 89.2476968791958, 0.7824268675488881, -9.438650832755643, 13.57250090341762, 7.79037406440843, 38.04383825416379, 0.0, 0.0, 0.0, 0.0, 0.0, 0.0
2.3328471183776855, 89.2476968791958, 0.7824268675488881, -9.438650832755643, 13.57250090341762, 7.79037406440843, 38.04383825416379, 0.0, 0.0, 0.0, 0.0, 0.0, 0.0
2.349386692047119, 89.2476968791958, 0.7824268675488881, -9.438650832755643, 13.57250090341762, 7.79037406440843, 38.04383825416379, 0.0, 0.0, 0.0, 0.0, 0.0, 0.0
2.349494457244873, 89.2476968791958, 0.7824268675488881, -9.438650832755643, 13.57250090341762, 7.79037406440843, 38.04383825416379, 0.0, 0.0, 0.0, 0.0, 0.0, 0.0
2.3661675453186035, 89.2476968791958, 0.7824268675488881, -9.438650832755643, 13.57250090341762, 7.79037406440843, 38.04383825416379, 0.0, 0.0, 0.0, 0.0, 0.0, 0.0
2.366278648376465, 89.2476968791958, 0.7824268675488881, -9.438650832755643, 13.57250090341762, 7.79037406440843, 38.04383825416379, 0.0, 0.0, 0.0, 0.0, 0.0, 0.0
2.3828442096710205, 89.2476968791958, 0.7824268675488881, -9.438650832755643, 13.57250090341762, 7.79037406440843, 38.04383825416379, 0.0, 0.0, 0.0, 0.0, 0.0, 0.0
2.3829586505889893, 89.2476968791958, 0.7824268675488881, -9.438650832755643, 13.57250090341762, 7.79037406440843, 38.04383825416379, 0.0, 0.0, 0.0, 0.0, 0.0, 0.0
2.415940761566162, 89.2476968791958, 0.7824268675488881, -9.438650832755643, 13.57250090341762, 7.79037406440843, 38.04383825416379, 0.0, 0.0, 0.0, 0.0, 0.0, 0.0
2.4160499572753906, 89.2476968791958, 0.7824268675488881, -9.438650832755643, 13.57250090341762, 7.79037406440843, 38.04383825416379, 0.0, 0.0, 0.0, 0.0, 0.0, 0.0
2.4326658248901367, 89.2476968791958, 0.7824268675488881, -9.438650832755643, 13.57250090341762, 7.79037406440843, 38.04383825416379, 0.0, 0.0, 0.0, 0.0, 0.0, 0.0
2.432772397994995, 89.2476968791958, 0.7824268675488881, -9.438650832755643, 13.57250090341762, 7.79037406440843, 38.04383825416379, 0.0, 0.0, 0.0, 0.0, 0.0, 0.0
2.449373960494995, 89.2476968791958, 0.7824268675488881, -9.438650832755643, 13.57250090341762, 7.79037406440843, 38.04383825416379, 0.0, 0.0, 0.0, 0.0, 0.0, 0.0
2.449479818344116, 89.2476968791958, 0.7824268675488881, -9.438650832755643, 13.57250090341762, 7.79037406440843, 38.04383825416379, 0.0, 0.0, 0.0, 0.0, 0.0, 0.0
2.4659066200256348, 89.2476968791958, 0.7824268675488881, -9.438650832755643, 13.57250090341762, 7.79037406440843, 38.04383825416379, 0.0, 0.0, 0.0, 0.0, 0.0, 0.0
2.4660167694091797, 89.2476968791958, 0.7824268675488881, -9.438650832755643, 13.57250090341762, 7.79037406440843, 38.04383825416379, 0.0, 0.0, 0.0, 0.0, 0.0, 0.0
2.48256254196167, 89.2476968791958, 0.7824268675488881, -9.438650832755643, 13.57250090341762, 7.79037406440843, 38.04383825416379, 0.0, 0.0, 0.0, 0.0, 0.0, 0.0
2.4826691150665283, 89.2476968791958, 0.7824268675488881, -9.438650832755643, 13.57250090341762, 7.79037406440843, 38.04383825416379, 0.0, 0.0, 0.0, 0.0, 0.0, 0.0
2.5161755084991455, 89.2476968791958, 0.7824268675488881, -9.438650832755643, 13.57250090341762, 7.79037406440843, 38.04383825416379, 0.0, 0.0, 0.0, 0.0, 0.0, 0.0
2.5162882804870605, 89.2476968791958, 0.7824268675488881, -9.438650832755643, 13.57250090341762, 7.79037406440843, 38.04383825416379, 0.0, 0.0, 0.0, 0.0, 0.0, 0.0
2.532526969909668, 89.2476968791958, 0.7824268675488881, -9.438650832755643, 13.57250090341762, 7.79037406440843, 38.04383825416379, 0.0, 0.0, 0.0, 0.0, 0.0, 0.0
2.5326414108276367, 89.2476968791958, 0.7824268675488881, -9.438650832755643, 13.57250090341762, 7.79037406440843, 38.04383825416379, 0.0, 0.0, 0.0, 0.0, 0.0, 0.0
2.549191951751709, 89.2476968791958, 0.7824268675488881, -9.438650832755643, 13.57250090341762, 7.79037406440843, 38.04383825416379, 0.0, 0.0, 0.0, 0.0, 0.0, 0.0
2.5492992401123047, 89.2476968791958, 0.7824268675488881, -9.438650832755643, 13.57250090341762, 7.79037406440843, 38.04383825416379, 0.0, 0.0, 0.0, 0.0, 0.0, 0.0
2.565741777420044, 89.2476968791958, 0.7824268675488881, -9.438650832755643, 13.57250090341762, 7.79037406440843, 38.04383825416379, 0.0, 0.0, 0.0, 0.0, 0.0, 0.0
2.565849542617798, 89.2476968791958, 0.7824268675488881, -9.438650832755643, 13.57250090341762, 7.79037406440843, 38.04383825416379, 0.0, 0.0, 0.0, 0.0, 0.0, 0.0
2.582648754119873, 89.2476968791958, 0.7824268675488881, -9.438650832755643, 13.57250090341762, 7.79037406440843, 38.04383825416379, 0.0, 0.0, 0.0, 0.0, 0.0, 0.0
2.582754611968994, 89.2476968791958, 0.7824268675488881, -9.438650832755643, 13.57250090341762, 7.79037406440843, 38.04383825416379, 0.0, 0.0, 0.0, 0.0, 0.0, 0.0
2.615962505340576, 89.2476968791958, 0.7824268675488881, -9.438650832755643, 13.57250090341762, 7.79037406440843, 38.04383825416379, 0.0, 0.0, 0.0, 0.0, 0.0, 0.0
2.61607027053833, 89.2476968791958, 0.7824268675488881, -9.438650832755643, 13.57250090341762, 7.79037406440843, 38.04383825416379, 0.0, 0.0, 0.0, 0.0, 0.0, 0.0
2.632878065109253, 89.2476968791958, 0.7824268675488881, -9.438650832755643, 13.57250090341762, 7.79037406440843, 38.04383825416379, 0.0, 0.0, 0.0, 0.0, 0.0, 0.0
2.6329898834228516, 89.2476968791958, 0.7824268675488881, -9.438650832755643, 13.57250090341762, 7.79037406440843, 38.04383825416379, 0.0, 0.0, 0.0, 0.0, 0.0, 0.0
2.6491870880126953, 89.2476968791958, 0.7824268675488881, -9.438650832755643, 13.57250090341762, 7.79037406440843, 38.04383825416379, 0.0, 0.0, 0.0, 0.0, 0.0, 0.0
2.649296760559082, 89.2476968791958, 0.7824268675488881, -9.438650832755643, 13.57250090341762, 7.79037406440843, 38.04383825416379, 0.0, 0.0, 0.0, 0.0, 0.0, 0.0
2.666128158569336, 89.2476968791958, 0.7824268675488881, -9.438650832755643, 13.57250090341762, 7.79037406440843, 38.04383825416379, 0.0, 0.0, 0.0, 0.0, 0.0, 0.0
2.6662395000457764, 89.2476968791958, 0.7824268675488881, -9.438650832755643, 13.57250090341762, 7.79037406440843, 38.04383825416379, 0.0, 0.0, 0.0, 0.0, 0.0, 0.0
2.6825437545776367, 89.2476968791958, 0.7824268675488881, -9.438650832755643, 13.57250090341762, 7.79037406440843, 38.04383825416379, 0.0, 0.0, 0.0, 0.0, 0.0, 0.0
2.6826603412628174, 89.2476968791958, 0.7824268675488881, -9.438650832755643, 13.57250090341762, 7.79037406440843, 38.04383825416379, 0.0, 0.0, 0.0, 0.0, 0.0, 0.0
2.716224431991577, 89.2476968791958, 0.7824268675488881, -9.438650832755643, 13.57250090341762, 7.79037406440843, 38.04383825416379, 0.0, 0.0, 0.0, 0.0, 0.0, 0.0
2.716337203979492, 89.2476968791958, 0.7824268675488881, -9.438650832755643, 13.57250090341762, 7.79037406440843, 38.04383825416379, 0.0, 0.0, 0.0, 0.0, 0.0, 0.0
2.732523202896118, 89.2476968791958, 0.7824268675488881, -9.438650832755643, 13.57250090341762, 7.79037406440843, 38.04383825416379, 0.0, 0.0, 0.0, 0.0, 0.0, 0.0
2.7326362133026123, 89.2476968791958, 0.7824268675488881, -9.438650832755643, 13.57250090341762, 7.79037406440843, 38.04383825416379, 0.0, 0.0, 0.0, 0.0, 0.0, 0.0
2.7491040229797363, 89.2476968791958, 0.7824268675488881, -9.438650832755643, 13.57250090341762, 7.79037406440843, 38.04383825416379, 0.0, 0.0, 0.0, 0.0, 0.0, 0.0
2.7492220401763916, 89.2476968791958, 0.7824268675488881, -9.438650832755643, 13.57250090341762, 7.79037406440843, 38.04383825416379, 0.0, 0.0, 0.0, 0.0, 0.0, 0.0
2.7659499645233154, 89.2476968791958, 0.7824268675488881, -9.438650832755643, 13.57250090341762, 7.79037406440843, 38.04383825416379, 0.0, 0.0, 0.0, 0.0, 0.0, 0.0
2.766057252883911, 89.2476968791958, 0.7824268675488881, -9.438650832755643, 13.57250090341762, 7.79037406440843, 38.04383825416379, 0.0, 0.0, 0.0, 0.0, 0.0, 0.0
2.7825889587402344, 89.2476968791958, 0.7824268675488881, -9.438650832755643, 13.57250090341762, 7.79037406440843, 38.04383825416379, 0.0, 0.0, 0.0, 0.0, 0.0, 0.0
2.7826950550079346, 89.2476968791958, 0.7824268675488881, -9.438650832755643, 13.57250090341762, 7.79037406440843, 38.04383825416379, 0.0, 0.0, 0.0, 0.0, 0.0, 0.0
2.8159713745117188, 89.2476968791958, 0.7824268675488881, -9.438650832755643, 13.57250090341762, 7.79037406440843, 38.04383825416379, 0.0, 0.0, 0.0, 0.0, 0.0, 0.0
2.8160812854766846, 89.2476968791958, 0.7824268675488881, -9.438650832755643, 13.57250090341762, 7.79037406440843, 38.04383825416379, 0.0, 0.0, 0.0, 0.0, 0.0, 0.0
2.8327853679656982, 89.2476968791958, 0.7824268675488881, -9.438650832755643, 13.57250090341762, 7.79037406440843, 38.04383825416379, 0.0, 0.0, 0.0, 0.0, 0.0, 0.0
2.832893133163452, 89.2476968791958, 0.7824268675488881, -9.438650832755643, 13.57250090341762, 7.79037406440843, 38.04383825416379, 0.0, 0.0, 0.0, 0.0, 0.0, 0.0
2.8495261669158936, 89.2476968791958, 0.7824268675488881, -9.438650832755643, 13.57250090341762, 7.79037406440843, 38.04383825416379, 0.0, 0.0, 0.0, 0.0, 0.0, 0.0
2.8496437072753906, 89.2476968791958, 0.7824268675488881, -9.438650832755643, 13.57250090341762, 7.79037406440843, 38.04383825416379, 0.0, 0.0, 0.0, 0.0, 0.0, 0.0
2.8662118911743164, 89.2476968791958, 0.7824268675488881, -9.438650832755643, 13.57250090341762, 7.79037406440843, 38.04383825416379, 0.0, 0.0, 0.0, 0.0, 0.0, 0.0
2.8663203716278076, 89.2476968791958, 0.7824268675488881, -9.438650832755643, 13.57250090341762, 7.79037406440843, 38.04383825416379, 0.0, 0.0, 0.0, 0.0, 0.0, 0.0
2.883021116256714, 89.2476968791958, 0.7824268675488881, -9.438650832755643, 13.57250090341762, 7.79037406440843, 38.04383825416379, 0.0, 0.0, 0.0, 0.0, 0.0, 0.0
2.8831334114074707, 89.2476968791958, 0.7824268675488881, -9.438650832755643, 13.57250090341762, 7.79037406440843, 38.04383825416379, 0.0, 0.0, 0.0, 0.0, 0.0, 0.0
2.9160146713256836, 89.2476968791958, 0.7824268675488881, -9.438650832755643, 13.57250090341762, 7.79037406440843, 38.04383825416379, 0.0, 0.0, 0.0, 0.0, 0.0, 0.0
2.916126251220703, 89.2476968791958, 0.7824268675488881, -9.438650832755643, 13.57250090341762, 7.79037406440843, 38.04383825416379, 0.0, 0.0, 0.0, 0.0, 0.0, 0.0
2.932924270629883, 89.2476968791958, 0.7824268675488881, -9.438650832755643, 13.57250090341762, 7.79037406440843, 38.04383825416379, 0.0, 0.0, 0.0, 0.0, 0.0, 0.0
2.9330387115478516, 89.2476968791958, 0.7824268675488881, -9.438650832755643, 13.57250090341762, 7.79037406440843, 38.04383825416379, 0.0, 0.0, 0.0, 0.0, 0.0, 0.0
2.9491045475006104, 89.2476968791958, 0.7824268675488881, -9.438650832755643, 13.57250090341762, 7.79037406440843, 38.04383825416379, 0.0, 0.0, 0.0, 0.0, 0.0, 0.0
2.9492123126983643, 89.2476968791958, 0.7824268675488881, -9.438650832755643, 13.57250090341762, 7.79037406440843, 38.04383825416379, 0.0, 0.0, 0.0, 0.0, 0.0, 0.0
2.973724365234375, 89.2476968791958, 0.7824268675488881, -9.438650832755643, 13.57250090341762, 7.79037406440843, 38.04383825416379, 0.0, 0.0, 0.0, 0.0, 0.0, 0.0
2.9739444255828857, 89.2476968791958, 0.7824268675488881, -9.438650832755643, 13.57250090341762, 7.79037406440843, 38.04383825416379, 0.0, 0.0, 0.0, 0.0, 0.0, 0.0
2.9915075302124023, 89.2476968791958, 0.7824268675488881, -9.438650832755643, 13.57250090341762, 7.79037406440843, 38.04383825416379, 0.0, 0.0, 0.0, 0.0, 0.0, 0.0
2.99163556098938, 89.2476968791958, 0.7824268675488881, -9.438650832755643, 13.57250090341762, 7.79037406440843, 38.04383825416379, 0.0, 0.0, 0.0, 0.0, 0.0, 0.0
3.007305145263672, 89.2476968791958, 0.7824268675488881, -9.438650832755643, 13.57250090341762, 7.79037406440843, 38.04383825416379, 0.0, 0.0, 0.0, 0.0, 0.0, 0.0
3.007431983947754, 89.2476968791958, 0.7824268675488881, -9.438650832755643, 13.57250090341762, 7.79037406440843, 38.04383825416379, 0.0, 0.0, 0.0, 0.0, 0.0, 0.0
3.022242546081543, 89.2476968791958, 0.7824268675488881, -9.438650832755643, 13.57250090341762, 7.79037406440843, 38.04383825416379, 0.0, 0.0, 0.0, 0.0, 0.0, 0.0
3.022362470626831, 89.2476968791958, 0.7824268675488881, -9.438650832755643, 13.57250090341762, 7.79037406440843, 38.04383825416379, 0.0, 0.0, 0.0, 0.0, 0.0, 0.0
3.0492630004882812, 89.2476968791958, 0.7824268675488881, -9.438650832755643, 13.57250090341762, 7.79037406440843, 38.04383825416379, 0.0, 0.0, 0.0, 0.0, 0.0, 0.0
3.049372911453247, 89.2476968791958, 0.7824268675488881, -9.438650832755643, 13.57250090341762, 7.79037406440843, 38.04383825416379, 0.0, 0.0, 0.0, 0.0, 0.0, 0.0
3.065936326980591, 89.2476968791958, 0.7824268675488881, -9.438650832755643, 13.57250090341762, 7.79037406440843, 38.04383825416379, 0.0, 0.0, 0.0, 0.0, 0.0, 0.0
3.0660438537597656, 89.2476968791958, 0.7824268675488881, -9.438650832755643, 13.57250090341762, 7.79037406440843, 38.04383825416379, 0.0, 0.0, 0.0, 0.0, 0.0, 0.0
3.0829269886016846, 89.2476968791958, 0.7824268675488881, -9.438650832755643, 13.57250090341762, 7.79037406440843, 38.04383825416379, 0.0, 0.0, 0.0, 0.0, 0.0, 0.0
3.083037853240967, 89.2476968791958, 0.7824268675488881, -9.438650832755643, 13.57250090341762, 7.79037406440843, 38.04383825416379, 0.0, 0.0, 0.0, 0.0, 0.0, 0.0
3.1161134243011475, 89.2476968791958, 0.7824268675488881, -9.438650832755643, 13.57250090341762, 7.79037406440843, 38.04383825416379, 0.0, 0.0, 0.0, 0.0, 0.0, 0.0
3.116222858428955, 89.2476968791958, 0.7824268675488881, -9.438650832755643, 13.57250090341762, 7.79037406440843, 38.04383825416379, 0.0, 0.0, 0.0, 0.0, 0.0, 0.0
3.132607936859131, 89.2476968791958, 0.7824268675488881, -9.438650832755643, 13.57250090341762, 7.79037406440843, 38.04383825416379, 0.0, 0.0, 0.0, 0.0, 0.0, 0.0
3.1327192783355713, 89.2476968791958, 0.7824268675488881, -9.438650832755643, 13.57250090341762, 7.79037406440843, 38.04383825416379, 0.0, 0.0, 0.0, 0.0, 0.0, 0.0
3.1489782333374023, 89.2476968791958, 0.7824268675488881, -9.438650832755643, 13.57250090341762, 7.79037406440843, 38.04383825416379, 0.0, 0.0, 0.0, 0.0, 0.0, 0.0
3.1490859985351562, 89.2476968791958, 0.7824268675488881, -9.438650832755643, 13.57250090341762, 7.79037406440843, 38.04383825416379, 0.0, 0.0, 0.0, 0.0, 0.0, 0.0
3.166142702102661, 89.2476968791958, 0.7824268675488881, -9.438650832755643, 13.57250090341762, 7.79037406440843, 38.04383825416379, 0.0, 0.0, 0.0, 0.0, 0.0, 0.0
3.1662509441375732, 89.2476968791958, 0.7824268675488881, -9.438650832755643, 13.57250090341762, 7.79037406440843, 38.04383825416379, 0.0, 0.0, 0.0, 0.0, 0.0, 0.0
3.1831185817718506, 89.2476968791958, 0.7824268675488881, -9.438650832755643, 13.57250090341762, 7.79037406440843, 38.04383825416379, 0.0, 0.0, 0.0, 0.0, 0.0, 0.0
3.1832242012023926, 89.2476968791958, 0.7824268675488881, -9.438650832755643, 13.57250090341762, 7.79037406440843, 38.04383825416379, 0.0, 0.0, 0.0, 0.0, 0.0, 0.0
3.216080665588379, 89.2476968791958, 0.7824268675488881, -9.438650832755643, 13.57250090341762, 7.79037406440843, 38.04383825416379, 0.0, 0.0, 0.0, 0.0, 0.0, 0.0
3.216188669204712, 89.2476968791958, 0.7824268675488881, -9.438650832755643, 13.57250090341762, 7.79037406440843, 38.04383825416379, 0.0, 0.0, 0.0, 0.0, 0.0, 0.0
3.2327446937561035, 89.2476968791958, 0.7824268675488881, -9.438650832755643, 13.57250090341762, 7.79037406440843, 38.04383825416379, 0.0, 0.0, 0.0, 0.0, 0.0, 0.0
3.2328555583953857, 89.2476968791958, 0.7824268675488881, -9.438650832755643, 13.57250090341762, 7.79037406440843, 38.04383825416379, 0.0, 0.0, 0.0, 0.0, 0.0, 0.0
3.2491650581359863, 89.2476968791958, 0.7824268675488881, -9.438650832755643, 13.57250090341762, 7.79037406440843, 38.04383825416379, 0.0, 0.0, 0.0, 0.0, 0.0, 0.0
3.249272108078003, 89.2476968791958, 0.7824268675488881, -9.438650832755643, 13.57250090341762, 7.79037406440843, 38.04383825416379, 0.0, 0.0, 0.0, 0.0, 0.0, 0.0
3.2660655975341797, 89.2476968791958, 0.7824268675488881, -9.438650832755643, 13.57250090341762, 7.79037406440843, 38.04383825416379, 0.0, 0.0, 0.0, 0.0, 0.0, 0.0
3.266176462173462, 89.2476968791958, 0.7824268675488881, -9.438650832755643, 13.57250090341762, 7.79037406440843, 38.04383825416379, 0.0, 0.0, 0.0, 0.0, 0.0, 0.0
3.282665729522705, 89.2476968791958, 0.7824268675488881, -9.438650832755643, 13.57250090341762, 7.79037406440843, 38.04383825416379, 0.0, 0.0, 0.0, 0.0, 0.0, 0.0
3.28277587890625, 89.2476968791958, 0.7824268675488881, -9.438650832755643, 13.57250090341762, 7.79037406440843, 38.04383825416379, 0.0, 0.0, 0.0, 0.0, 0.0, 0.0
3.316044807434082, 89.2476968791958, 0.7824268675488881, -9.438650832755643, 13.57250090341762, 7.79037406440843, 38.04383825416379, 0.0, 0.0, 0.0, 0.0, 0.0, 0.0
3.3161509037017822, 89.2476968791958, 0.7824268675488881, -9.438650832755643, 13.57250090341762, 7.79037406440843, 38.04383825416379, 0.0, 0.0, 0.0, 0.0, 0.0, 0.0
3.332878589630127, 89.2476968791958, 0.7824268675488881, -9.438650832755643, 13.57250090341762, 7.79037406440843, 38.04383825416379, 0.0, 0.0, 0.0, 0.0, 0.0, 0.0
3.3329858779907227, 89.2476968791958, 0.7824268675488881, -9.438650832755643, 13.57250090341762, 7.79037406440843, 38.04383825416379, 0.0, 0.0, 0.0, 0.0, 0.0, 0.0
3.3491859436035156, 89.2476968791958, 0.7824268675488881, -9.438650832755643, 13.57250090341762, 7.79037406440843, 38.04383825416379, 0.0, 0.0, 0.0, 0.0, 0.0, 0.0
3.3492937088012695, 89.2476968791958, 0.7824268675488881, -9.438650832755643, 13.57250090341762, 7.79037406440843, 38.04383825416379, 0.0, 0.0, 0.0, 0.0, 0.0, 0.0
3.3662617206573486, 89.2476968791958, 0.7824268675488881, -9.438650832755643, 13.57250090341762, 7.79037406440843, 38.04383825416379, 0.0, 0.0, 0.0, 0.0, 0.0, 0.0
3.3663687705993652, 89.2476968791958, 0.7824268675488881, -9.438650832755643, 13.57250090341762, 7.79037406440843, 38.04383825416379, 0.0, 0.0, 0.0, 0.0, 0.0, 0.0
3.3834173679351807, 89.2476968791958, 0.7824268675488881, -9.438650832755643, 13.57250090341762, 7.79037406440843, 38.04383825416379, 0.0, 0.0, 0.0, 0.0, 0.0, 0.0
3.3835244178771973, 89.2476968791958, 0.7824268675488881, -9.438650832755643, 13.57250090341762, 7.79037406440843, 38.04383825416379, 0.0, 0.0, 0.0, 0.0, 0.0, 0.0
3.416588306427002, 89.2476968791958, 0.7824268675488881, -9.438650832755643, 13.57250090341762, 7.79037406440843, 38.04383825416379, 0.0, 0.0, 0.0, 0.0, 0.0, 0.0
3.416710376739502, 89.2476968791958, 0.7824268675488881, -9.438650832755643, 13.57250090341762, 7.79037406440843, 38.04383825416379, 0.0, 0.0, 0.0, 0.0, 0.0, 0.0
3.4325757026672363, 89.2476968791958, 0.7824268675488881, -9.438650832755643, 13.57250090341762, 7.79037406440843, 38.04383825416379, 0.0, 0.0, 0.0, 0.0, 0.0, 0.0
3.4326841831207275, 89.2476968791958, 0.7824268675488881, -9.438650832755643, 13.57250090341762, 7.79037406440843, 38.04383825416379, 0.0, 0.0, 0.0, 0.0, 0.0, 0.0
3.4491665363311768, 89.2476968791958, 0.7824268675488881, -9.438650832755643, 13.57250090341762, 7.79037406440843, 38.04383825416379, 0.0, 0.0, 0.0, 0.0, 0.0, 0.0
3.4492745399475098, 89.2476968791958, 0.7824268675488881, -9.438650832755643, 13.57250090341762, 7.79037406440843, 38.04383825416379, 0.0, 0.0, 0.0, 0.0, 0.0, 0.0
3.466536521911621, 89.2476968791958, 0.7824268675488881, -9.438650832755643, 13.57250090341762, 7.79037406440843, 38.04383825416379, 0.0, 0.0, 0.0, 0.0, 0.0, 0.0
3.466665267944336, 89.2476968791958, 0.7824268675488881, -9.438650832755643, 13.57250090341762, 7.79037406440843, 38.04383825416379, 0.0, 0.0, 0.0, 0.0, 0.0, 0.0
3.4827630519866943, 89.2476968791958, 0.7824268675488881, -9.438650832755643, 13.57250090341762, 7.79037406440843, 38.04383825416379, 0.0, 0.0, 0.0, 0.0, 0.0, 0.0
3.4828686714172363, 89.2476968791958, 0.7824268675488881, -9.438650832755643, 13.57250090341762, 7.79037406440843, 38.04383825416379, 0.0, 0.0, 0.0, 0.0, 0.0, 0.0
3.534313201904297, 89.2476968791958, 0.7824268675488881, -9.438650832755643, 13.57250090341762, 7.79037406440843, 38.04383825416379, 0.0, 0.0, 0.0, 0.0, 0.0, 0.0
3.5347750186920166, 89.2476968791958, 0.7824268675488881, -9.438650832755643, 13.57250090341762, 7.79037406440843, 38.04383825416379, 0.0, 0.0, 0.0, 0.0, 0.0, 0.0
3.5587615966796875, 89.2476968791958, 0.7824268675488881, -9.438650832755643, 13.57250090341762, 7.79037406440843, 38.04383825416379, 0.0, 0.0, 0.0, 0.0, 0.0, 0.0
3.558910608291626, 89.2476968791958, 0.7824268675488881, -9.438650832755643, 13.57250090341762, 7.79037406440843, 38.04383825416379, 0.0, 0.0, 0.0, 0.0, 0.0, 0.0
3.582641363143921, 89.2476968791958, 0.7824268675488881, -9.438650832755643, 13.57250090341762, 7.79037406440843, 38.04383825416379, 0.0, 0.0, 0.0, 0.0, 0.0, 0.0
3.582765817642212, 89.2476968791958, 0.7824268675488881, -9.438650832755643, 13.57250090341762, 7.79037406440843, 38.04383825416379, 0.0, 0.0, 0.0, 0.0, 0.0, 0.0
3.599196195602417, 89.2476968791958, 0.7824268675488881, -9.438650832755643, 13.57250090341762, 7.79037406440843, 38.04383825416379, 0.0, 0.0, 0.0, 0.0, 0.0, 0.0
3.5993082523345947, 89.2476968791958, 0.7824268675488881, -9.438650832755643, 13.57250090341762, 7.79037406440843, 38.04383825416379, 0.0, 0.0, 0.0, 0.0, 0.0, 0.0
3.63252329826355, 89.2476968791958, 0.7824268675488881, -9.438650832755643, 13.57250090341762, 7.79037406440843, 38.04383825416379, 0.0, 0.0, 0.0, 0.0, 0.0, 0.0
3.632638454437256, 89.2476968791958, 0.7824268675488881, -9.438650832755643, 13.57250090341762, 7.79037406440843, 38.04383825416379, 0.0, 0.0, 0.0, 0.0, 0.0, 0.0
3.6488823890686035, 89.2476968791958, 0.7824268675488881, -9.438650832755643, 13.57250090341762, 7.79037406440843, 38.04383825416379, 0.0, 0.0, 0.0, 0.0, 0.0, 0.0
3.64900279045105, 89.2476968791958, 0.7824268675488881, -9.438650832755643, 13.57250090341762, 7.79037406440843, 38.04383825416379, 0.0, 0.0, 0.0, 0.0, 0.0, 0.0
3.665961980819702, 89.2476968791958, 0.7824268675488881, -9.438650832755643, 13.57250090341762, 7.79037406440843, 38.04383825416379, 0.0, 0.0, 0.0, 0.0, 0.0, 0.0
3.6660726070404053, 89.2476968791958, 0.7824268675488881, -9.438650832755643, 13.57250090341762, 7.79037406440843, 38.04383825416379, 0.0, 0.0, 0.0, 0.0, 0.0, 0.0
3.6829419136047363, 89.2476968791958, 0.7824268675488881, -9.438650832755643, 13.57250090341762, 7.79037406440843, 38.04383825416379, 0.0, 0.0, 0.0, 0.0, 0.0, 0.0
3.6830573081970215, 89.2476968791958, 0.7824268675488881, -9.438650832755643, 13.57250090341762, 7.79037406440843, 38.04383825416379, 0.0, 0.0, 0.0, 0.0, 0.0, 0.0
3.699241876602173, 89.2476968791958, 0.7824268675488881, -9.438650832755643, 13.57250090341762, 7.79037406440843, 38.04383825416379, 0.0, 0.0, 0.0, 0.0, 0.0, 0.0
3.6993508338928223, 89.2476968791958, 0.7824268675488881, -9.438650832755643, 13.57250090341762, 7.79037406440843, 38.04383825416379, 0.0, 0.0, 0.0, 0.0, 0.0, 0.0
3.732651948928833, 89.2476968791958, 0.7824268675488881, -9.438650832755643, 13.57250090341762, 7.79037406440843, 38.04383825416379, 0.0, 0.0, 0.0, 0.0, 0.0, 0.0
3.732762336730957, 89.2476968791958, 0.7824268675488881, -9.438650832755643, 13.57250090341762, 7.79037406440843, 38.04383825416379, 0.0, 0.0, 0.0, 0.0, 0.0, 0.0
3.7490508556365967, 89.2476968791958, 0.7824268675488881, -9.438650832755643, 13.57250090341762, 7.79037406440843, 38.04383825416379, 0.0, 0.0, 0.0, 0.0, 0.0, 0.0
3.749157667160034, 89.2476968791958, 0.7824268675488881, -9.438650832755643, 13.57250090341762, 7.79037406440843, 38.04383825416379, 0.0, 0.0, 0.0, 0.0, 0.0, 0.0
3.7658822536468506, 89.2476968791958, 0.7824268675488881, -9.438650832755643, 13.57250090341762, 7.79037406440843, 38.04383825416379, 0.0, 0.0, 0.0, 0.0, 0.0, 0.0
3.7659928798675537, 89.2476968791958, 0.7824268675488881, -9.438650832755643, 13.57250090341762, 7.79037406440843, 38.04383825416379, 0.0, 0.0, 0.0, 0.0, 0.0, 0.0
3.7830700874328613, 89.2476968791958, 0.7824268675488881, -9.438650832755643, 13.57250090341762, 7.79037406440843, 38.04383825416379, 0.0, 0.0, 0.0, 0.0, 0.0, 0.0
3.7831830978393555, 89.2476968791958, 0.7824268675488881, -9.438650832755643, 13.57250090341762, 7.79037406440843, 38.04383825416379, 0.0, 0.0, 0.0, 0.0, 0.0, 0.0
3.799217939376831, 89.2476968791958, 0.7824268675488881, -9.438650832755643, 13.57250090341762, 7.79037406440843, 38.04383825416379, 0.0, 0.0, 0.0, 0.0, 0.0, 0.0
3.799325704574585, 89.2476968791958, 0.7824268675488881, -9.438650832755643, 13.57250090341762, 7.79037406440843, 38.04383825416379, 0.0, 0.0, 0.0, 0.0, 0.0, 0.0
3.8329381942749023, 89.2476968791958, 0.7824268675488881, -9.438650832755643, 13.57250090341762, 7.79037406440843, 38.04383825416379, 0.0, 0.0, 0.0, 0.0, 0.0, 0.0
3.833054780960083, 89.2476968791958, 0.7824268675488881, -9.438650832755643, 13.57250090341762, 7.79037406440843, 38.04383825416379, 0.0, 0.0, 0.0, 0.0, 0.0, 0.0
3.849104881286621, 89.2476968791958, 0.7824268675488881, -9.438650832755643, 13.57250090341762, 7.79037406440843, 38.04383825416379, 0.0, 0.0, 0.0, 0.0, 0.0, 0.0
3.8492143154144287, 89.2476968791958, 0.7824268675488881, -9.438650832755643, 13.57250090341762, 7.79037406440843, 38.04383825416379, 0.0, 0.0, 0.0, 0.0, 0.0, 0.0
3.8668739795684814, 89.2476968791958, 0.7824268675488881, -9.438650832755643, 13.57250090341762, 7.79037406440843, 38.04383825416379, 0.0, 0.0, 0.0, 0.0, 0.0, 0.0
3.866987705230713, 89.2476968791958, 0.7824268675488881, -9.438650832755643, 13.57250090341762, 7.79037406440843, 38.04383825416379, 0.0, 0.0, 0.0, 0.0, 0.0, 0.0
3.88285493850708, 89.2476968791958, 0.7824268675488881, -9.438650832755643, 13.57250090341762, 7.79037406440843, 38.04383825416379, 0.0, 0.0, 0.0, 0.0, 0.0, 0.0
3.8829689025878906, 89.2476968791958, 0.7824268675488881, -9.438650832755643, 13.57250090341762, 7.79037406440843, 38.04383825416379, 0.0, 0.0, 0.0, 0.0, 0.0, 0.0
3.899338483810425, 89.2476968791958, 0.7824268675488881, -9.438650832755643, 13.57250090341762, 7.79037406440843, 38.04383825416379, 0.0, 0.0, 0.0, 0.0, 0.0, 0.0
3.899451494216919, 89.2476968791958, 0.7824268675488881, -9.438650832755643, 13.57250090341762, 7.79037406440843, 38.04383825416379, 0.0, 0.0, 0.0, 0.0, 0.0, 0.0
3.932856559753418, 89.2476968791958, 0.7824268675488881, -9.438650832755643, 13.57250090341762, 7.79037406440843, 38.04383825416379, 0.0, 0.0, 0.0, 0.0, 0.0, 0.0
3.9329679012298584, 89.2476968791958, 0.7824268675488881, -9.438650832755643, 13.57250090341762, 7.79037406440843, 38.04383825416379, 0.0, 0.0, 0.0, 0.0, 0.0, 0.0
3.949497699737549, 89.2476968791958, 0.7824268675488881, -9.438650832755643, 13.57250090341762, 7.79037406440843, 38.04383825416379, 0.0, 0.0, 0.0, 0.0, 0.0, 0.0
3.949619770050049, 89.2476968791958, 0.7824268675488881, -9.438650832755643, 13.57250090341762, 7.79037406440843, 38.04383825416379, 0.0, 0.0, 0.0, 0.0, 0.0, 0.0
3.966024398803711, 89.2476968791958, 0.7824268675488881, -9.438650832755643, 13.57250090341762, 7.79037406440843, 38.04383825416379, 0.0, 0.0, 0.0, 0.0, 0.0, 0.0
3.96614146232605, 89.2476968791958, 0.7824268675488881, -9.438650832755643, 13.57250090341762, 7.79037406440843, 38.04383825416379, 0.0, 0.0, 0.0, 0.0, 0.0, 0.0
3.9829704761505127, 89.2476968791958, 0.7824268675488881, -9.438650832755643, 13.57250090341762, 7.79037406440843, 38.04383825416379, 0.0, 0.0, 0.0, 0.0, 0.0, 0.0
3.9830851554870605, 89.2476968791958, 0.7824268675488881, -9.438650832755643, 13.57250090341762, 7.79037406440843, 38.04383825416379, 0.0, 0.0, 0.0, 0.0, 0.0, 0.0
3.9994308948516846, 89.2476968791958, 0.7824268675488881, -9.438650832755643, 13.57250090341762, 7.79037406440843, 38.04383825416379, 0.0, 0.0, 0.0, 0.0, 0.0, 0.0
3.9995462894439697, 89.2476968791958, 0.7824268675488881, -9.438650832755643, 13.57250090341762, 7.79037406440843, 38.04383825416379, 0.0, 0.0, 0.0, 0.0, 0.0, 0.0
4.033633232116699, 89.2476968791958, 0.7824268675488881, -9.438650832755643, 13.57250090341762, 7.79037406440843, 38.04383825416379, 0.0, 0.0, 0.0, 0.0, 0.0, 0.0
4.033760070800781, 89.2476968791958, 0.7824268675488881, -9.438650832755643, 13.57250090341762, 7.79037406440843, 38.04383825416379, 0.0, 0.0, 0.0, 0.0, 0.0, 0.0
4.0496907234191895, 89.2476968791958, 0.7824268675488881, -9.438650832755643, 13.57250090341762, 7.79037406440843, 38.04383825416379, 0.0, 0.0, 0.0, 0.0, 0.0, 0.0
4.049801349639893, 89.2476968791958, 0.7824268675488881, -9.438650832755643, 13.57250090341762, 7.79037406440843, 38.04383825416379, 0.0, 0.0, 0.0, 0.0, 0.0, 0.0
4.066547632217407, 89.2476968791958, 0.7824268675488881, -9.438650832755643, 13.57250090341762, 7.79037406440843, 38.04383825416379, 0.0, 0.0, 0.0, 0.0, 0.0, 0.0
4.066673040390015, 89.2476968791958, 0.7824268675488881, -9.438650832755643, 13.57250090341762, 7.79037406440843, 38.04383825416379, 0.0, 0.0, 0.0, 0.0, 0.0, 0.0
4.082789897918701, 89.2476968791958, 0.7824268675488881, -9.438650832755643, 13.57250090341762, 7.79037406440843, 38.04383825416379, 0.0, 0.0, 0.0, 0.0, 0.0, 0.0
4.082903861999512, 89.2476968791958, 0.7824268675488881, -9.438650832755643, 13.57250090341762, 7.79037406440843, 38.04383825416379, 0.0, 0.0, 0.0, 0.0, 0.0, 0.0
4.099457263946533, 89.2476968791958, 0.7824268675488881, -9.438650832755643, 13.57250090341762, 7.79037406440843, 38.04383825416379, 0.0, 0.0, 0.0, 0.0, 0.0, 0.0
4.099578857421875, 89.2476968791958, 0.7824268675488881, -9.438650832755643, 13.57250090341762, 7.79037406440843, 38.04383825416379, 0.0, 0.0, 0.0, 0.0, 0.0, 0.0
4.132974624633789, 89.2476968791958, 0.7824268675488881, -9.438650832755643, 13.57250090341762, 7.79037406440843, 38.04383825416379, 0.0, 0.0, 0.0, 0.0, 0.0, 0.0
4.133090972900391, 89.2476968791958, 0.7824268675488881, -9.438650832755643, 13.57250090341762, 7.79037406440843, 38.04383825416379, 0.0, 0.0, 0.0, 0.0, 0.0, 0.0
4.149202346801758, 89.2476968791958, 0.7824268675488881, -9.438650832755643, 13.57250090341762, 7.79037406440843, 38.04383825416379, 0.0, 0.0, 0.0, 0.0, 0.0, 0.0
4.149319171905518, 89.2476968791958, 0.7824268675488881, -9.438650832755643, 13.57250090341762, 7.79037406440843, 38.04383825416379, 0.0, 0.0, 0.0, 0.0, 0.0, 0.0
4.166166543960571, 89.2476968791958, 0.7824268675488881, -9.438650832755643, 13.57250090341762, 7.79037406440843, 38.04383825416379, 0.0, 0.0, 0.0, 0.0, 0.0, 0.0
4.166280269622803, 89.2476968791958, 0.7824268675488881, -9.438650832755643, 13.57250090341762, 7.79037406440843, 38.04383825416379, 0.0, 0.0, 0.0, 0.0, 0.0, 0.0
4.182819128036499, 89.2476968791958, 0.7824268675488881, -9.438650832755643, 13.57250090341762, 7.79037406440843, 38.04383825416379, 0.0, 0.0, 0.0, 0.0, 0.0, 0.0
4.182931184768677, 89.2476968791958, 0.7824268675488881, -9.438650832755643, 13.57250090341762, 7.79037406440843, 38.04383825416379, 0.0, 0.0, 0.0, 0.0, 0.0, 0.0
4.199308156967163, 89.2476968791958, 0.7824268675488881, -9.438650832755643, 13.57250090341762, 7.79037406440843, 38.04383825416379, 0.0, 0.0, 0.0, 0.0, 0.0, 0.0
4.199420690536499, 89.2476968791958, 0.7824268675488881, -9.438650832755643, 13.57250090341762, 7.79037406440843, 38.04383825416379, 0.0, 0.0, 0.0, 0.0, 0.0, 0.0
4.2331483364105225, 89.2476968791958, 0.7824268675488881, -9.438650832755643, 13.57250090341762, 7.79037406440843, 38.04383825416379, 0.0, 0.0, 0.0, 0.0, 0.0, 0.0
4.233258485794067, 89.2476968791958, 0.7824268675488881, -9.438650832755643, 13.57250090341762, 7.79037406440843, 38.04383825416379, 0.0, 0.0, 0.0, 0.0, 0.0, 0.0
4.249727487564087, 89.2476968791958, 0.7824268675488881, -9.438650832755643, 13.57250090341762, 7.79037406440843, 38.04383825416379, 0.0, 0.0, 0.0, 0.0, 0.0, 0.0
4.249840974807739, 89.2476968791958, 0.7824268675488881, -9.438650832755643, 13.57250090341762, 7.79037406440843, 38.04383825416379, 0.0, 0.0, 0.0, 0.0, 0.0, 0.0
4.26594614982605, 89.2476968791958, 0.7824268675488881, -9.438650832755643, 13.57250090341762, 7.79037406440843, 38.04383825416379, 0.0, 0.0, 0.0, 0.0, 0.0, 0.0
4.266056060791016, 89.2476968791958, 0.7824268675488881, -9.438650832755643, 13.57250090341762, 7.79037406440843, 38.04383825416379, 0.0, 0.0, 0.0, 0.0, 0.0, 0.0
4.28315281867981, 89.2476968791958, 0.7824268675488881, -9.438650832755643, 13.57250090341762, 7.79037406440843, 38.04383825416379, 0.0, 0.0, 0.0, 0.0, 0.0, 0.0
4.283265590667725, 89.2476968791958, 0.7824268675488881, -9.438650832755643, 13.57250090341762, 7.79037406440843, 38.04383825416379, 0.0, 0.0, 0.0, 0.0, 0.0, 0.0
4.299221038818359, 89.2476968791958, 0.7824268675488881, -9.438650832755643, 13.57250090341762, 7.79037406440843, 38.04383825416379, 0.0, 0.0, 0.0, 0.0, 0.0, 0.0
4.299330711364746, 89.2476968791958, 0.7824268675488881, -9.438650832755643, 13.57250090341762, 7.79037406440843, 38.04383825416379, 0.0, 0.0, 0.0, 0.0, 0.0, 0.0
4.350105285644531, 89.2476968791958, 0.7824268675488881, -9.438650832755643, 13.57250090341762, 7.79037406440843, 38.04383825416379, 0.0, 0.0, 0.0, 0.0, 0.0, 0.0
4.350378513336182, 89.2476968791958, 0.7824268675488881, -9.438650832755643, 13.57250090341762, 7.79037406440843, 38.04383825416379, 0.0, 0.0, 0.0, 0.0, 0.0, 0.0
4.369582891464233, 89.2476968791958, 0.7824268675488881, -9.438650832755643, 13.57250090341762, 7.79037406440843, 38.04383825416379, 0.0, 0.0, 0.0, 0.0, 0.0, 0.0
4.369722366333008, 89.2476968791958, 0.7824268675488881, -9.438650832755643, 13.57250090341762, 7.79037406440843, 38.04383825416379, 0.0, 0.0, 0.0, 0.0, 0.0, 0.0
4.3991618156433105, 89.2476968791958, 0.7824268675488881, -9.438650832755643, 13.57250090341762, 7.79037406440843, 38.04383825416379, 0.0, 0.0, 0.0, 0.0, 0.0, 0.0
4.399275064468384, 89.2476968791958, 0.7824268675488881, -9.438650832755643, 13.57250090341762, 7.79037406440843, 38.04383825416379, 0.0, 0.0, 0.0, 0.0, 0.0, 0.0
4.416640043258667, 89.2476968791958, 0.7824268675488881, -9.438650832755643, 13.57250090341762, 7.79037406440843, 38.04383825416379, 0.0, 0.0, 0.0, 0.0, 0.0, 0.0
4.416763544082642, 89.2476968791958, 0.7824268675488881, -9.438650832755643, 13.57250090341762, 7.79037406440843, 38.04383825416379, 0.0, 0.0, 0.0, 0.0, 0.0, 0.0
4.432966947555542, 89.2476968791958, 0.7824268675488881, -9.438650832755643, 13.57250090341762, 7.79037406440843, 38.04383825416379, 0.0, 0.0, 0.0, 0.0, 0.0, 0.0
4.4330809116363525, 89.2476968791958, 0.7824268675488881, -9.438650832755643, 13.57250090341762, 7.79037406440843, 38.04383825416379, 0.0, 0.0, 0.0, 0.0, 0.0, 0.0
4.449186325073242, 89.2476968791958, 0.7824268675488881, -9.438650832755643, 13.57250090341762, 7.79037406440843, 38.04383825416379, 0.0, 0.0, 0.0, 0.0, 0.0, 0.0
4.449296951293945, 89.2476968791958, 0.7824268675488881, -9.438650832755643, 13.57250090341762, 7.79037406440843, 38.04383825416379, 0.0, 0.0, 0.0, 0.0, 0.0, 0.0
4.482545375823975, 89.2476968791958, 0.7824268675488881, -9.438650832755643, 13.57250090341762, 7.79037406440843, 38.04383825416379, 0.0, 0.0, 0.0, 0.0, 0.0, 0.0
4.482661485671997, 89.2476968791958, 0.7824268675488881, -9.438650832755643, 13.57250090341762, 7.79037406440843, 38.04383825416379, 0.0, 0.0, 0.0, 0.0, 0.0, 0.0
4.499080181121826, 89.2476968791958, 0.7824268675488881, -9.438650832755643, 13.57250090341762, 7.79037406440843, 38.04383825416379, 0.0, 0.0, 0.0, 0.0, 0.0, 0.0
4.4991912841796875, 89.2476968791958, 0.7824268675488881, -9.438650832755643, 13.57250090341762, 7.79037406440843, 38.04383825416379, 0.0, 0.0, 0.0, 0.0, 0.0, 0.0
4.51620078086853, 89.2476968791958, 0.7824268675488881, -9.438650832755643, 13.57250090341762, 7.79037406440843, 38.04383825416379, 0.0, 0.0, 0.0, 0.0, 0.0, 0.0
4.516316890716553, 89.2476968791958, 0.7824268675488881, -9.438650832755643, 13.57250090341762, 7.79037406440843, 38.04383825416379, 0.0, 0.0, 0.0, 0.0, 0.0, 0.0
4.532762289047241, 89.2476968791958, 0.7824268675488881, -9.438650832755643, 13.57250090341762, 7.79037406440843, 38.04383825416379, 0.0, 0.0, 0.0, 0.0, 0.0, 0.0
4.532874345779419, 89.2476968791958, 0.7824268675488881, -9.438650832755643, 13.57250090341762, 7.79037406440843, 38.04383825416379, 0.0, 0.0, 0.0, 0.0, 0.0, 0.0
4.5496673583984375, 89.2476968791958, 0.7824268675488881, -9.438650832755643, 13.57250090341762, 7.79037406440843, 38.04383825416379, 0.0, 0.0, 0.0, 0.0, 0.0, 0.0
4.5497822761535645, 89.2476968791958, 0.7824268675488881, -9.438650832755643, 13.57250090341762, 7.79037406440843, 38.04383825416379, 0.0, 0.0, 0.0, 0.0, 0.0, 0.0
4.583338260650635, 89.2476968791958, 0.7824268675488881, -9.438650832755643, 13.57250090341762, 7.79037406440843, 38.04383825416379, 0.0, 0.0, 0.0, 0.0, 0.0, 0.0
4.5834643840789795, 89.2476968791958, 0.7824268675488881, -9.438650832755643, 13.57250090341762, 7.79037406440843, 38.04383825416379, 0.0, 0.0, 0.0, 0.0, 0.0, 0.0
4.598878622055054, 89.2476968791958, 0.7824268675488881, -9.438650832755643, 13.57250090341762, 7.79037406440843, 38.04383825416379, 0.0, 0.0, 0.0, 0.0, 0.0, 0.0
4.59898567199707, 89.2476968791958, 0.7824268675488881, -9.438650832755643, 13.57250090341762, 7.79037406440843, 38.04383825416379, 0.0, 0.0, 0.0, 0.0, 0.0, 0.0
4.616196870803833, 89.2476968791958, 0.7824268675488881, -9.438650832755643, 13.57250090341762, 7.79037406440843, 38.04383825416379, 0.0, 0.0, 0.0, 0.0, 0.0, 0.0
4.616309404373169, 89.2476968791958, 0.7824268675488881, -9.438650832755643, 13.57250090341762, 7.79037406440843, 38.04383825416379, 0.0, 0.0, 0.0, 0.0, 0.0, 0.0
4.633204460144043, 89.2476968791958, 0.7824268675488881, -9.438650832755643, 13.57250090341762, 7.79037406440843, 38.04383825416379, 0.0, 0.0, 0.0, 0.0, 0.0, 0.0
4.633325576782227, 89.2476968791958, 0.7824268675488881, -9.438650832755643, 13.57250090341762, 7.79037406440843, 38.04383825416379, 0.0, 0.0, 0.0, 0.0, 0.0, 0.0
4.64921760559082, 89.2476968791958, 0.7824268675488881, -9.438650832755643, 13.57250090341762, 7.79037406440843, 38.04383825416379, 0.0, 0.0, 0.0, 0.0, 0.0, 0.0
4.649327516555786, 89.2476968791958, 0.7824268675488881, -9.438650832755643, 13.57250090341762, 7.79037406440843, 38.04383825416379, 0.0, 0.0, 0.0, 0.0, 0.0, 0.0
4.702052116394043, 89.2476968791958, 0.7824268675488881, -9.438650832755643, 13.57250090341762, 7.79037406440843, 38.04383825416379, 0.0, 0.0, 0.0, 0.0, 0.0, 0.0
4.702531099319458, 89.2476968791958, 0.7824268675488881, -9.438650832755643, 13.57250090341762, 7.79037406440843, 38.04383825416379, 0.0, 0.0, 0.0, 0.0, 0.0, 0.0
4.728204011917114, 89.2476968791958, 0.7824268675488881, -9.438650832755643, 13.57250090341762, 7.79037406440843, 38.04383825416379, 0.0, 0.0, 0.0, 0.0, 0.0, 0.0
4.728350639343262, 89.2476968791958, 0.7824268675488881, -9.438650832755643, 13.57250090341762, 7.79037406440843, 38.04383825416379, 0.0, 0.0, 0.0, 0.0, 0.0, 0.0
4.749274492263794, 89.2476968791958, 0.7824268675488881, -9.438650832755643, 13.57250090341762, 7.79037406440843, 38.04383825416379, 0.0, 0.0, 0.0, 0.0, 0.0, 0.0
4.749392509460449, 89.2476968791958, 0.7824268675488881, -9.438650832755643, 13.57250090341762, 7.79037406440843, 38.04383825416379, 0.0, 0.0, 0.0, 0.0, 0.0, 0.0
4.766258955001831, 89.2476968791958, 0.7824268675488881, -9.438650832755643, 13.57250090341762, 7.79037406440843, 38.04383825416379, 0.0, 0.0, 0.0, 0.0, 0.0, 0.0
4.766373634338379, 89.2476968791958, 0.7824268675488881, -9.438650832755643, 13.57250090341762, 7.79037406440843, 38.04383825416379, 0.0, 0.0, 0.0, 0.0, 0.0, 0.0
4.799497365951538, 89.2476968791958, 0.7824268675488881, -9.438650832755643, 13.57250090341762, 7.79037406440843, 38.04383825416379, 0.0, 0.0, 0.0, 0.0, 0.0, 0.0
4.799614667892456, 89.2476968791958, 0.7824268675488881, -9.438650832755643, 13.57250090341762, 7.79037406440843, 38.04383825416379, 0.0, 0.0, 0.0, 0.0, 0.0, 0.0
