# Timestamp, Fx, Fy, Fz, Tx, Ty, Tz, FemurPosX, FemurPosY, FemurPosZ, FemurQuatW, FemurQuatX, FemurQuatY, FemurQuatZ, TibiaPosX, TibiaPosY, TibiaPosZ, TibiaQuatW, TibiaQuatX, TibiaQuatY, TibiaQuatZ, Flexion, Adduction, Rotation, Anterior_Posterior, Medial_Lateral, Proximal_Distal
0.10230207443237305,-0.09583,-0.0679901,0.0365334,-0.0036628,0.00169973,-0.00934154,0.0741439,0.492913,0.507827,0.320352,0.55555,0.643354,-0.418133,-0.00139187,0.234265,0.108655,0.779768,-0.0443436,0.290229,-0.552959,91.66504696386785,-172.68986291577022,-127.5122543602318,-26.491771043979334,-7.732322729395895,14.940412293251304
0.1032552719116211,-0.09583,-0.0679901,0.0365334,-0.0036628,0.00169973,-0.00934154,0.0741439,0.492913,0.507827,0.320352,0.55555,0.643354,-0.418133,-0.00139187,0.234265,0.108655,0.779768,-0.0443436,0.290229,-0.552959,91.66504696386785,-172.68986291577022,-127.5122543602318,-26.491771043979334,-7.732322729395895,14.940412293251304
0.204634428024292,-0.103837,-0.0868433,0.100782,-0.00624093,-0.0116163,-0.0134559,0.0740465,0.492939,0.507809,0.320686,0.554852,0.644004,-0.417802,-0.00144252,0.234279,0.108552,0.780918,-0.0426295,0.289432,-0.551887,91.61405263326421,-172.5632858480604,-126.70830747203654,-26.63802093003453,-9.089114627673299,14.786106186843941
0.20558476448059082,-0.103837,-0.0868433,0.100782,-0.00624093,-0.0116163,-0.0134559,0.0740465,0.492939,0.507809,0.320686,0.554852,0.644004,-0.417802,-0.00144252,0.234279,0.108552,0.780918,-0.0426295,0.289432,-0.551887,91.61405263326421,-172.5632858480604,-126.70830747203654,-26.63802093003453,-9.089114627673299,14.786106186843941
0.3064115047454834,0.22083,-0.00516438,-0.110287,-0.0103957,-0.02202,0.0159443,0.0740487,0.492923,0.507802,0.321075,0.554718,0.644042,-0.417622,-0.0017041,0.234043,0.108878,0.780232,-0.045901,0.291313,-0.551605,91.61636733818997,-172.74650067285995,-127.44638882258877,-26.344166770957635,-8.047591079415838,14.741882989181857
0.30736875534057617,0.22083,-0.00516438,-0.110287,-0.0103957,-0.02202,0.0159443,0.0740487,0.492923,0.507802,0.321075,0.554718,0.644042,-0.417622,-0.0017041,0.234043,0.108878,0.780232,-0.045901,0.291313,-0.551605,91.61636733818997,-172.74650067285995,-127.44638882258877,-26.344166770957635,-8.047591079415838,14.741882989181857
0.4091510772705078,-0.715294,-1.23822,-0.315729,-0.173422,0.173563,-0.252437,0.0740236,0.492945,0.507762,0.321253,0.555062,0.643632,-0.417661,-0.00236181,0.233886,0.109224,0.779653,-0.045902,0.291173,-0.552496,91.60932185262423,-172.83213007063995,-127.54678760044209,-26.480828309025654,-8.562883993401512,14.600347821685897
0.4101107120513916,-0.715294,-1.23822,-0.315729,-0.173422,0.173563,-0.252437,0.0740236,0.492945,0.507762,0.321253,0.555062,0.643632,-0.417661,-0.00236181,0.233886,0.109224,0.779653,-0.045902,0.291173,-0.552496,91.60932185262423,-172.83213007063995,-127.54678760044209,-26.480828309025654,-8.562883993401512,14.600347821685897
0.511134147644043,-0.410552,-0.175023,-1.159,-0.0834761,0.420547,0.0370672,0.0740779,0.492939,0.507907,0.320151,0.555139,0.644145,-0.417613,-0.0043557,0.241132,0.107325,0.770375,-0.0326574,0.294244,-0.564691,90.63121795264404,-174.23580556779328,-119.68292009909499,-26.208606698606076,-8.19508454536065,13.55061193458673
0.5120511054992676,-0.410552,-0.175023,-1.159,-0.0834761,0.420547,0.0370672,0.0740779,0.492939,0.507907,0.320151,0.555139,0.644145,-0.417613,-0.0043557,0.241132,0.107325,0.770375,-0.0326574,0.294244,-0.564691,90.63121795264404,-174.23580556779328,-119.68292009909499,-26.208606698606076,-8.19508454536065,13.55061193458673
0.6141936779022217,-1.94014,-2.33018,-0.98212,-0.453754,0.668882,-0.347306,0.0742459,0.492831,0.507775,0.320608,0.555236,0.643241,-0.418526,-0.000787163,0.252099,0.10071,0.756886,0.00626031,0.282729,-0.589193,89.01334256125715,4.123297333959649,-94.95473325359255,-24.651108408694014,-10.877931279421999,13.209822446326408
0.6151516437530518,-1.94014,-2.33018,-0.98212,-0.453754,0.668882,-0.347306,0.0742459,0.492831,0.507775,0.320608,0.555236,0.643241,-0.418526,-0.000787163,0.252099,0.10071,0.756886,0.00626031,0.282729,-0.589193,89.01334256125715,4.123297333959649,-94.95473325359255,-24.651108408694014,-10.877931279421999,13.209822446326408
0.717041015625,-2.50407,-1.58139,-0.590275,-0.355121,0.553349,-0.25444,0.0745978,0.492431,0.506599,0.320518,0.554525,0.642791,-0.420226,0.0244569,0.27254,0.0847417,0.73066,0.0918083,0.236753,-0.633763,86.97996534414442,2.173670927145508,-41.84374430068879,-18.673975738045854,-10.1300284412284,12.683797420917188
0.7179989814758301,-2.50407,-1.58139,-0.590275,-0.355121,0.553349,-0.25444,0.0745978,0.492431,0.506599,0.320518,0.554525,0.642791,-0.420226,0.0244569,0.27254,0.0847417,0.73066,0.0918083,0.236753,-0.633763,86.97996534414442,2.173670927145508,-41.84374430068879,-18.673975738045854,-10.1300284412284,12.683797420917188
0.8193230628967285,-1.74909,-2.64119,-0.529816,-0.507859,0.409538,-0.311923,0.0742671,0.492696,0.507096,0.321261,0.555329,0.642486,-0.419061,0.0376605,0.292978,0.0778372,0.706185,0.149995,0.223239,-0.654957,83.64354300035907,1.1109892242561528,-9.283996229039587,-14.915819472731439,-10.317019446654857,10.601152734634274
0.8202698230743408,-1.74909,-2.64119,-0.529816,-0.507859,0.409538,-0.311923,0.0742671,0.492696,0.507096,0.321261,0.555329,0.642486,-0.419061,0.0376605,0.292978,0.0778372,0.706185,0.149995,0.223239,-0.654957,83.64354300035907,1.1109892242561528,-9.283996229039587,-14.915819472731439,-10.317019446654857,10.601152734634274
0.9237987995147705,-0.358171,-3.27913,-0.45799,-0.712591,0.264118,-0.203531,0.0748507,0.492327,0.506209,0.32273,0.554709,0.642238,-0.419135,0.0524709,0.308594,0.0722646,0.681988,0.202803,0.207972,-0.671202,80.54747883925658,0.6310563902982956,3.248666547681551,-10.86839746594301,-10.962884788243471,9.350758065915965
0.924757719039917,-0.358171,-3.27913,-0.45799,-0.712591,0.264118,-0.203531,0.0748507,0.492327,0.506209,0.32273,0.554709,0.642238,-0.419135,0.0524709,0.308594,0.0722646,0.681988,0.202803,0.207972,-0.671202,80.54747883925658,0.6310563902982956,3.248666547681551,-10.86839746594301,-10.962884788243471,9.350758065915965
1.02839994430542,-0.441301,-4.67362,0.180002,-0.939301,0.0237668,-0.404297,0.0741401,0.492824,0.506833,0.318831,0.555858,0.643465,-0.418714,0.0721043,0.32468,0.0689784,0.651322,0.261705,0.185172,-0.687751,78.03742312394736,0.6352164286804493,11.789045844736005,-8.197651707888332,-8.571590821375517,9.41928692940901
1.0294334888458252,-0.441301,-4.67362,0.180002,-0.939301,0.0237668,-0.404297,0.0741401,0.492824,0.506833,0.318831,0.555858,0.643465,-0.418714,0.0721043,0.32468,0.0689784,0.651322,0.261705,0.185172,-0.687751,78.03742312394736,0.6352164286804493,11.789045844736005,-8.197651707888332,-8.571590821375517,9.41928692940901
1.1336760520935059,-1.35762,-3.26336,0.540655,-0.64667,0.0134054,-0.378292,0.074277,0.492693,0.506571,0.319824,0.555113,0.643491,-0.418905,0.0935156,0.335777,0.0652839,0.614112,0.314146,0.152923,-0.707668,75.72031972496475,-0.25761751446648434,24.065180693635114,0.0052541745550884755,-5.742944667589477,8.638171387157545
1.1346490383148193,-1.35762,-3.26336,0.540655,-0.64667,0.0134054,-0.378292,0.074277,0.492693,0.506571,0.319824,0.555113,0.643491,-0.418905,0.0935156,0.335777,0.0652839,0.614112,0.314146,0.152923,-0.707668,75.72031972496475,-0.25761751446648434,24.065180693635114,0.0052541745550884755,-5.742944667589477,8.638171387157545
1.238224744796753,-1.78524,-3.92015,0.190469,-0.602117,0.209385,-0.194148,0.0744248,0.49258,0.506489,0.320108,0.554951,0.643373,-0.419084,0.105572,0.348966,0.0674325,0.584038,0.353328,0.150754,-0.715075,72.06816884245212,-0.03453796077554641,27.619301082376982,0.7168728450437656,-4.100168065929583,7.3445042107078855
1.2391958236694336,-1.78524,-3.92015,0.190469,-0.602117,0.209385,-0.194148,0.0744248,0.49258,0.506489,0.320108,0.554951,0.643373,-0.419084,0.105572,0.348966,0.0674325,0.584038,0.353328,0.150754,-0.715075,72.06816884245212,-0.03453796077554641,27.619301082376982,0.7168728450437656,-4.100168065929583,7.3445042107078855
1.3424975872039795,-0.689987,-3.89842,0.51423,-0.565893,0.0345096,-0.0244209,0.0742123,0.492619,0.506349,0.319942,0.554873,0.642591,-0.420513,0.11381,0.359395,0.0707567,0.56305,0.382775,0.153866,-0.716089,69.02776238968605,0.9448963173481066,27.818435342734524,0.18349231284131928,-2.9413155160845372,6.528728478881998
1.3434438705444336,-0.689987,-3.89842,0.51423,-0.565893,0.0345096,-0.0244209,0.0742123,0.492619,0.506349,0.319942,0.554873,0.642591,-0.420513,0.11381,0.359395,0.0707567,0.56305,0.382775,0.153866,-0.716089,69.02776238968605,0.9448963173481066,27.818435342734524,0.18349231284131928,-2.9413155160845372,6.528728478881998
1.447371482849121,-2.16235,-4.75306,1.38814,-0.67845,0.0645041,-0.102577,0.0743961,0.492593,0.506265,0.320307,0.55538,0.642832,-0.419194,0.120544,0.368762,0.0740331,0.544511,0.405836,0.158469,-0.716723,66.49006856833282,1.4558517659072527,28.98348588411353,-0.5595051577300783,-2.868263086988072,5.401645695749678
1.4483263492584229,-2.16235,-4.75306,1.38814,-0.67845,0.0645041,-0.102577,0.0743961,0.492593,0.506265,0.320307,0.55538,0.642832,-0.419194,0.120544,0.368762,0.0740331,0.544511,0.405836,0.158469,-0.716723,66.49006856833282,1.4558517659072527,28.98348588411353,-0.5595051577300783,-2.868263086988072,5.401645695749678
1.552185297012329,-1.24642,-4.50099,0.931707,-0.603989,0.00907589,-0.0508105,0.0741526,0.49269,0.506468,0.32105,0.555338,0.642267,-0.419548,0.121026,0.379316,0.0757121,0.530431,0.419783,0.169924,-0.716625,63.9101744003058,1.8554271152651034,29.21137954357917,1.3476901388263862,-2.91469064221555,4.510114225367449
1.5531420707702637,-1.24642,-4.50099,0.931707,-0.603989,0.00907589,-0.0508105,0.0741526,0.49269,0.506468,0.32105,0.555338,0.642267,-0.419548,0.121026,0.379316,0.0757121,0.530431,0.419783,0.169924,-0.716625,63.9101744003058,1.8554271152651034,29.21137954357917,1.3476901388263862,-2.91469064221555,4.510114225367449
1.6598467826843262,0.859951,-4.52471,0.23397,-0.638556,-0.113173,-0.0460732,0.0741394,0.49279,0.507029,0.320761,0.555543,0.642203,-0.419596,0.116065,0.38946,0.0760303,0.522022,0.423441,0.190469,-0.71548,61.51310524400377,1.9282452923471007,28.458226102110075,2.1728805023123785,-3.0525464432954434,4.972935186183794
1.660806655883789,0.859951,-4.52471,0.23397,-0.638556,-0.113173,-0.0460732,0.0741394,0.49279,0.507029,0.320761,0.555543,0.642203,-0.419596,0.116065,0.38946,0.0760303,0.522022,0.423441,0.190469,-0.71548,61.51310524400377,1.9282452923471007,28.458226102110075,2.1728805023123785,-3.0525464432954434,4.972935186183794
1.76423978805542,-0.7215,-4.93808,-0.129393,-0.678607,0.0428307,-0.203528,0.0739093,0.492944,0.50699,0.32019,0.554317,0.644198,-0.418594,0.107476,0.402073,0.0756743,0.503584,0.421812,0.212884,-0.723296,58.597369402241135,0.35631274546072494,31.023395430978347,4.740835066786769,-2.8820891610649517,3.524627388642361
1.765209674835205,-0.7215,-4.93808,-0.129393,-0.678607,0.0428307,-0.203528,0.0739093,0.492944,0.50699,0.32019,0.554317,0.644198,-0.418594,0.107476,0.402073,0.0756743,0.503584,0.421812,0.212884,-0.723296,58.597369402241135,0.35631274546072494,31.023395430978347,4.740835066786769,-2.8820891610649517,3.524627388642361
1.8697772026062012,-0.831219,-4.40311,-0.382695,-0.52959,0.0619409,-0.190083,0.0736696,0.493035,0.507398,0.319365,0.554301,0.643723,-0.419973,0.102595,0.417339,0.0783251,-0.487612,-0.428199,-0.237441,0.722843,55.21181960087885,0.3410336449468333,30.422982498020307,7.3302538958293235,-1.3682246538204577,2.571007515109958
1.870741605758667,-0.831219,-4.40311,-0.382695,-0.52959,0.0619409,-0.190083,0.0736696,0.493035,0.507398,0.319365,0.554301,0.643723,-0.419973,0.102595,0.417339,0.0783251,-0.487612,-0.428199,-0.237441,0.722843,55.21181960087885,0.3410336449468333,30.422982498020307,7.3302538958293235,-1.3682246538204577,2.571007515109958
1.975921392440796,-1.07079,-3.92528,-0.46284,-0.461214,0.167637,-0.203001,0.0738327,0.492953,0.5075,0.31941,0.554549,0.644561,-0.418323,0.101064,0.432595,0.0829599,-0.468127,-0.440458,-0.260851,0.720285,51.563629944473945,0.40086741404998194,30.38445422851348,8.29133304526829,-1.662344600265642,1.8876882252194411
1.9768917560577393,-1.07079,-3.92528,-0.46284,-0.461214,0.167637,-0.203001,0.0738327,0.492953,0.5075,0.31941,0.554549,0.644561,-0.418323,0.101064,0.432595,0.0829599,-0.468127,-0.440458,-0.260851,0.720285,51.563629944473945,0.40086741404998194,30.38445422851348,8.29133304526829,-1.662344600265642,1.8876882252194411
2.081934690475464,-1.99302,-3.28699,0.303467,-0.315926,0.153818,-0.152791,0.0736291,0.493083,0.507531,0.319979,0.554713,0.643713,-0.418976,0.0993863,0.452084,0.090009,-0.442371,-0.456979,-0.287906,0.715953,46.769391508362524,0.8326295848286682,30.066843573531308,11.708553072642168,-1.5010483555526468,1.4111318132404969
2.0829017162323,-1.99302,-3.28699,0.303467,-0.315926,0.153818,-0.152791,0.0736291,0.493083,0.507531,0.319979,0.554713,0.643713,-0.418976,0.0993863,0.452084,0.090009,-0.442371,-0.456979,-0.287906,0.715953,46.769391508362524,0.8326295848286682,30.066843573531308,11.708553072642168,-1.5010483555526468,1.4111318132404969
2.187800407409668,-1.74249,-3.06131,0.0293083,-0.205047,0.200463,-0.153248,0.0735711,0.493102,0.507709,0.320527,0.554064,0.644392,-0.418372,0.0983811,0.47087,0.0989156,-0.41545,-0.474007,-0.315225,0.709473,41.92486797695456,1.343062781130199,29.985979590404007,14.32418396759803,-2.250464700423147,1.566043560106936
2.1887741088867188,-1.74249,-3.06131,0.0293083,-0.205047,0.200463,-0.153248,0.0735711,0.493102,0.507709,0.320527,0.554064,0.644392,-0.418372,0.0983811,0.47087,0.0989156,-0.41545,-0.474007,-0.315225,0.709473,41.92486797695456,1.343062781130199,29.985979590404007,14.32418396759803,-2.250464700423147,1.566043560106936
2.293811798095703,-2.17494,-3.3257,1.07798,-0.244218,0.098379,-0.203743,0.0735204,0.493102,0.507636,0.320404,0.553881,0.644933,-0.417875,0.0974965,0.492316,0.111373,-0.383389,-0.490093,-0.347895,0.701278,36.3472735379855,1.7018037475523058,29.869151811232168,17.18760005199778,-1.7110850893853855,0.8373540070417165
2.294792652130127,-2.17494,-3.3257,1.07798,-0.244218,0.098379,-0.203743,0.0735204,0.493102,0.507636,0.320404,0.553881,0.644933,-0.417875,0.0974965,0.492316,0.111373,-0.383389,-0.490093,-0.347895,0.701278,36.3472735379855,1.7018037475523058,29.869151811232168,17.18760005199778,-1.7110850893853855,0.8373540070417165
2.399787664413452,-1.83197,-3.04045,1.19643,-0.108888,0.0823905,-0.113729,0.0733227,0.493275,0.50782,0.320311,0.554118,0.645392,-0.416921,0.0983759,0.509867,0.124303,-0.351129,-0.509147,-0.373451,0.691384,31.213914137980716,2.4874201025951064,30.095271471697096,19.27651796098677,-3.154091930424421,1.7962737317967186
2.4006996154785156,-1.83197,-3.04045,1.19643,-0.108888,0.0823905,-0.113729,0.0733227,0.493275,0.50782,0.320311,0.554118,0.645392,-0.416921,0.0983759,0.509867,0.124303,-0.351129,-0.509147,-0.373451,0.691384,31.213914137980716,2.4874201025951064,30.095271471697096,19.27651796098677,-3.154091930424421,1.7962737317967186
2.505110740661621,-2.36109,-3.25132,1.16336,-0.0420986,0.186804,-0.208979,0.0733011,0.493335,0.508006,0.320662,0.554083,0.64488,-0.417489,0.100472,0.522273,0.135595,-0.326129,-0.521813,-0.391023,0.684436,27.332016156635646,3.0100543181808104,30.39620403182562,21.74902735443771,-2.828764148728427,1.664453319437426
2.5060276985168457,-2.36109,-3.25132,1.16336,-0.0420986,0.186804,-0.208979,0.0733011,0.493335,0.508006,0.320662,0.554083,0.64488,-0.417489,0.100472,0.522273,0.135595,-0.326129,-0.521813,-0.391023,0.684436,27.332016156635646,3.0100543181808104,30.39620403182562,21.74902735443771,-2.828764148728427,1.664453319437426
2.612119197845459,-2.22896,-2.95135,1.78827,0.0505445,0.0860116,-0.223939,0.0732398,0.493364,0.508037,0.320184,0.555199,0.644522,-0.416926,0.103427,0.534726,0.148431,-0.29567,-0.538528,-0.409155,0.674654,22.980184913917213,3.839269676006911,30.91673173236639,23.306969829199232,-4.016479584077959,2.763044475719055
2.6130833625793457,-2.22896,-2.95135,1.78827,0.0505445,0.0860116,-0.223939,0.0732398,0.493364,0.508037,0.320184,0.555199,0.644522,-0.416926,0.103427,0.534726,0.148431,-0.29567,-0.538528,-0.409155,0.674654,22.980184913917213,3.839269676006911,30.91673173236639,23.306969829199232,-4.016479584077959,2.763044475719055
2.7187728881835938,-3.09015,-2.64667,2.70351,0.227696,0.212718,-0.240085,0.0733868,0.493259,0.508085,0.321792,0.554492,0.644738,-0.416296,0.108066,0.546489,0.163142,-0.271068,-0.549445,-0.425233,0.66619,19.211980743332237,4.319159220588119,31.476108050176553,27.44013737263955,-2.894669701601116,0.5116841363569149
2.719728469848633,-3.09015,-2.64667,2.70351,0.227696,0.212718,-0.240085,0.0733868,0.493259,0.508085,0.321792,0.554492,0.644738,-0.416296,0.108066,0.546489,0.163142,-0.271068,-0.549445,-0.425233,0.66619,19.211980743332237,4.319159220588119,31.476108050176553,27.44013737263955,-2.894669701601116,0.5116841363569149
2.8249971866607666,-1.9,-1.76006,1.07406,0.429463,0.801761,-0.172033,0.0737813,0.493077,0.508265,0.320255,0.555364,0.64484,-0.416159,0.111014,0.55977,0.180686,-0.240966,-0.56619,-0.450247,0.647025,14.201153413409335,5.735002462656015,30.956953664892357,28.76752554687102,-3.2232734642089507,2.654574342802415
2.825963258743286,-1.9,-1.76006,1.07406,0.429463,0.801761,-0.172033,0.0737813,0.493077,0.508265,0.320255,0.555364,0.64484,-0.416159,0.111014,0.55977,0.180686,-0.240966,-0.56619,-0.450247,0.647025,14.201153413409335,5.735002462656015,30.956953664892357,28.76752554687102,-3.2232734642089507,2.654574342802415
2.9322099685668945,-1.71928,-2.59102,-0.541955,0.410219,0.96913,-0.354923,0.0736341,0.49323,0.50844,0.32014,0.555709,0.644542,-0.416249,0.106111,0.570113,0.194018,-0.226275,-0.574112,-0.474794,0.627507,10.446208123094289,6.570812063539409,29.377979509324597,29.774685987610034,-6.073571102979737,6.073505164972383
2.933168649673462,-1.71928,-2.59102,-0.541955,0.410219,0.96913,-0.354923,0.0736341,0.49323,0.50844,0.32014,0.555709,0.644542,-0.416249,0.106111,0.570113,0.194018,-0.226275,-0.574112,-0.474794,0.627507,10.446208123094289,6.570812063539409,29.377979509324597,29.774685987610034,-6.073571102979737,6.073505164972383
3.0392508506774902,-1.64007,-2.6775,2.94617,0.259339,-0.118711,-0.325177,0.0727778,0.493498,0.508399,0.319839,0.554096,0.645446,-0.417229,0.101665,0.577709,0.203183,-0.209275,-0.570413,-0.494631,0.621428,7.471990604419831,5.851371997747971,29.06099061714143,31.154934336919915,-4.925476100203288,7.6765110660777385
3.0402140617370605,-1.64007,-2.6775,2.94617,0.259339,-0.118711,-0.325177,0.0727778,0.493498,0.508399,0.319839,0.554096,0.645446,-0.417229,0.101665,0.577709,0.203183,-0.209275,-0.570413,-0.494631,0.621428,7.471990604419831,5.851371997747971,29.06099061714143,31.154934336919915,-4.925476100203288,7.6765110660777385
3.144927978515625,-1.5555,-3.33395,2.9578,0.063469,-0.0696135,-0.510988,0.0732071,0.493363,0.508595,0.321485,0.554197,0.644701,-0.416981,0.0982538,0.588163,0.219639,-0.179413,-0.572379,-0.521766,0.606591,2.399439575322579,5.266160494366586,28.816558644020382,33.2497338967865,-6.8702150655569945,12.314520734282112
3.1459522247314453,-1.5555,-3.33395,2.9578,0.063469,-0.0696135,-0.510988,0.0732071,0.493363,0.508595,0.321485,0.554197,0.644701,-0.416981,0.0982538,0.588163,0.219639,-0.179413,-0.572379,-0.521766,0.606591,2.399439575322579,5.266160494366586,28.816558644020382,33.2497338967865,-6.8702150655569945,12.314520734282112
3.2505342960357666,-1.57131,-3.10893,2.4304,0.0729308,0.0723731,-0.508157,0.0730493,0.49344,0.508676,0.321643,0.554028,0.644803,-0.416927,0.0946354,0.599468,0.244667,0.161273,0.576808,0.555655,-0.576655,-2.650947410314032,5.63647753963517,26.362329134584666,36.19363555003925,-6.414876131432455,12.86474527852667
3.251455307006836,-1.57131,-3.10893,2.4304,0.0729308,0.0723731,-0.508157,0.0730493,0.49344,0.508676,0.321643,0.554028,0.644803,-0.416927,0.0946354,0.599468,0.244667,0.161273,0.576808,0.555655,-0.576655,-2.650947410314032,5.63647753963517,26.362329134584666,36.19363555003925,-6.414876131432455,12.86474527852667
3.3716342449188232,-2.36449,-2.26946,1.69253,0.308424,0.422577,-0.409477,0.0732022,0.493509,0.509181,0.319319,0.555095,0.64695,-0.413958,0.0925969,0.610451,0.275901,0.128683,0.58552,0.59302,-0.537526,-9.16411351637603,6.22630590786967,24.45646137289947,37.73131184259273,-7.283541410859746,15.817951403150406
3.3725996017456055,-2.36449,-2.26946,1.69253,0.308424,0.422577,-0.409477,0.0732022,0.493509,0.509181,0.319319,0.555095,0.64695,-0.413958,0.0925969,0.610451,0.275901,0.128683,0.58552,0.59302,-0.537526,-9.16411351637603,6.22630590786967,24.45646137289947,37.73131184259273,-7.283541410859746,15.817951403150406
3.479382276535034,-3.38582,-2.48066,1.68123,0.464918,0.790788,-0.634844,0.0731281,0.493767,0.510691,0.319012,0.555177,0.646826,-0.414277,0.096325,0.614496,0.295806,0.0810789,0.580099,0.611545,-0.531906,-14.48799527492529,4.592068847083066,26.147667405597346,39.55332642348496,-6.416727446436073,18.74029239755023
3.480356216430664,-3.38582,-2.48066,1.68123,0.464918,0.790788,-0.634844,0.0731281,0.493767,0.510691,0.319012,0.555177,0.646826,-0.414277,0.096325,0.614496,0.295806,0.0810789,0.580099,0.611545,-0.531906,-14.48799527492529,4.592068847083066,26.147667405597346,39.55332642348496,-6.416727446436073,18.74029239755023
3.587951183319092,-8.39471,-3.80235,1.36067,0.171279,1.40299,-1.07359,0.073677,0.493519,0.51105,0.319159,0.555271,0.646397,-0.414708,0.0960036,0.617451,0.312455,0.0537179,0.57833,0.631125,-0.514131,-18.863903127284388,3.9504414922804996,25.66374947840193,39.53598014316559,-6.684281203298143,23.549114466914524
3.5889182090759277,-8.39471,-3.80235,1.36067,0.171279,1.40299,-1.07359,0.073677,0.493519,0.51105,0.319159,0.555271,0.646397,-0.414708,0.0960036,0.617451,0.312455,0.0537179,0.57833,0.631125,-0.514131,-18.863903127284388,3.9504414922804996,25.66374947840193,39.53598014316559,-6.684281203298143,23.549114466914524
3.6959660053253174,-0.0978293,0.207298,2.08397,0.338724,-0.17815,0.157988,0.0734393,0.493311,0.507946,0.320585,0.554335,0.645227,-0.416679,0.0635051,0.621006,0.344517,0.125722,0.594298,0.67988,-0.410812,-21.630805903488376,7.2002682346052955,11.737405709386968,41.74961842011402,-9.07601387483863,24.05439454734552
3.6969335079193115,-0.0978293,0.207298,2.08397,0.338724,-0.17815,0.157988,0.0734393,0.493311,0.507946,0.320585,0.554335,0.645227,-0.416679,0.0635051,0.621006,0.344517,0.125722,0.594298,0.67988,-0.410812,-21.630805903488376,7.2002682346052955,11.737405709386968,41.74961842011402,-9.07601387483863,24.05439454734552
3.8033273220062256,-2.14159,-0.993981,1.14382,0.17724,-0.0133589,-0.250143,0.0740026,0.493279,0.509199,0.31958,0.554727,0.645692,-0.416207,0.0238009,0.617388,0.370129,0.191504,0.600507,0.717285,-0.297018,-25.336039448873027,9.66723322841579,-2.157042308544236,38.51205256572933,-12.872824680235507,27.31129551018181
3.8043432235717773,-2.14159,-0.993981,1.14382,0.17724,-0.0133589,-0.250143,0.0740026,0.493279,0.509199,0.31958,0.554727,0.645692,-0.416207,0.0238009,0.617388,0.370129,0.191504,0.600507,0.717285,-0.297018,-25.336039448873027,9.66723322841579,-2.157042308544236,38.51205256572933,-12.872824680235507,27.31129551018181
3.911254405975342,-2.49062,1.75125,1.70236,0.653605,-0.214028,0.0864387,0.0739207,0.49342,0.509852,0.318691,0.556069,0.645685,-0.415107,-0.0168045,0.60923,0.379386,0.269808,0.584766,0.741031,-0.190066,-26.930599460105896,10.47887186034939,-17.101836463570717,39.303649977640546,-10.644825390265549,26.458668607146233
3.912226676940918,-2.49062,1.75125,1.70236,0.653605,-0.214028,0.0864387,0.0739207,0.49342,0.509852,0.318691,0.556069,0.645685,-0.415107,-0.0168045,0.60923,0.379386,0.269808,0.584766,0.741031,-0.190066,-26.930599460105896,10.47887186034939,-17.101836463570717,39.303649977640546,-10.644825390265549,26.458668607146233
4.019402980804443,-2.58789,2.07467,1.94151,1.04539,-0.160127,-0.06092,0.0736326,0.493315,0.509501,0.320532,0.55616,0.644498,-0.415412,-0.0385594,0.602491,0.372945,0.313856,0.565921,0.749602,-0.139015,-27.03187777556695,10.219149779275279,-25.204072731584596,38.109873740014265,-8.02201628022263,28.1155587934813
4.020376920700073,-2.58789,2.07467,1.94151,1.04539,-0.160127,-0.06092,0.0736326,0.493315,0.509501,0.320532,0.55616,0.644498,-0.415412,-0.0385594,0.602491,0.372945,0.313856,0.565921,0.749602,-0.139015,-27.03187777556695,10.219149779275279,-25.204072731584596,38.109873740014265,-8.02201628022263,28.1155587934813
4.127688407897949,-1.97846,2.11948,2.57845,1.32396,-0.266183,-0.269644,0.0736804,0.493229,0.509405,0.320526,0.556189,0.644316,-0.415661,-0.0569803,0.594392,0.361225,0.359205,0.545794,0.74983,-0.104091,-25.47197327563478,10.648942584104505,-31.849670995043166,37.59572331470644,-8.55683781775149,24.901910386151982
4.128664970397949,-1.97846,2.11948,2.57845,1.32396,-0.266183,-0.269644,0.0736804,0.493229,0.509405,0.320526,0.556189,0.644316,-0.415661,-0.0569803,0.594392,0.361225,0.359205,0.545794,0.74983,-0.104091,-25.47197327563478,10.648942584104505,-31.849670995043166,37.59572331470644,-8.55683781775149,24.901910386151982
4.2357707023620605,-1.09522,1.7907,2.48137,1.41819,-0.437622,-0.393084,0.0737103,0.493149,0.509224,0.32119,0.556897,0.643434,-0.415567,-0.0708968,0.587799,0.346579,0.397256,0.522387,0.749875,-0.0835937,-23.219356529039928,10.566392791795485,-37.079966450645415,37.47836981211434,-8.442580862556605,23.068656858589012
4.236737966537476,-1.09522,1.7907,2.48137,1.41819,-0.437622,-0.393084,0.0737103,0.493149,0.509224,0.32119,0.556897,0.643434,-0.415567,-0.0708968,0.587799,0.346579,0.397256,0.522387,0.749875,-0.0835937,-23.219356529039928,10.566392791795485,-37.079966450645415,37.47836981211434,-8.442580862556605,23.068656858589012
4.358022928237915,0.169434,1.29858,1.85473,1.46816,-0.477443,-0.505267,0.073803,0.492998,0.508571,0.321571,0.555319,0.64434,-0.415979,-0.0790727,0.58216,0.332105,0.42111,0.504198,0.749802,-0.0790509,-21.022770386845906,10.654800612517917,-39.74723354209075,35.11343049916993,-8.632579162449723,22.33327093730611
4.358978748321533,0.169434,1.29858,1.85473,1.46816,-0.477443,-0.505267,0.073803,0.492998,0.508571,0.321571,0.555319,0.64434,-0.415979,-0.0790727,0.58216,0.332105,0.42111,0.504198,0.749802,-0.0790509,-21.022770386845906,10.654800612517917,-39.74723354209075,35.11343049916993,-8.632579162449723,22.33327093730611
4.465935945510864,0.977715,0.79578,0.46005,1.6064,-0.31696,-0.586014,0.0740627,0.492764,0.507978,0.322389,0.556133,0.643175,-0.416062,-0.0845262,0.577214,0.317472,0.443381,0.485751,0.748883,-0.0814462,-18.38885630660822,10.412652240012935,-41.842559053056995,33.73790108268054,-8.565637663408973,21.36838495810379
4.466897010803223,0.977715,0.79578,0.46005,1.6064,-0.31696,-0.586014,0.0740627,0.492764,0.507978,0.322389,0.556133,0.643175,-0.416062,-0.0845262,0.577214,0.317472,0.443381,0.485751,0.748883,-0.0814462,-18.38885630660822,10.412652240012935,-41.842559053056995,33.73790108268054,-8.565637663408973,21.36838495810379
4.575237989425659,3.09468,-0.131107,0.267022,1.37342,-0.395871,-0.558832,0.0739059,0.492728,0.507354,0.322575,0.554971,0.644476,-0.415455,-0.0849193,0.575435,0.300688,0.468407,0.470834,0.741285,-0.0969879,-14.573960709852546,11.405168733195692,-42.33085132837559,34.31735873259927,-8.24917406922907,18.57183782314556
4.57619833946228,3.09468,-0.131107,0.267022,1.37342,-0.395871,-0.558832,0.0739059,0.492728,0.507354,0.322575,0.554971,0.644476,-0.415455,-0.0849193,0.575435,0.300688,0.468407,0.470834,0.741285,-0.0969879,-14.573960709852546,11.405168733195692,-42.33085132837559,34.31735873259927,-8.24917406922907,18.57183782314556
4.684539556503296,1.16915,-0.633098,-0.624474,1.44063,0.222421,-0.534288,0.0747822,0.492273,0.506745,0.323279,0.555348,0.642963,-0.416746,-0.0860427,0.567975,0.275547,0.500505,0.444899,0.73309,-0.118903,-9.38714130915558,11.765025752664572,-43.63097950338231,31.97883159276195,-7.350147040278924,16.994914508681106
4.685511350631714,1.16915,-0.633098,-0.624474,1.44063,0.222421,-0.534288,0.0747822,0.492273,0.506745,0.323279,0.555348,0.642963,-0.416746,-0.0860427,0.567975,0.275547,0.500505,0.444899,0.73309,-0.118903,-9.38714130915558,11.765025752664572,-43.63097950338231,31.97883159276195,-7.350147040278924,16.994914508681106
4.794306039810181,1.73245,-1.048,-0.380264,1.29739,0.222373,-0.572953,0.074489,0.492402,0.506756,0.321526,0.555772,0.643146,-0.417254,-0.0849211,0.56183,0.252401,0.53024,0.425549,0.719435,-0.142011,-4.225046872039902,12.982259981539391,-44.2907806774381,29.344556399530973,-6.643278398138551,14.719876722269978
4.7952492237091064,1.73245,-1.048,-0.380264,1.29739,0.222373,-0.572953,0.074489,0.492402,0.506756,0.321526,0.555772,0.643146,-0.417254,-0.0849211,0.56183,0.252401,0.53024,0.425549,0.719435,-0.142011,-4.225046872039902,12.982259981539391,-44.2907806774381,29.344556399530973,-6.643278398138551,14.719876722269978
4.904454708099365,3.24078,-2.0312,-1.2634,1.24673,0.320562,-0.719059,0.0749155,0.492109,0.506315,0.323319,0.555738,0.641915,-0.41781,-0.0857173,0.551257,0.232618,0.560783,0.400059,0.706784,-0.161032,0.6936300045010015,13.685729209264904,-45.5761491681163,28.93123234008298,-8.35187089030997,10.863314461427475
4.905424118041992,3.24078,-2.0312,-1.2634,1.24673,0.320562,-0.719059,0.0749155,0.492109,0.506315,0.323319,0.555738,0.641915,-0.41781,-0.0857173,0.551257,0.232618,0.560783,0.400059,0.706784,-0.161032,0.6936300045010015,13.685729209264904,-45.5761491681163,28.93123234008298,-8.35187089030997,10.863314461427475
5.01446270942688,3.30354,-3.34649,-0.372879,0.843528,0.194502,-1.09815,0.073977,0.492311,0.504963,0.323654,0.55395,0.642882,-0.418437,-0.08311,0.54653,0.215447,0.583356,0.384888,0.69316,-0.176312,4.428201097223577,15.01296858792593,-46.157831608544406,29.539826667944936,-6.734165556470768,10.041770397332659
5.015437841415405,3.30354,-3.34649,-0.372879,0.843528,0.194502,-1.09815,0.073977,0.492311,0.504963,0.323654,0.55395,0.642882,-0.418437,-0.08311,0.54653,0.215447,0.583356,0.384888,0.69316,-0.176312,4.428201097223577,15.01296858792593,-46.157831608544406,29.539826667944936,-6.734165556470768,10.041770397332659
5.124366998672485,6.34286,-1.3821,-2.67181,1.35643,0.341413,-0.58107,0.0748412,0.492128,0.505742,0.323444,0.554336,0.642215,-0.419114,-0.0815758,0.536559,0.200888,0.598937,0.366521,0.686399,-0.189191,7.613025592471706,15.035233648828696,-47.04559898465751,25.405980902151413,-5.009314599717543,11.450885768168192
5.125331878662109,6.34286,-1.3821,-2.67181,1.35643,0.341413,-0.58107,0.0748412,0.492128,0.505742,0.323444,0.554336,0.642215,-0.419114,-0.0815758,0.536559,0.200888,0.598937,0.366521,0.686399,-0.189191,7.613025592471706,15.035233648828696,-47.04559898465751,25.405980902151413,-5.009314599717543,11.450885768168192
5.234822034835815,3.09632,-3.67352,1.06842,0.641185,-0.000555347,-1.17271,0.0743418,0.492097,0.504527,0.323612,0.553169,0.643067,-0.419218,-0.0735559,0.533097,0.183135,0.618531,0.360817,0.663296,-0.217416,12.03298943097187,16.91184486222957,-45.93589906757664,25.83162261803844,-5.7044435852761195,10.162486967258165
5.235790491104126,3.09632,-3.67352,1.06842,0.641185,-0.000555347,-1.17271,0.0743418,0.492097,0.504527,0.323612,0.553169,0.643067,-0.419218,-0.0735559,0.533097,0.183135,0.618531,0.360817,0.663296,-0.217416,12.03298943097187,16.91184486222957,-45.93589906757664,25.83162261803844,-5.7044435852761195,10.162486967258165
5.3590288162231445,4.46619,-3.45816,-0.518716,0.652675,0.231667,-0.990982,0.0745409,0.492008,0.504053,0.323516,0.553598,0.641736,-0.420763,-0.0619356,0.522602,0.157712,0.643893,0.341639,0.630124,-0.267636,19.67187045440846,17.944882849645662,-44.468219896414155,26.936244403922416,-5.223589264911636,8.492963661858838
5.3600006103515625,4.46619,-3.45816,-0.518716,0.652675,0.231667,-0.990982,0.0745409,0.492008,0.504053,0.323516,0.553598,0.641736,-0.420763,-0.0619356,0.522602,0.157712,0.643893,0.341639,0.630124,-0.267636,19.67187045440846,17.944882849645662,-44.468219896414155,26.936244403922416,-5.223589264911636,8.492963661858838
5.469680547714233,2.56091,-2.67677,-0.181837,0.614285,0.322808,-0.853353,0.074021,0.492357,0.504913,0.323161,0.55399,0.642166,-0.419864,-0.0493235,0.514805,0.139387,0.66513,0.330424,0.598995,-0.299379,25.541200595731446,19.275107623908447,-43.86683852631429,27.645197065607245,-3.2493163546242783,7.598124908902842
5.4706337451934814,2.56091,-2.67677,-0.181837,0.614285,0.322808,-0.853353,0.074021,0.492357,0.504913,0.323161,0.55399,0.642166,-0.419864,-0.0493235,0.514805,0.139387,0.66513,0.330424,0.598995,-0.299379,25.541200595731446,19.275107623908447,-43.86683852631429,27.645197065607245,-3.2493163546242783,7.598124908902842
5.580379486083984,1.71896,-2.8936,1.31918,0.507434,0.0655037,-0.918251,0.0740498,0.492343,0.504916,0.322678,0.554076,0.642781,-0.419179,-0.0343284,0.50473,0.120407,0.680729,0.324571,0.560732,-0.34182,32.102588871309905,20.16686439984628,-41.869592528996165,27.566847541380035,-3.7503842594336576,6.5052439646866205
5.581338882446289,1.71896,-2.8936,1.31918,0.507434,0.0655037,-0.918251,0.0740498,0.492343,0.504916,0.322678,0.554076,0.642781,-0.419179,-0.0343284,0.50473,0.120407,0.680729,0.324571,0.560732,-0.34182,32.102588871309905,20.16686439984628,-41.869592528996165,27.566847541380035,-3.7503842594336576,6.5052439646866205
5.690575838088989,1.59099,-1.84016,2.06428,0.583849,0.0110662,-0.67158,0.0746336,0.492066,0.504369,0.323277,0.553796,0.642357,-0.419736,-0.0177672,0.491815,0.102992,0.697661,0.310802,0.521797,-0.379999,38.80821927552989,20.49693739764715,-40.96227804884498,29.670904629265973,-0.7139395854635859,4.747730213722508
5.691535949707031,1.59099,-1.84016,2.06428,0.583849,0.0110662,-0.67158,0.0746336,0.492066,0.504369,0.323277,0.553796,0.642357,-0.419736,-0.0177672,0.491815,0.102992,0.697661,0.310802,0.521797,-0.379999,38.80821927552989,20.49693739764715,-40.96227804884498,29.670904629265973,-0.7139395854635859,4.747730213722508
5.801167249679565,-2.17993,-0.0368593,4.31347,0.670145,-0.277053,-0.167777,0.0745045,0.492229,0.505021,0.32371,0.554716,0.642521,-0.417933,-0.00986647,0.492031,0.0994948,0.698421,0.320133,0.505953,-0.39209,40.316466399093954,20.940980945843126,-39.54949223400405,29.878150877782712,-2.0447398261505407,4.558381861849708
5.80211329460144,-2.17993,-0.0368593,4.31347,0.670145,-0.277053,-0.167777,0.0745045,0.492229,0.505021,0.32371,0.554716,0.642521,-0.417933,-0.00986647,0.492031,0.0994948,0.698421,0.320133,0.505953,-0.39209,40.316466399093954,20.940980945843126,-39.54949223400405,29.878150877782712,-2.0447398261505407,4.558381861849708
5.911885499954224,-4.59015,2.83329,6.12714,0.842512,-0.852953,0.454524,0.0730326,0.492731,0.505344,0.323977,0.553665,0.643609,-0.417446,-0.00604396,0.503219,0.104183,0.68836,0.341828,0.506984,-0.390233,38.46878430120774,21.634391722658606,-37.53476939907605,31.197822390732842,-1.2369714350043925,5.583294082024755
5.912843704223633,-4.59015,2.83329,6.12714,0.842512,-0.852953,0.454524,0.0730326,0.492731,0.505344,0.323977,0.553665,0.643609,-0.417446,-0.00604396,0.503219,0.104183,0.68836,0.341828,0.506984,-0.390233,38.46878430120774,21.634391722658606,-37.53476939907605,31.197822390732842,-1.2369714350043925,5.583294082024755
6.023451328277588,-5.29751,1.8539,5.5734,0.717365,-0.577326,0.178853,0.0747333,0.492329,0.506655,0.322172,0.555909,0.643205,-0.416483,-0.0103454,0.512443,0.1147,0.67342,0.347195,0.528905,-0.382388,35.49209486871669,20.297186886511454,-36.680991547753855,31.370815980754934,0.635687057295713,5.66609794275327
6.024406671524048,-5.29751,1.8539,5.5734,0.717365,-0.577326,0.178853,0.0747333,0.492329,0.506655,0.322172,0.555909,0.643205,-0.416483,-0.0103454,0.512443,0.1147,0.67342,0.347195,0.528905,-0.382388,35.49209486871669,20.297186886511454,-36.680991547753855,31.370815980754934,0.635687057295713,5.66609794275327
6.135495901107788,-6.82908,1.35698,8.7914,0.602404,-0.854261,0.060574,0.0734302,0.492239,0.5027,0.324693,0.553749,0.642844,-0.417957,-0.0175465,0.51425,0.117234,0.669349,0.349485,0.543514,-0.36664,32.77835800100854,20.359610929868342,-37.286010777684055,30.351962948772293,-0.22426427385553915,6.834133938999157
6.136467456817627,-6.82908,1.35698,8.7914,0.602404,-0.854261,0.060574,0.0734302,0.492239,0.5027,0.324693,0.553749,0.642844,-0.417957,-0.0175465,0.51425,0.117234,0.669349,0.349485,0.543514,-0.36664,32.77835800100854,20.359610929868342,-37.286010777684055,30.351962948772293,-0.22426427385553915,6.834133938999157
6.2481443881988525,-2.73955,0.0104656,5.21883,0.398675,-0.52946,-0.0253455,0.0722333,0.493636,0.508035,0.322144,0.554239,0.644974,-0.415993,-0.0214678,0.536971,0.141358,0.604279,0.397925,0.552475,-0.413853,29.248889416287657,16.528523596815507,-25.45848583298326,32.00743561537846,-14.349076466646194,3.4752017943491746
6.249104738235474,-2.73955,0.0104656,5.21883,0.398675,-0.52946,-0.0253455,0.0722333,0.493636,0.508035,0.322144,0.554239,0.644974,-0.415993,-0.0214678,0.536971,0.141358,0.604279,0.397925,0.552475,-0.413853,29.248889416287657,16.528523596815507,-25.45848583298326,32.00743561537846,-14.349076466646194,3.4752017943491746
6.378772497177124,-4.57152,1.27356,6.88195,0.609726,-0.350386,0.0539324,0.0730014,0.492646,0.503639,0.323607,0.552759,0.643832,-0.418589,-0.0315036,0.553081,0.173267,0.562634,0.427356,0.612352,-0.354731,17.356618487191586,16.042971771950107,-26.852514686835658,24.941151038286065,-10.073039549059178,9.466835140566001
6.379743814468384,-4.57152,1.27356,6.88195,0.609726,-0.350386,0.0539324,0.0730014,0.492646,0.503639,0.323607,0.552759,0.643832,-0.418589,-0.0315036,0.553081,0.173267,0.562634,0.427356,0.612352,-0.354731,17.356618487191586,16.042971771950107,-26.852514686835658,24.941151038286065,-10.073039549059178,9.466835140566001
6.491365194320679,0.583711,1.93773,2.04277,0.730899,-0.184555,0.200115,0.0756104,0.491965,0.506469,0.322423,0.554874,0.643595,-0.417065,-0.0498326,0.550431,0.181755,0.598164,0.403256,0.630574,-0.286287,15.273645688232001,17.980711089741618,-36.476154585150574,30.10374877882922,-11.420564965610742,6.66683918221961
6.492328882217407,0.583711,1.93773,2.04277,0.730899,-0.184555,0.200115,0.0756104,0.491965,0.506469,0.322423,0.554874,0.643595,-0.417065,-0.0498326,0.550431,0.181755,0.598164,0.403256,0.630574,-0.286287,15.273645688232001,17.980711089741618,-36.476154585150574,30.10374877882922,-11.420564965610742,6.66683918221961
6.604000091552734,-0.300552,1.55005,1.42241,0.85864,0.23459,0.0593941,0.0749751,0.492445,0.508041,0.321241,0.555929,0.643815,-0.416233,-0.0458029,0.540303,0.165588,0.629996,0.386002,0.611253,-0.283685,19.04077984831945,20.075281181170524,-39.74842325352877,27.92380916634569,-8.804088675972578,6.786899919673976
6.604954242706299,-0.300552,1.55005,1.42241,0.85864,0.23459,0.0593941,0.0749751,0.492445,0.508041,0.321241,0.555929,0.643815,-0.416233,-0.0458029,0.540303,0.165588,0.629996,0.386002,0.611253,-0.283685,19.04077984831945,20.075281181170524,-39.74842325352877,27.92380916634569,-8.804088675972578,6.786899919673976
6.716878414154053,-4.17701,-0.600627,8.94346,0.41002,-0.780024,-0.179064,0.072375,0.492739,0.502854,0.324021,0.553772,0.642812,-0.418497,-0.0403047,0.52627,0.142615,0.642384,0.363347,0.590055,-0.32735,24.926002452970856,18.963845622035205,-37.8928288023465,27.253057350500725,-6.3024011787593395,6.447691222141794
6.717844724655151,-4.17701,-0.600627,8.94346,0.41002,-0.780024,-0.179064,0.072375,0.492739,0.502854,0.324021,0.553772,0.642812,-0.418497,-0.0403047,0.52627,0.142615,0.642384,0.363347,0.590055,-0.32735,24.926002452970856,18.963845622035205,-37.8928288023465,27.253057350500725,-6.3024011787593395,6.447691222141794
6.830132722854614,0.153989,-1.07644,7.95584,0.384313,-0.62459,-0.0824277,0.0731321,0.492852,0.505569,0.321443,0.554207,0.644331,-0.417572,-0.0359675,0.516498,0.136201,0.633818,0.363657,0.574928,-0.368084,28.451533474892276,17.430277790075408,-33.72985777490684,20.05341514510564,-11.355086009615963,6.452529591443111
6.831093072891235,0.153989,-1.07644,7.95584,0.384313,-0.62459,-0.0824277,0.0731321,0.492852,0.505569,0.321443,0.554207,0.644331,-0.417572,-0.0359675,0.516498,0.136201,0.633818,0.363657,0.574928,-0.368084,28.451533474892276,17.430277790075408,-33.72985777490684,20.05341514510564,-11.355086009615963,6.452529591443111
6.943548679351807,0.123956,1.28593,3.61989,0.695044,0.13665,0.0925357,0.0746086,0.492335,0.50614,0.322507,0.55527,0.643294,-0.416938,-0.0243253,0.513467,0.140863,0.613845,0.374453,0.57501,-0.390313,28.01903345271144,15.579738988464063,-29.601016085762563,11.868884980888676,-7.89394937938586,5.77056270169315
6.944512844085693,0.123956,1.28593,3.61989,0.695044,0.13665,0.0925357,0.0746086,0.492335,0.50614,0.322507,0.55527,0.643294,-0.416938,-0.0243253,0.513467,0.140863,0.613845,0.374453,0.57501,-0.390313,28.01903345271144,15.579738988464063,-29.601016085762563,11.868884980888676,-7.89394937938586,5.77056270169315
7.057548761367798,1.01897,1.10425,5.24688,0.799546,-0.252439,-0.0361167,0.0753168,0.491941,0.505498,0.323268,0.55493,0.642765,-0.417616,-0.0222677,0.499275,0.127966,0.639551,0.350458,0.564711,-0.386337,31.091042756564775,16.38426707776197,-33.034257552818445,9.86847187148048,-3.88652834815027,7.793791475217823
7.058516025543213,1.01897,1.10425,5.24688,0.799546,-0.252439,-0.0361167,0.0753168,0.491941,0.505498,0.323268,0.55493,0.642765,-0.417616,-0.0222677,0.499275,0.127966,0.639551,0.350458,0.564711,-0.386337,31.091042756564775,16.38426707776197,-33.034257552818445,9.86847187148048,-3.88652834815027,7.793791475217823
7.1709887981414795,0.597551,1.45611,2.86703,0.987885,0.190363,0.140298,0.0739189,0.492571,0.506207,0.322617,0.55498,0.644284,-0.415708,-0.0250041,0.4752,0.111327,0.674918,0.312267,0.542647,-0.390525,37.17541102137746,17.125284091201067,-37.34170467345172,6.11889464800872,-5.902593347342753,7.666845293483391
7.1719582080841064,0.597551,1.45611,2.86703,0.987885,0.190363,0.140298,0.0739189,0.492571,0.506207,0.322617,0.55498,0.644284,-0.415708,-0.0250041,0.4752,0.111327,0.674918,0.312267,0.542647,-0.390525,37.17541102137746,17.125284091201067,-37.34170467345172,6.11889464800872,-5.902593347342753,7.666845293483391
7.283955335617065,-0.336263,-0.525659,4.3135,0.655272,0.0186576,-0.159507,0.0752058,0.491902,0.504782,0.324634,0.553944,0.642495,-0.418281,-0.0274312,0.443415,0.0953453,0.708071,0.256733,0.52196,-0.400351,43.71015843362934,16.783502552037806,-42.389925435019514,5.693703778880106,-5.597618303657821,7.717102619655636
7.284868240356445,-0.336263,-0.525659,4.3135,0.655272,0.0186576,-0.159507,0.0752058,0.491902,0.504782,0.324634,0.553944,0.642495,-0.418281,-0.0274312,0.443415,0.0953453,0.708071,0.256733,0.52196,-0.400351,43.71015843362934,16.783502552037806,-42.389925435019514,5.693703778880106,-5.597618303657821,7.717102619655636
7.412468671798706,0.433002,-1.18538,3.70247,0.531855,0.21485,-0.22021,0.0747542,0.491947,0.50462,0.322759,0.553844,0.643081,-0.418963,-0.0238439,0.40665,0.0839169,0.735424,0.205207,0.488269,-0.422653,51.98757057060567,16.399543366294452,-46.77392374213688,-0.894213607703803,-5.394633053675312,7.193991291656017
7.413424015045166,0.433002,-1.18538,3.70247,0.531855,0.21485,-0.22021,0.0747542,0.491947,0.50462,0.322759,0.553844,0.643081,-0.418963,-0.0238439,0.40665,0.0839169,0.735424,0.205207,0.488269,-0.422653,51.98757057060567,16.399543366294452,-46.77392374213688,-0.894213607703803,-5.394633053675312,7.193991291656017
7.5260069370269775,1.48321,-0.441948,4.62125,0.60605,0.101599,-0.118806,0.0755987,0.491726,0.505118,0.322727,0.553774,0.643211,-0.418881,-0.0133744,0.387196,0.076833,0.748725,0.184143,0.459539,-0.440824,57.03201293109872,16.348270945633665,-48.75693680940485,-3.2613699844105906,-3.397393177981712,9.267985099428502
7.526978015899658,1.48321,-0.441948,4.62125,0.60605,0.101599,-0.118806,0.0755987,0.491726,0.505118,0.322727,0.553774,0.643211,-0.418881,-0.0133744,0.387196,0.076833,0.748725,0.184143,0.459539,-0.440824,57.03201293109872,16.348270945633665,-48.75693680940485,-3.2613699844105906,-3.397393177981712,9.267985099428502
7.640545845031738,2.03925,0.319847,5.76981,0.742606,-0.249696,-0.0185317,0.0747258,0.491944,0.50454,0.32403,0.554112,0.642537,-0.418461,-0.00172106,0.371067,0.0698571,0.7637,0.1713,0.425287,-0.454478,61.74898199221928,17.084221500483842,-51.837479477386466,-3.8983871811215574,-3.0761697414571634,10.42826238708465
7.641502380371094,2.03925,0.319847,5.76981,0.742606,-0.249696,-0.0185317,0.0747258,0.491944,0.50454,0.32403,0.554112,0.642537,-0.418461,-0.00172106,0.371067,0.0698571,0.7637,0.1713,0.425287,-0.454478,61.74898199221928,17.084221500483842,-51.837479477386466,-3.8983871811215574,-3.0761697414571634,10.42826238708465
7.755117416381836,2.75227,-0.0305183,4.49578,0.663683,0.00243061,-0.0255894,0.0757049,0.491597,0.504855,0.323578,0.554046,0.642191,-0.41943,0.00577969,0.355058,0.0674614,0.773059,0.152518,0.402686,-0.465792,65.64960052999452,17.04007783497185,-55.1700542219113,-5.115218996690155,-1.456244251426523,11.595493228898626
7.756081581115723,2.75227,-0.0305183,4.49578,0.663683,0.00243061,-0.0255894,0.0757049,0.491597,0.504855,0.323578,0.554046,0.642191,-0.41943,0.00577969,0.355058,0.0674614,0.773059,0.152518,0.402686,-0.465792,65.64960052999452,17.04007783497185,-55.1700542219113,-5.115218996690155,-1.456244251426523,11.595493228898626
7.8694727420806885,2.01566,-0.301919,4.09817,0.79783,0.118772,-0.164021,0.0750968,0.491917,0.505381,0.324291,0.554194,0.642093,-0.418832,0.0085825,0.341206,0.0672999,0.783161,0.134688,0.38774,-0.467092,68.43030673900952,17.321380595539257,-59.459970217133055,-7.1948067242076466,-2.284943712756675,12.51942638574538
7.870431661605835,2.01566,-0.301919,4.09817,0.79783,0.118772,-0.164021,0.0750968,0.491917,0.505381,0.324291,0.554194,0.642093,-0.418832,0.0085825,0.341206,0.0672999,0.783161,0.134688,0.38774,-0.467092,68.43030673900952,17.321380595539257,-59.459970217133055,-7.1948067242076466,-2.284943712756675,12.51942638574538
7.9840850830078125,0.78672,-0.711626,4.82567,0.760083,-0.0211903,-0.367617,0.0751497,0.491891,0.504782,0.324836,0.553881,0.642079,-0.418846,0.00510249,0.323991,0.0694288,0.78995,0.100644,0.384253,-0.467118,71.0149901801758,16.559151593086444,-64.3376399472583,-9.493602706448927,-1.846947689193939,12.932004300022035
7.985049486160278,0.78672,-0.711626,4.82567,0.760083,-0.0211903,-0.367617,0.0751497,0.491891,0.504782,0.324836,0.553881,0.642079,-0.418846,0.00510249,0.323991,0.0694288,0.78995,0.100644,0.384253,-0.467118,71.0149901801758,16.559151593086444,-64.3376399472583,-9.493602706448927,-1.846947689193939,12.932004300022035
8.099113464355469,1.12224,-2.70528,4.65114,0.379393,-0.233378,-0.785353,0.0748953,0.491863,0.504225,0.324026,0.553256,0.641882,-0.420598,-0.00237117,0.308266,0.0732919,0.793508,0.0714821,0.385931,-0.465072,72.71262249781147,16.073478738783326,-68.65043349218541,-12.82024054448221,-3.4869086212659663,13.755940062134746
8.100069761276245,1.12224,-2.70528,4.65114,0.379393,-0.233378,-0.785353,0.0748953,0.491863,0.504225,0.324026,0.553256,0.641882,-0.420598,-0.00237117,0.308266,0.0732919,0.793508,0.0714821,0.385931,-0.465072,72.71262249781147,16.073478738783326,-68.65043349218541,-12.82024054448221,-3.4869086212659663,13.755940062134746
8.214104175567627,0.655732,-2.2972,4.5267,0.285914,-0.33748,-0.770468,0.0750421,0.491712,0.503335,0.32422,0.55205,0.642685,-0.420808,-0.00416261,0.299572,0.0747952,0.794977,0.0550472,0.381812,-0.468189,74.28789951998134,15.490782642964028,-71.06477347671786,-13.461467089679346,-4.208109815739101,13.472592330347311
8.215075731277466,0.655732,-2.2972,4.5267,0.285914,-0.33748,-0.770468,0.0750421,0.491712,0.503335,0.32422,0.55205,0.642685,-0.420808,-0.00416261,0.299572,0.0747952,0.794977,0.0550472,0.381812,-0.468189,74.28789951998134,15.490782642964028,-71.06477347671786,-13.461467089679346,-4.208109815739101,13.472592330347311
8.329134702682495,1.10573,-2.99188,4.74283,0.144955,-0.553029,-0.89913,0.0748215,0.491854,0.503555,0.324741,0.552614,0.642113,-0.420538,-0.00327736,0.29081,0.0764718,0.797266,0.0434674,0.375809,-0.470367,75.64491438772839,15.278287592713784,-73.79850413830974,-15.511874935522657,-4.340230260187153,15.063358572092305
8.330098152160645,1.10573,-2.99188,4.74283,0.144955,-0.553029,-0.89913,0.0748215,0.491854,0.503555,0.324741,0.552614,0.642113,-0.420538,-0.00327736,0.29081,0.0764718,0.797266,0.0434674,0.375809,-0.470367,75.64491438772839,15.278287592713784,-73.79850413830974,-15.511874935522657,-4.340230260187153,15.063358572092305
8.444820165634155,0.556315,-1.77994,4.41026,0.198881,-0.418554,-0.615005,0.0750569,0.49182,0.50383,0.323219,0.552441,0.642504,-0.421339,-0.00173566,0.282511,0.0785744,0.800391,0.0261762,0.366823,-0.473424,77.88195554693937,15.163017138886566,-78.94534443062302,-15.4627649511741,-2.5840594433632154,15.029862077477098
8.445788621902466,0.556315,-1.77994,4.41026,0.198881,-0.418554,-0.615005,0.0750569,0.49182,0.50383,0.323219,0.552441,0.642504,-0.421339,-0.00173566,0.282511,0.0785744,0.800391,0.0261762,0.366823,-0.473424,77.88195554693937,15.163017138886566,-78.94534443062302,-15.4627649511741,-2.5840594433632154,15.029862077477098
8.559731483459473,0.399971,-2.59956,4.20342,0.0411244,-0.40439,-0.709347,0.0754127,0.491652,0.50375,0.32166,0.552939,0.643226,-0.420778,0.00136703,0.271327,0.0811892,0.802995,0.012297,0.352875,-0.480132,80.5478073405771,14.8665955352444,-84.96789988930416,-18.17031645685585,-3.0024002354324932,16.258473076495726
8.560705661773682,0.399971,-2.59956,4.20342,0.0411244,-0.40439,-0.709347,0.0754127,0.491652,0.50375,0.32166,0.552939,0.643226,-0.420778,0.00136703,0.271327,0.0811892,0.802995,0.012297,0.352875,-0.480132,80.5478073405771,14.8665955352444,-84.96789988930416,-18.17031645685585,-3.0024002354324932,16.258473076495726
8.675159454345703,-1.40718,-1.28732,3.4785,-0.078873,-0.16799,-0.366531,0.0750422,0.491974,0.504758,0.322861,0.55364,0.642407,-0.420186,0.0152179,0.262404,0.0807721,0.810586,0.012981,0.31799,-0.491593,84.13334151005374,15.424811462265232,-93.73622934546218,-17.477601255531955,-2.7793082457646614,17.880441871857002
8.6761155128479,-1.40718,-1.28732,3.4785,-0.078873,-0.16799,-0.366531,0.0750422,0.491974,0.504758,0.322861,0.55364,0.642407,-0.420186,0.0152179,0.262404,0.0807721,0.810586,0.012981,0.31799,-0.491593,84.13334151005374,15.424811462265232,-93.73622934546218,-17.477601255531955,-2.7793082457646614,17.880441871857002
8.790264368057251,-0.623807,-0.250738,0.966739,0.0452244,0.267775,-0.0277628,0.074817,0.492373,0.506592,0.321275,0.554907,0.642709,-0.419268,0.0215759,0.262748,0.0829206,0.796004,0.0341118,0.289184,-0.530647,86.34334772223987,12.492474688364844,-92.78839315059756,-18.97225544543803,-4.627321731429426,17.75825133366317
8.791168451309204,-0.623807,-0.250738,0.966739,0.0452244,0.267775,-0.0277628,0.074817,0.492373,0.506592,0.321275,0.554907,0.642709,-0.419268,0.0215759,0.262748,0.0829206,0.796004,0.0341118,0.289184,-0.530647,86.34334772223987,12.492474688364844,-92.78839315059756,-18.97225544543803,-4.627321731429426,17.75825133366317
8.90363335609436,-0.698793,-1.15085,0.415043,-0.286864,0.416986,-0.291814,0.0748004,0.492331,0.506348,0.321883,0.554953,0.643131,-0.418092,0.0700833,0.277815,0.0744997,0.7294,0.160552,0.170848,-0.642659,88.48979059615982,4.141467416883532,-65.51033336226077,-13.458630748793835,-3.7171952053066315,15.941603468468646
8.904551267623901,-0.698793,-1.15085,0.415043,-0.286864,0.416986,-0.291814,0.0748004,0.492331,0.506348,0.321883,0.554953,0.643131,-0.418092,0.0700833,0.277815,0.0744997,0.7294,0.160552,0.170848,-0.642659,88.48979059615982,4.141467416883532,-65.51033336226077,-13.458630748793835,-3.7171952053066315,15.941603468468646
9.018455982208252,-2.4698,-1.47598,2.35834,-0.458782,0.157324,-0.260386,0.074772,0.492144,0.505711,0.321561,0.555111,0.642593,-0.418956,0.0982689,0.285043,0.0745754,0.674778,0.240514,0.105902,-0.689647,86.91402664998634,0.2644734320939776,13.249794031074059,-10.098044577289333,-4.0791198286454495,13.404087286635516
9.01937198638916,-2.4698,-1.47598,2.35834,-0.458782,0.157324,-0.260386,0.074772,0.492144,0.505711,0.321561,0.555111,0.642593,-0.418956,0.0982689,0.285043,0.0745754,0.674778,0.240514,0.105902,-0.689647,86.91402664998634,0.2644734320939776,13.249794031074059,-10.098044577289333,-4.0791198286454495,13.404087286635516
9.134445190429688,-1.49639,-0.111988,3.11998,-0.360519,-0.108471,0.0568701,0.0754364,0.491742,0.504766,0.322625,0.554524,0.641666,-0.420335,0.122926,0.284833,0.0745704,0.647081,0.290989,0.0545187,-0.702595,86.77005521904464,-0.3729110467276593,33.676192723729535,-3.1512728067901294,-2.9808269152897395,13.095910476666006
9.13540530204773,-1.49639,-0.111988,3.11998,-0.360519,-0.108471,0.0568701,0.0754364,0.491742,0.504766,0.322625,0.554524,0.641666,-0.420335,0.122926,0.284833,0.0745704,0.647081,0.290989,0.0545187,-0.702595,86.77005521904464,-0.3729110467276593,33.676192723729535,-3.1512728067901294,-2.9808269152897395,13.095910476666006
9.250966548919678,-1.0887,-1.89668,2.71526,-0.820815,-0.0644805,-0.0360061,0.0751256,0.491941,0.50523,0.321562,0.554291,0.642722,-0.419844,0.13728,0.280609,0.081649,0.634426,0.307944,0.0252029,-0.708547,87.72807982950448,-1.2128382457965545,59.30548385028275,-5.942422884189636,0.70114952008645,11.438244745524866
9.251940965652466,-1.0887,-1.89668,2.71526,-0.820815,-0.0644805,-0.0360061,0.0751256,0.491941,0.50523,0.321562,0.554291,0.642722,-0.419844,0.13728,0.280609,0.081649,0.634426,0.307944,0.0252029,-0.708547,87.72807982950448,-1.2128382457965545,59.30548385028275,-5.942422884189636,0.70114952008645,11.438244745524866
9.382883787155151,-0.97584,-1.70586,2.21298,-0.777588,-0.0272163,0.0679147,0.075617,0.491856,0.505589,0.322257,0.554697,0.642157,-0.419638,0.143662,0.280033,0.0846286,0.629408,0.320166,0.0148726,-0.707897,87.64947365417713,-0.9820045066682968,55.69565742668018,-6.2309897602608775,0.15260244651628965,11.3890978425828
9.3838472366333,-0.97584,-1.70586,2.21298,-0.777588,-0.0272163,0.0679147,0.075617,0.491856,0.505589,0.322257,0.554697,0.642157,-0.419638,0.143662,0.280033,0.0846286,0.629408,0.320166,0.0148726,-0.707897,87.64947365417713,-0.9820045066682968,55.69565742668018,-6.2309897602608775,0.15260244651628965,11.3890978425828
9.499905109405518,0.625185,-2.11683,2.55486,-0.881664,-0.33126,0.0856516,0.0753509,0.491913,0.50528,0.321724,0.554882,0.641945,-0.420127,0.142643,0.286677,0.0828709,0.621055,0.331039,0.0264574,-0.709932,85.64067128687387,-0.6513238348809715,41.87241718875279,-7.05276784190439,0.1186533820961455,11.54242523961244
9.500865459442139,0.625185,-2.11683,2.55486,-0.881664,-0.33126,0.0856516,0.0753509,0.491913,0.50528,0.321724,0.554882,0.641945,-0.420127,0.142643,0.286677,0.0828709,0.621055,0.331039,0.0264574,-0.709932,85.64067128687387,-0.6513238348809715,41.87241718875279,-7.05276784190439,0.1186533820961455,11.54242523961244
9.61931824684143,-1.21006,-1.90586,2.6389,-0.749648,-0.177584,0.133804,0.0751475,0.491896,0.504972,0.323001,0.555884,0.641206,-0.41895,0.142881,0.300251,0.0802528,0.61296,0.346984,0.0443069,-0.708462,82.869163334705,0.20021846742920704,31.787734160737184,-5.720055111532839,0.14265912305477543,9.539336817793185
9.620285511016846,-1.21006,-1.90586,2.6389,-0.749648,-0.177584,0.133804,0.0751475,0.491896,0.504972,0.323001,0.555884,0.641206,-0.41895,0.142881,0.300251,0.0802528,0.61296,0.346984,0.0443069,-0.708462,82.869163334705,0.20021846742920704,31.787734160737184,-5.720055111532839,0.14265912305477543,9.539336817793185
9.736334085464478,-0.412018,-2.49904,1.78725,-0.911681,-0.000110647,0.294704,0.0753219,0.492066,0.505891,0.321045,0.554593,0.642897,-0.41957,0.143308,0.310174,0.0799167,0.600539,0.361521,0.0554853,-0.711039,80.61892612157796,0.4957449012136875,31.486597850085708,-5.3885970608208265,1.0337539002394245,8.523465590095633
9.737298965454102,-0.412018,-2.49904,1.78725,-0.911681,-0.000110647,0.294704,0.0753219,0.492066,0.505891,0.321045,0.554593,0.642897,-0.41957,0.143308,0.310174,0.0799167,0.600539,0.361521,0.0554853,-0.711039,80.61892612157796,0.4957449012136875,31.486597850085708,-5.3885970608208265,1.0337539002394245,8.523465590095633
9.852227926254272,-1.99005,-2.91905,3.03615,-1.05169,-0.0147579,0.325625,0.0754699,0.491822,0.505354,0.322725,0.553779,0.642667,-0.41971,0.142213,0.319275,0.0786042,0.584967,0.378933,0.0716039,-0.71351,77.28251547758701,0.7863182355416759,31.791019623363095,-5.480992313902451,-1.0361393271518828,9.153350518443604
9.853155136108398,-1.99005,-2.91905,3.03615,-1.05169,-0.0147579,0.325625,0.0754699,0.491822,0.505354,0.322725,0.553779,0.642667,-0.41971,0.142213,0.319275,0.0786042,0.584967,0.378933,0.0716039,-0.71351,77.28251547758701,0.7863182355416759,31.791019623363095,-5.480992313902451,-1.0361393271518828,9.153350518443604
9.967449188232422,-0.15947,-3.04514,2.643,-0.991192,-0.164766,0.297903,0.0749614,0.492068,0.50548,0.321635,0.554646,0.641845,-0.420659,0.139295,0.32636,0.0773326,0.583804,0.378101,0.0805511,-0.71395,76.53801614165872,0.9719881505617661,30.45427961453304,-3.4096422489897797,0.8761952281763368,6.63963235772418
9.968382120132446,-0.15947,-3.04514,2.643,-0.991192,-0.164766,0.297903,0.0749614,0.492068,0.50548,0.321635,0.554646,0.641845,-0.420659,0.139295,0.32636,0.0773326,0.583804,0.378101,0.0805511,-0.71395,76.53801614165872,0.9719881505617661,30.45427961453304,-3.4096422489897797,0.8761952281763368,6.63963235772418
10.082786321640015,1.69351,-3.55671,-0.264241,-1.08113,0.117331,-0.0903839,0.0747801,0.492456,0.506758,0.320783,0.555183,0.64231,-0.419891,0.134168,0.330935,0.0767719,0.581555,0.372804,0.0906486,-0.717352,75.8969524636509,0.36660959295795686,32.04232670010377,-2.8344459917219496,1.2380136533459272,5.322643458522403
10.083696842193604,1.69351,-3.55671,-0.264241,-1.08113,0.117331,-0.0903839,0.0747801,0.492456,0.506758,0.320783,0.555183,0.64231,-0.419891,0.134168,0.330935,0.0767719,0.581555,0.372804,0.0906486,-0.717352,75.8969524636509,0.36660959295795686,32.04232670010377,-2.8344459917219496,1.2380136533459272,5.322643458522403
10.198259592056274,1.15371,-4.12572,0.494291,-1.18851,-0.0779877,-0.228861,0.0749125,0.492402,0.50627,0.321829,0.554389,0.642555,-0.419764,0.115695,0.335786,0.0700097,0.581414,0.349673,0.119146,-0.724908,74.40811904650415,-1.4715057872669028,35.16089578221886,-0.032551076276182034,-0.747839582952894,5.530508338865271
10.199177742004395,1.15371,-4.12572,0.494291,-1.18851,-0.0779877,-0.228861,0.0749125,0.492402,0.50627,0.321829,0.554389,0.642555,-0.419764,0.115695,0.335786,0.0700097,0.581414,0.349673,0.119146,-0.724908,74.40811904650415,-1.4715057872669028,35.16089578221886,-0.032551076276182034,-0.747839582952894,5.530508338865271
10.316181182861328,1.14833,-4.8464,1.28158,-1.2686,-0.307402,-0.455172,0.074326,0.492617,0.505997,0.318948,0.554544,0.643312,-0.420598,0.100015,0.346274,0.0653593,0.572922,0.34854,0.152998,-0.725859,71.37021619971647,-1.546686205025859,32.40429007395574,-0.058789124924818026,-4.412387713032009,9.346261723405796
10.317148208618164,1.14833,-4.8464,1.28158,-1.2686,-0.307402,-0.455172,0.074326,0.492617,0.505997,0.318948,0.554544,0.643312,-0.420598,0.100015,0.346274,0.0653593,0.572922,0.34854,0.152998,-0.725859,71.37021619971647,-1.546686205025859,32.40429007395574,-0.058789124924818026,-4.412387713032009,9.346261723405796
