# Timestamp, Flexion, Adduction, Rotation, Translation_ap, Translation_ml, Translation_pd, Tx, Ty, Tz, Fx, Fy, Fz
0.1060795783996582, 9.049570662637784, 8.964487319163316, -29.217990148913835, 14.116118400737934, -14.758887834397132, 6.626667066158098, 0.00220718, 0.809765, -0.0916181, -1.67519, -0.0346024, -1.76148
0.10707306861877441, 9.049570662637784, 8.964487319163316, -29.217990148913835, 14.116118400737934, -14.758887834397132, 6.626667066158098, 0.00220718, 0.809765, -0.0916181, -1.67519, -0.0346024, -1.76148
0.2153763771057129, 9.049570662637784, 8.964487319163316, -29.217990148913835, 14.116118400737934, -14.758887834397132, 6.626667066158098, -0.138842, 0.867409, -0.254352, -2.81712, -0.82508, -1.08103
0.2163536548614502, 9.049570662637784, 8.964487319163316, -29.217990148913835, 14.116118400737934, -14.758887834397132, 6.626667066158098, -0.138842, 0.867409, -0.254352, -2.81712, -0.82508, -1.08103
0.326157808303833, 9.049570662637784, 8.964487319163316, -29.217990148913835, 14.116118400737934, -14.758887834397132, 6.626667066158098, -0.181731, 0.911375, -0.224818, -1.75248, -0.933855, -1.93959
0.3271493911743164, 9.049570662637784, 8.964487319163316, -29.217990148913835, 14.116118400737934, -14.758887834397132, 6.626667066158098, -0.181731, 0.911375, -0.224818, -1.75248, -0.933855, -1.93959
0.4380073547363281, 9.049570662637784, 8.964487319163316, -29.217990148913835, 14.116118400737934, -14.758887834397132, 6.626667066158098, -0.0806214, 0.972859, -0.109674, -1.66109, -0.415608, -2.20604
0.4389989376068115, 9.049570662637784, 8.964487319163316, -29.217990148913835, 14.116118400737934, -14.758887834397132, 6.626667066158098, -0.0806214, 0.972859, -0.109674, -1.66109, -0.415608, -2.20604
0.5499374866485596, 9.049570662637784, 8.964487319163316, -29.217990148913835, 14.116118400737934, -14.758887834397132, 6.626667066158098, 0.0447266, 0.977571, 0.0403769, -1.64402, 0.391674, -2.24972
0.5509331226348877, 9.049570662637784, 8.964487319163316, -29.217990148913835, 14.116118400737934, -14.758887834397132, 6.626667066158098, 0.0447266, 0.977571, 0.0403769, -1.64402, 0.391674, -2.24972
0.6626965999603271, 9.049570662637784, 8.964487319163316, -29.217990148913835, 14.116118400737934, -14.758887834397132, 6.626667066158098, 0.134995, 0.949574, 0.152936, -1.40597, 0.965981, -2.40923
0.6636903285980225, 9.049570662637784, 8.964487319163316, -29.217990148913835, 14.116118400737934, -14.758887834397132, 6.626667066158098, 0.134995, 0.949574, 0.152936, -1.40597, 0.965981, -2.40923
0.7755544185638428, 9.049570662637784, 8.964487319163316, -29.217990148913835, 14.116118400737934, -14.758887834397132, 6.626667066158098, 0.0849577, 1.00292, 0.110654, -1.70033, 0.645578, -2.48111
0.7765419483184814, 9.049570662637784, 8.964487319163316, -29.217990148913835, 14.116118400737934, -14.758887834397132, 6.626667066158098, 0.0849577, 1.00292, 0.110654, -1.70033, 0.645578, -2.48111
0.8855335712432861, 9.049570662637784, 8.964487319163316, -29.217990148913835, 14.116118400737934, -14.758887834397132, 6.626667066158098, 0.0420129, 1.03416, 0.103274, -1.65665, 0.418976, -2.63635
0.8865151405334473, 9.049570662637784, 8.964487319163316, -29.217990148913835, 14.116118400737934, -14.758887834397132, 6.626667066158098, 0.0420129, 1.03416, 0.103274, -1.65665, 0.418976, -2.63635
0.9965932369232178, 9.049570662637784, 8.964487319163316, -29.217990148913835, 14.116118400737934, -14.758887834397132, 6.626667066158098, -0.0222417, 0.982818, 0.0106359, -1.3858, 0.182451, -2.6603
0.9975669384002686, 9.049570662637784, 8.964487319163316, -29.217990148913835, 14.116118400737934, -14.758887834397132, 6.626667066158098, -0.0222417, 0.982818, 0.0106359, -1.3858, 0.182451, -2.6603
1.1099755764007568, 9.049570662637784, 8.964487319163316, -29.217990148913835, 14.116118400737934, -14.758887834397132, 6.626667066158098, 0.130178, 0.915681, 0.131243, -1.9389, 0.868702, -2.23122
1.1109504699707031, 9.049570662637784, 8.964487319163316, -29.217990148913835, 14.116118400737934, -14.758887834397132, 6.626667066158098, 0.130178, 0.915681, 0.131243, -1.9389, 0.868702, -2.23122
1.2215337753295898, 9.049570662637784, 8.964487319163316, -29.217990148913835, 14.116118400737934, -14.758887834397132, 6.626667066158098, 0.160032, 0.861809, 0.1855, -1.64904, 1.10924, -2.23533
1.2225186824798584, 9.049570662637784, 8.964487319163316, -29.217990148913835, 14.116118400737934, -14.758887834397132, 6.626667066158098, 0.160032, 0.861809, 0.1855, -1.64904, 1.10924, -2.23533
1.3409252166748047, 9.049570662637784, 8.964487319163316, -29.217990148913835, 14.116118400737934, -14.758887834397132, 6.626667066158098, 0.190699, 0.862131, 0.204278, -1.57276, 1.18034, -2.33958
1.341921091079712, 9.049570662637784, 8.964487319163316, -29.217990148913835, 14.116118400737934, -14.758887834397132, 6.626667066158098, 0.190699, 0.862131, 0.204278, -1.57276, 1.18034, -2.33958
1.4534807205200195, 9.049570662637784, 8.964487319163316, -29.217990148913835, 14.116118400737934, -14.758887834397132, 6.626667066158098, 0.207483, 0.819046, 0.215508, -1.8835, 1.29112, -2.06398
1.454472303390503, 9.049570662637784, 8.964487319163316, -29.217990148913835, 14.116118400737934, -14.758887834397132, 6.626667066158098, 0.207483, 0.819046, 0.215508, -1.8835, 1.29112, -2.06398
1.5637719631195068, 9.049570662637784, 8.964487319163316, -29.217990148913835, 14.116118400737934, -14.758887834397132, 6.626667066158098, 0.236106, 0.696254, 0.262794, -1.91654, 1.55391, -1.46012
1.5647153854370117, 9.049570662637784, 8.964487319163316, -29.217990148913835, 14.116118400737934, -14.758887834397132, 6.626667066158098, 0.236106, 0.696254, 0.262794, -1.91654, 1.55391, -1.46012
1.6760849952697754, 9.049570662637784, 8.964487319163316, -29.217990148913835, 14.116118400737934, -14.758887834397132, 6.626667066158098, 0.206467, 0.710456, 0.196807, -1.45479, 1.09328, -1.77131
1.677070140838623, 9.049570662637784, 8.964487319163316, -29.217990148913835, 14.116118400737934, -14.758887834397132, 6.626667066158098, 0.206467, 0.710456, 0.196807, -1.45479, 1.09328, -1.77131
1.7873759269714355, 9.049570662637784, 8.964487319163316, -29.217990148913835, 14.116118400737934, -14.758887834397132, 6.626667066158098, 0.211125, 0.617257, 0.178602, -1.06369, 1.10775, -1.63545
1.7883789539337158, 9.049570662637784, 8.964487319163316, -29.217990148913835, 14.116118400737934, -14.758887834397132, 6.626667066158098, 0.211125, 0.617257, 0.178602, -1.06369, 1.10775, -1.63545
1.8997876644134521, 9.049570662637784, 8.964487319163316, -29.217990148913835, 14.116118400737934, -14.758887834397132, 6.626667066158098, 0.147521, 0.575298, 0.0741229, -1.29676, 0.738074, -1.05258
1.9007353782653809, 9.049570662637784, 8.964487319163316, -29.217990148913835, 14.116118400737934, -14.758887834397132, 6.626667066158098, 0.147521, 0.575298, 0.0741229, -1.29676, 0.738074, -1.05258
2.010854721069336, 9.049570662637784, 8.964487319163316, -29.217990148913835, 14.116118400737934, -14.758887834397132, 6.626667066158098, 0.0131958, 0.599409, -0.098631, -1.39698, -0.0350835, -0.913769
2.011829137802124, 9.049570662637784, 8.964487319163316, -29.217990148913835, 14.116118400737934, -14.758887834397132, 6.626667066158098, 0.0131958, 0.599409, -0.098631, -1.39698, -0.0350835, -0.913769
2.122974157333374, 9.049570662637784, 8.964487319163316, -29.217990148913835, 14.116118400737934, -14.758887834397132, 6.626667066158098, -0.106221, 0.639212, -0.230266, -1.85545, -0.644126, -0.662106
2.1239566802978516, 9.049570662637784, 8.964487319163316, -29.217990148913835, 14.116118400737934, -14.758887834397132, 6.626667066158098, -0.106221, 0.639212, -0.230266, -1.85545, -0.644126, -0.662106
2.2347981929779053, 9.049570662637784, 8.964487319163316, -29.217990148913835, 14.116118400737934, -14.758887834397132, 6.626667066158098, -0.130277, 0.593809, -0.278212, -1.53889, -0.930046, -0.682215
2.235767126083374, 9.049570662637784, 8.964487319163316, -29.217990148913835, 14.116118400737934, -14.758887834397132, 6.626667066158098, -0.130277, 0.593809, -0.278212, -1.53889, -0.930046, -0.682215
2.358881711959839, 9.049570662637784, 8.964487319163316, -29.217990148913835, 14.116118400737934, -14.758887834397132, 6.626667066158098, 0.00560607, 0.575189, -0.127776, -1.72219, -0.195009, -0.436092
2.359870433807373, 9.049570662637784, 8.964487319163316, -29.217990148913835, 14.116118400737934, -14.758887834397132, 6.626667066158098, 0.00560607, 0.575189, -0.127776, -1.72219, -0.195009, -0.436092
2.472303867340088, 9.049570662637784, 8.964487319163316, -29.217990148913835, 14.116118400737934, -14.758887834397132, 6.626667066158098, 0.0528603, 0.551673, -0.0688491, -1.85785, 0.13667, -0.156202
2.4732842445373535, 9.049570662637784, 8.964487319163316, -29.217990148913835, 14.116118400737934, -14.758887834397132, 6.626667066158098, 0.0528603, 0.551673, -0.0688491, -1.85785, 0.13667, -0.156202
2.584991931915283, 9.049570662637784, 8.964487319163316, -29.217990148913835, 14.116118400737934, -14.758887834397132, 6.626667066158098, 0.0939408, 0.526851, -0.0322064, -1.90624, 0.265845, -0.166796
2.5859808921813965, 9.049570662637784, 8.964487319163316, -29.217990148913835, 14.116118400737934, -14.758887834397132, 6.626667066158098, 0.0939408, 0.526851, -0.0322064, -1.90624, 0.265845, -0.166796
2.6985764503479004, 9.049570662637784, 8.964487319163316, -29.217990148913835, 14.116118400737934, -14.758887834397132, 6.626667066158098, 0.101565, 0.523371, -0.0300002, -1.91658, 0.302885, -0.112919
2.6995584964752197, 9.049570662637784, 8.964487319163316, -29.217990148913835, 14.116118400737934, -14.758887834397132, 6.626667066158098, 0.101565, 0.523371, -0.0300002, -1.91658, 0.302885, -0.112919
2.8122918605804443, 9.049570662637784, 8.964487319163316, -29.217990148913835, 14.116118400737934, -14.758887834397132, 6.626667066158098, 0.104221, 0.517638, -0.00727, -1.87399, 0.362134, -0.129402
2.8132810592651367, 9.049570662637784, 8.964487319163316, -29.217990148913835, 14.116118400737934, -14.758887834397132, 6.626667066158098, 0.104221, 0.517638, -0.00727, -1.87399, 0.362134, -0.129402
2.9264187812805176, 9.049570662637784, 8.964487319163316, -29.217990148913835, 14.116118400737934, -14.758887834397132, 6.626667066158098, 0.142882, 0.535925, 0.0293204, -1.79476, 0.540238, -0.402177
2.9274187088012695, 9.049570662637784, 8.964487319163316, -29.217990148913835, 14.116118400737934, -14.758887834397132, 6.626667066158098, 0.142882, 0.535925, 0.0293204, -1.79476, 0.540238, -0.402177
3.041139841079712, 9.049570662637784, 8.964487319163316, -29.217990148913835, 14.116118400737934, -14.758887834397132, 6.626667066158098, 0.182303, 0.529486, 0.0886795, -1.76098, 0.790431, -0.366428
3.042128562927246, 9.049570662637784, 8.964487319163316, -29.217990148913835, 14.116118400737934, -14.758887834397132, 6.626667066158098, 0.182303, 0.529486, 0.0886795, -1.76098, 0.790431, -0.366428
3.1556482315063477, 9.049570662637784, 8.964487319163316, -29.217990148913835, 14.116118400737934, -14.758887834397132, 6.626667066158098, 0.201094, 0.498351, 0.127937, -1.74661, 0.960417, -0.223383
3.1566333770751953, 9.049570662637784, 8.964487319163316, -29.217990148913835, 14.116118400737934, -14.758887834397132, 6.626667066158098, 0.201094, 0.498351, 0.127937, -1.74661, 0.960417, -0.223383
3.2710070610046387, 9.049570662637784, 8.964487319163316, -29.217990148913835, 14.116118400737934, -14.758887834397132, 6.626667066158098, 0.181829, 0.62257, 0.0730776, -1.46247, 0.649674, -1.12513
3.2719922065734863, 9.049570662637784, 8.964487319163316, -29.217990148913835, 14.116118400737934, -14.758887834397132, 6.626667066158098, 0.181829, 0.62257, 0.0730776, -1.46247, 0.649674, -1.12513
3.3937792778015137, 9.049570662637784, 8.964487319163316, -29.217990148913835, 14.116118400737934, -14.758887834397132, 6.626667066158098, 0.176848, 0.615416, 0.0614781, -1.28562, 0.587433, -1.12432
3.3947689533233643, 9.049570662637784, 8.964487319163316, -29.217990148913835, 14.116118400737934, -14.758887834397132, 6.626667066158098, 0.176848, 0.615416, 0.0614781, -1.28562, 0.587433, -1.12432
3.508178949356079, 9.049570662637784, 8.964487319163316, -29.217990148913835, 14.116118400737934, -14.758887834397132, 6.626667066158098, 0.202454, 0.654822, 0.096897, -1.23587, 0.761018, -1.38516
3.5091729164123535, 9.049570662637784, 8.964487319163316, -29.217990148913835, 14.116118400737934, -14.758887834397132, 6.626667066158098, 0.202454, 0.654822, 0.096897, -1.23587, 0.761018, -1.38516
3.6231908798217773, 9.049570662637784, 8.964487319163316, -29.217990148913835, 14.116118400737934, -14.758887834397132, 6.626667066158098, 0.167748, 0.644803, 0.0542217, -1.4642, 0.567205, -1.25325
3.624178886413574, 9.049570662637784, 8.964487319163316, -29.217990148913835, 14.116118400737934, -14.758887834397132, 6.626667066158098, 0.167748, 0.644803, 0.0542217, -1.4642, 0.567205, -1.25325
3.73836088180542, 9.049570662637784, 8.964487319163316, -29.217990148913835, 14.116118400737934, -14.758887834397132, 6.626667066158098, 0.121712, 0.660675, 0.0273526, -1.37626, 0.396415, -1.4081
3.739346742630005, 9.049570662637784, 8.964487319163316, -29.217990148913835, 14.116118400737934, -14.758887834397132, 6.626667066158098, 0.121712, 0.660675, 0.0273526, -1.37626, 0.396415, -1.4081
3.853046417236328, 9.049570662637784, 8.964487319163316, -29.217990148913835, 14.116118400737934, -14.758887834397132, 6.626667066158098, 0.103983, 0.639785, 0.00363819, -1.39944, 0.304708, -1.29077
3.8540689945220947, 9.049570662637784, 8.964487319163316, -29.217990148913835, 14.116118400737934, -14.758887834397132, 6.626667066158098, 0.103983, 0.639785, 0.00363819, -1.39944, 0.304708, -1.29077
3.9691433906555176, 9.049570662637784, 8.964487319163316, -29.217990148913835, 14.116118400737934, -14.758887834397132, 6.626667066158098, 0.0767613, 0.597185, -0.0216715, -1.49898, 0.210224, -0.99656
3.970134973526001, 9.049570662637784, 8.964487319163316, -29.217990148913835, 14.116118400737934, -14.758887834397132, 6.626667066158098, 0.0767613, 0.597185, -0.0216715, -1.49898, 0.210224, -0.99656
4.084845066070557, 9.049570662637784, 8.964487319163316, -29.217990148913835, 14.116118400737934, -14.758887834397132, 6.626667066158098, 0.0573713, 0.591162, -0.0453037, -1.50368, 0.0717165, -0.970001
4.08584189414978, 9.049570662637784, 8.964487319163316, -29.217990148913835, 14.116118400737934, -14.758887834397132, 6.626667066158098, 0.0573713, 0.591162, -0.0453037, -1.50368, 0.0717165, -0.970001
4.1999828815460205, 9.049570662637784, 8.964487319163316, -29.217990148913835, 14.116118400737934, -14.758887834397132, 6.626667066158098, 0.144145, 0.570988, 0.0851781, -1.43488, 0.691531, -0.939797
4.200987100601196, 9.049570662637784, 8.964487319163316, -29.217990148913835, 14.116118400737934, -14.758887834397132, 6.626667066158098, 0.144145, 0.570988, 0.0851781, -1.43488, 0.691531, -0.939797
4.316409111022949, 9.049570662637784, 8.964487319163316, -29.217990148913835, 14.116118400737934, -14.758887834397132, 6.626667066158098, 0.0712789, 0.560307, -0.0183743, -1.3839, 0.171414, -0.879848
4.317392349243164, 9.049570662637784, 8.964487319163316, -29.217990148913835, 14.116118400737934, -14.758887834397132, 6.626667066158098, 0.0712789, 0.560307, -0.0183743, -1.3839, 0.171414, -0.879848
4.445423126220703, 9.049570662637784, 8.964487319163316, -29.217990148913835, 14.116118400737934, -14.758887834397132, 6.626667066158098, -0.0299849, 0.515571, -0.124627, -1.55442, -0.329603, -0.527047
4.446413278579712, 9.049570662637784, 8.964487319163316, -29.217990148913835, 14.116118400737934, -14.758887834397132, 6.626667066158098, -0.0299849, 0.515571, -0.124627, -1.55442, -0.329603, -0.527047
4.559526205062866, 9.049570662637784, 8.964487319163316, -29.217990148913835, 14.116118400737934, -14.758887834397132, 6.626667066158098, -0.0971161, 0.493446, -0.200918, -1.65266, -0.718088, -0.372485
4.560501575469971, 9.049570662637784, 8.964487319163316, -29.217990148913835, 14.116118400737934, -14.758887834397132, 6.626667066158098, -0.0971161, 0.493446, -0.200918, -1.65266, -0.718088, -0.372485
4.675276756286621, 9.049570662637784, 8.964487319163316, -29.217990148913835, 14.116118400737934, -14.758887834397132, 6.626667066158098, -0.0521572, 0.457562, -0.136991, -1.5183, -0.410029, -0.317626
4.676255464553833, 9.049570662637784, 8.964487319163316, -29.217990148913835, 14.116118400737934, -14.758887834397132, 6.626667066158098, -0.0521572, 0.457562, -0.136991, -1.5183, -0.410029, -0.317626
4.791297912597656, 9.049570662637784, 8.964487319163316, -29.217990148913835, 14.116118400737934, -14.758887834397132, 6.626667066158098, -0.081515, 0.444148, -0.170859, -1.68756, -0.55495, -0.159932
4.792281150817871, 9.049570662637784, 8.964487319163316, -29.217990148913835, 14.116118400737934, -14.758887834397132, 6.626667066158098, -0.081515, 0.444148, -0.170859, -1.68756, -0.55495, -0.159932
4.9073567390441895, 9.049570662637784, 8.964487319163316, -29.217990148913835, 14.116118400737934, -14.758887834397132, 6.626667066158098, -0.116672, 0.474168, -0.223719, -1.84186, -0.79649, -0.227955
4.90834903717041, 9.049570662637784, 8.964487319163316, -29.217990148913835, 14.116118400737934, -14.758887834397132, 6.626667066158098, -0.116672, 0.474168, -0.223719, -1.84186, -0.79649, -0.227955
5.025464296340942, 9.049570662637784, 8.964487319163316, -29.217990148913835, 14.116118400737934, -14.758887834397132, 6.626667066158098, -0.140207, 0.480263, -0.240346, -1.65189, -0.880381, -0.360144
5.0264482498168945, 9.049570662637784, 8.964487319163316, -29.217990148913835, 14.116118400737934, -14.758887834397132, 6.626667066158098, -0.140207, 0.480263, -0.240346, -1.65189, -0.880381, -0.360144
5.141691446304321, 9.049570662637784, 8.964487319163316, -29.217990148913835, 14.116118400737934, -14.758887834397132, 6.626667066158098, -0.176298, 0.508684, -0.286179, -1.64162, -1.11978, -0.483817
5.14264702796936, 9.049570662637784, 8.964487319163316, -29.217990148913835, 14.116118400737934, -14.758887834397132, 6.626667066158098, -0.176298, 0.508684, -0.286179, -1.64162, -1.11978, -0.483817
5.259001970291138, 9.049570662637784, 8.964487319163316, -29.217990148913835, 14.116118400737934, -14.758887834397132, 6.626667066158098, -0.123884, 0.506088, -0.225278, -1.85344, -0.816518, -0.313978
5.259992599487305, 9.049570662637784, 8.964487319163316, -29.217990148913835, 14.116118400737934, -14.758887834397132, 6.626667066158098, -0.123884, 0.506088, -0.225278, -1.85344, -0.816518, -0.313978
5.378845691680908, 9.049570662637784, 8.964487319163316, -29.217990148913835, 14.116118400737934, -14.758887834397132, 6.626667066158098, -0.114999, 0.50089, -0.215686, -2.03677, -0.743923, -0.140815
5.379830598831177, 9.049570662637784, 8.964487319163316, -29.217990148913835, 14.116118400737934, -14.758887834397132, 6.626667066158098, -0.114999, 0.50089, -0.215686, -2.03677, -0.743923, -0.140815
5.497372150421143, 9.049570662637784, 8.964487319163316, -29.217990148913835, 14.116118400737934, -14.758887834397132, 6.626667066158098, -0.174222, 0.501588, -0.284384, -2.18783, -1.06075, 0.0230772
5.498362064361572, 9.049570662637784, 8.964487319163316, -29.217990148913835, 14.116118400737934, -14.758887834397132, 6.626667066158098, -0.174222, 0.501588, -0.284384, -2.18783, -1.06075, 0.0230772
5.616543292999268, 9.049570662637784, 8.964487319163316, -29.217990148913835, 14.116118400737934, -14.758887834397132, 6.626667066158098, -0.303728, 0.532359, -0.444528, -2.46234, -1.82679, 0.130971
5.617527008056641, 9.049570662637784, 8.964487319163316, -29.217990148913835, 14.116118400737934, -14.758887834397132, 6.626667066158098, -0.303728, 0.532359, -0.444528, -2.46234, -1.82679, 0.130971
5.734684944152832, 9.049570662637784, 8.964487319163316, -29.217990148913835, 14.116118400737934, -14.758887834397132, 6.626667066158098, -0.319082, 0.526705, -0.456202, -2.44477, -1.93107, 0.184627
5.735625982284546, 9.049570662637784, 8.964487319163316, -29.217990148913835, 14.116118400737934, -14.758887834397132, 6.626667066158098, -0.319082, 0.526705, -0.456202, -2.44477, -1.93107, 0.184627
5.8536906242370605, 9.049570662637784, 8.964487319163316, -29.217990148913835, 14.116118400737934, -14.758887834397132, 6.626667066158098, -0.337865, 0.558521, -0.489471, -2.33978, -2.10339, -0.00899956
5.854686498641968, 9.049570662637784, 8.964487319163316, -29.217990148913835, 14.116118400737934, -14.758887834397132, 6.626667066158098, -0.337865, 0.558521, -0.489471, -2.33978, -2.10339, -0.00899956
5.970751762390137, 9.049570662637784, 8.964487319163316, -29.217990148913835, 14.116118400737934, -14.758887834397132, 6.626667066158098, -0.383312, 0.605584, -0.543647, -2.53499, -2.33537, -0.108762
5.971686840057373, 9.049570662637784, 8.964487319163316, -29.217990148913835, 14.116118400737934, -14.758887834397132, 6.626667066158098, -0.383312, 0.605584, -0.543647, -2.53499, -2.33537, -0.108762
6.087480545043945, 9.049570662637784, 8.964487319163316, -29.217990148913835, 14.116118400737934, -14.758887834397132, 6.626667066158098, -0.399448, 0.623528, -0.572849, -2.65296, -2.44293, -0.153909
6.088504791259766, 9.049570662637784, 8.964487319163316, -29.217990148913835, 14.116118400737934, -14.758887834397132, 6.626667066158098, -0.399448, 0.623528, -0.572849, -2.65296, -2.44293, -0.153909
6.204906225204468, 9.049570662637784, 8.964487319163316, -29.217990148913835, 14.116118400737934, -14.758887834397132, 6.626667066158098, -0.384485, 0.609155, -0.552379, -2.48044, -2.34916, -0.161482
6.205878734588623, 9.049570662637784, 8.964487319163316, -29.217990148913835, 14.116118400737934, -14.758887834397132, 6.626667066158098, -0.384485, 0.609155, -0.552379, -2.48044, -2.34916, -0.161482
6.3219592571258545, 9.049570662637784, 8.964487319163316, -29.217990148913835, 14.116118400737934, -14.758887834397132, 6.626667066158098, -0.387426, 0.637962, -0.568196, -2.44021, -2.4286, -0.338491
6.322947263717651, 9.049570662637784, 8.964487319163316, -29.217990148913835, 14.116118400737934, -14.758887834397132, 6.626667066158098, -0.387426, 0.637962, -0.568196, -2.44021, -2.4286, -0.338491
6.446518659591675, 9.049570662637784, 8.964487319163316, -29.217990148913835, 14.116118400737934, -14.758887834397132, 6.626667066158098, -0.347933, 0.64193, -0.520224, -2.42625, -2.18913, -0.383338
6.44746208190918, 9.049570662637784, 8.964487319163316, -29.217990148913835, 14.116118400737934, -14.758887834397132, 6.626667066158098, -0.347933, 0.64193, -0.520224, -2.42625, -2.18913, -0.383338
6.565026521682739, 9.049570662637784, 8.964487319163316, -29.217990148913835, 14.116118400737934, -14.758887834397132, 6.626667066158098, -0.309656, 0.650447, -0.463308, -2.42259, -1.93252, -0.416647
6.566003084182739, 9.049570662637784, 8.964487319163316, -29.217990148913835, 14.116118400737934, -14.758887834397132, 6.626667066158098, -0.309656, 0.650447, -0.463308, -2.42259, -1.93252, -0.416647
6.685492753982544, 9.049570662637784, 8.964487319163316, -29.217990148913835, 14.116118400737934, -14.758887834397132, 6.626667066158098, -0.297351, 0.675574, -0.452691, -2.45372, -1.91511, -0.474357
6.686432361602783, 9.049570662637784, 8.964487319163316, -29.217990148913835, 14.116118400737934, -14.758887834397132, 6.626667066158098, -0.297351, 0.675574, -0.452691, -2.45372, -1.91511, -0.474357
6.8024420738220215, 9.049570662637784, 8.964487319163316, -29.217990148913835, 14.116118400737934, -14.758887834397132, 6.626667066158098, -0.277562, 0.680826, -0.419114, -2.39793, -1.7475, -0.530806
6.8033788204193115, 9.049570662637784, 8.964487319163316, -29.217990148913835, 14.116118400737934, -14.758887834397132, 6.626667066158098, -0.277562, 0.680826, -0.419114, -2.39793, -1.7475, -0.530806
6.9201366901397705, 9.049570662637784, 8.964487319163316, -29.217990148913835, 14.116118400737934, -14.758887834397132, 6.626667066158098, -0.296996, 0.721386, -0.451573, -2.61268, -1.9525, -0.567978
6.921069145202637, 9.049570662637784, 8.964487319163316, -29.217990148913835, 14.116118400737934, -14.758887834397132, 6.626667066158098, -0.296996, 0.721386, -0.451573, -2.61268, -1.9525, -0.567978
7.037574529647827, 9.049570662637784, 8.964487319163316, -29.217990148913835, 14.116118400737934, -14.758887834397132, 6.626667066158098, -0.221171, 0.721559, -0.345718, -2.47331, -1.4474, -0.691502
7.0385963916778564, 9.049570662637784, 8.964487319163316, -29.217990148913835, 14.116118400737934, -14.758887834397132, 6.626667066158098, -0.221171, 0.721559, -0.345718, -2.47331, -1.4474, -0.691502
7.154029369354248, 9.049570662637784, 8.964487319163316, -29.217990148913835, 14.116118400737934, -14.758887834397132, 6.626667066158098, -0.174109, 0.700665, -0.29568, -2.4182, -1.20283, -0.58196
7.15495753288269, 9.049570662637784, 8.964487319163316, -29.217990148913835, 14.116118400737934, -14.758887834397132, 6.626667066158098, -0.174109, 0.700665, -0.29568, -2.4182, -1.20283, -0.58196
7.271319150924683, 9.049570662637784, 8.964487319163316, -29.217990148913835, 14.116118400737934, -14.758887834397132, 6.626667066158098, -0.150997, 0.743687, -0.260538, -2.62477, -1.00588, -0.627547
7.2722954750061035, 9.049570662637784, 8.964487319163316, -29.217990148913835, 14.116118400737934, -14.758887834397132, 6.626667066158098, -0.150997, 0.743687, -0.260538, -2.62477, -1.00588, -0.627547
7.397032022476196, 9.049570662637784, 8.964487319163316, -29.217990148913835, 14.116118400737934, -14.758887834397132, 6.626667066158098, -0.144898, 0.632167, -0.271577, -2.25158, -1.09048, -0.275459
7.398064851760864, 9.049570662637784, 8.964487319163316, -29.217990148913835, 14.116118400737934, -14.758887834397132, 6.626667066158098, -0.144898, 0.632167, -0.271577, -2.25158, -1.09048, -0.275459
7.515813589096069, 9.049570662637784, 8.964487319163316, -29.217990148913835, 14.116118400737934, -14.758887834397132, 6.626667066158098, -0.111963, 0.66745, -0.222393, -2.49213, -0.845858, -0.295451
7.516754150390625, 9.049570662637784, 8.964487319163316, -29.217990148913835, 14.116118400737934, -14.758887834397132, 6.626667066158098, -0.111963, 0.66745, -0.222393, -2.49213, -0.845858, -0.295451
7.634555101394653, 9.049570662637784, 8.964487319163316, -29.217990148913835, 14.116118400737934, -14.758887834397132, 6.626667066158098, -0.149509, 0.707174, -0.286389, -2.71188, -1.14487, -0.317839
7.63549542427063, 9.049570662637784, 8.964487319163316, -29.217990148913835, 14.116118400737934, -14.758887834397132, 6.626667066158098, -0.149509, 0.707174, -0.286389, -2.71188, -1.14487, -0.317839
7.7547643184661865, 9.049570662637784, 8.964487319163316, -29.217990148913835, 14.116118400737934, -14.758887834397132, 6.626667066158098, -0.151348, 0.699355, -0.297609, -2.80625, -1.19079, -0.176691
7.755735397338867, 9.049570662637784, 8.964487319163316, -29.217990148913835, 14.116118400737934, -14.758887834397132, 6.626667066158098, -0.151348, 0.699355, -0.297609, -2.80625, -1.19079, -0.176691
7.874229192733765, 9.049570662637784, 8.964487319163316, -29.217990148913835, 14.116118400737934, -14.758887834397132, 6.626667066158098, -0.10652, 0.656087, -0.257751, -2.44018, -0.951048, -0.24169
7.8751678466796875, 9.049570662637784, 8.964487319163316, -29.217990148913835, 14.116118400737934, -14.758887834397132, 6.626667066158098, -0.10652, 0.656087, -0.257751, -2.44018, -0.951048, -0.24169
7.99475884437561, 9.049570662637784, 8.964487319163316, -29.217990148913835, 14.116118400737934, -14.758887834397132, 6.626667066158098, -0.00272938, 0.65392, -0.151276, -2.36934, -0.384923, -0.305558
7.9957497119903564, 9.049570662637784, 8.964487319163316, -29.217990148913835, 14.116118400737934, -14.758887834397132, 6.626667066158098, -0.00272938, 0.65392, -0.151276, -2.36934, -0.384923, -0.305558
8.116411209106445, 9.049570662637784, 8.964487319163316, -29.217990148913835, 14.116118400737934, -14.758887834397132, 6.626667066158098, 0.165004, 0.646648, 0.0353177, -2.10478, 0.553587, -0.614037
8.117359399795532, 9.049570662637784, 8.964487319163316, -29.217990148913835, 14.116118400737934, -14.758887834397132, 6.626667066158098, 0.165004, 0.646648, 0.0353177, -2.10478, 0.553587, -0.614037
8.237761735916138, 9.049570662637784, 8.964487319163316, -29.217990148913835, 14.116118400737934, -14.758887834397132, 6.626667066158098, 0.296274, 0.616436, 0.185845, -1.68007, 1.34315, -0.821622
8.238748550415039, 9.049570662637784, 8.964487319163316, -29.217990148913835, 14.116118400737934, -14.758887834397132, 6.626667066158098, 0.296274, 0.616436, 0.185845, -1.68007, 1.34315, -0.821622
8.359793186187744, 9.049570662637784, 8.964487319163316, -29.217990148913835, 14.116118400737934, -14.758887834397132, 6.626667066158098, 0.288276, 0.620385, 0.172587, -1.46595, 1.24369, -0.984353
8.360765218734741, 9.049570662637784, 8.964487319163316, -29.217990148913835, 14.116118400737934, -14.758887834397132, 6.626667066158098, 0.288276, 0.620385, 0.172587, -1.46595, 1.24369, -0.984353
8.485922574996948, 9.049570662637784, 8.964487319163316, -29.217990148913835, 14.116118400737934, -14.758887834397132, 6.626667066158098, 0.232401, 0.710528, 0.0964544, -1.78346, 0.885643, -1.16885
8.48691177368164, 9.049570662637784, 8.964487319163316, -29.217990148913835, 14.116118400737934, -14.758887834397132, 6.626667066158098, 0.232401, 0.710528, 0.0964544, -1.78346, 0.885643, -1.16885
8.608651399612427, 9.049570662637784, 8.964487319163316, -29.217990148913835, 14.116118400737934, -14.758887834397132, 6.626667066158098, 0.205809, 0.651589, 0.0732479, -1.8526, 0.75774, -0.840741
8.609634399414062, 9.049570662637784, 8.964487319163316, -29.217990148913835, 14.116118400737934, -14.758887834397132, 6.626667066158098, 0.205809, 0.651589, 0.0732479, -1.8526, 0.75774, -0.840741
8.731329679489136, 9.049570662637784, 8.964487319163316, -29.217990148913835, 14.116118400737934, -14.758887834397132, 6.626667066158098, 0.288601, 0.710855, 0.159779, -1.48582, 1.23366, -1.45971
8.732324361801147, 9.049570662637784, 8.964487319163316, -29.217990148913835, 14.116118400737934, -14.758887834397132, 6.626667066158098, 0.288601, 0.710855, 0.159779, -1.48582, 1.23366, -1.45971
8.852368593215942, 9.049570662637784, 8.964487319163316, -29.217990148913835, 14.116118400737934, -14.758887834397132, 6.626667066158098, 0.30402, 0.672148, 0.17497, -1.42923, 1.32833, -1.29604
8.853307247161865, 9.049570662637784, 8.964487319163316, -29.217990148913835, 14.116118400737934, -14.758887834397132, 6.626667066158098, 0.30402, 0.672148, 0.17497, -1.42923, 1.32833, -1.29604
8.974239110946655, 9.049570662637784, 8.964487319163316, -29.217990148913835, 14.116118400737934, -14.758887834397132, 6.626667066158098, 0.343951, 0.652393, 0.224169, -1.46587, 1.61254, -1.22489
8.975215435028076, 9.049570662637784, 8.964487319163316, -29.217990148913835, 14.116118400737934, -14.758887834397132, 6.626667066158098, 0.343951, 0.652393, 0.224169, -1.46587, 1.61254, -1.22489
9.097199201583862, 9.049570662637784, 8.964487319163316, -29.217990148913835, 14.116118400737934, -14.758887834397132, 6.626667066158098, 0.336928, 0.623448, 0.212853, -1.62275, 1.56261, -0.910877
9.09828805923462, 9.049570662637784, 8.964487319163316, -29.217990148913835, 14.116118400737934, -14.758887834397132, 6.626667066158098, 0.336928, 0.623448, 0.212853, -1.62275, 1.56261, -0.910877
9.22024416923523, 9.049570662637784, 8.964487319163316, -29.217990148913835, 14.116118400737934, -14.758887834397132, 6.626667066158098, 0.351275, 0.657495, 0.223381, -1.41596, 1.60879, -1.23073
9.221232891082764, 9.049570662637784, 8.964487319163316, -29.217990148913835, 14.116118400737934, -14.758887834397132, 6.626667066158098, 0.351275, 0.657495, 0.223381, -1.41596, 1.60879, -1.23073
9.342772006988525, 9.049570662637784, 8.964487319163316, -29.217990148913835, 14.116118400737934, -14.758887834397132, 6.626667066158098, 0.347682, 0.637938, 0.233171, -1.34038, 1.6561, -1.24652
9.343713998794556, 9.049570662637784, 8.964487319163316, -29.217990148913835, 14.116118400737934, -14.758887834397132, 6.626667066158098, 0.347682, 0.637938, 0.233171, -1.34038, 1.6561, -1.24652
9.469453573226929, 9.049570662637784, 8.964487319163316, -29.217990148913835, 14.116118400737934, -14.758887834397132, 6.626667066158098, 0.333294, 0.655924, 0.211497, -1.27385, 1.54549, -1.37646
9.470454454421997, 9.049570662637784, 8.964487319163316, -29.217990148913835, 14.116118400737934, -14.758887834397132, 6.626667066158098, 0.333294, 0.655924, 0.211497, -1.27385, 1.54549, -1.37646
9.592282772064209, 9.049570662637784, 8.964487319163316, -29.217990148913835, 14.116118400737934, -14.758887834397132, 6.626667066158098, 0.324164, 0.626318, 0.209992, -1.2381, 1.53321, -1.24767
9.593262195587158, 9.049570662637784, 8.964487319163316, -29.217990148913835, 14.116118400737934, -14.758887834397132, 6.626667066158098, 0.324164, 0.626318, 0.209992, -1.2381, 1.53321, -1.24767
9.71625804901123, 9.049570662637784, 8.964487319163316, -29.217990148913835, 14.116118400737934, -14.758887834397132, 6.626667066158098, 0.333269, 0.601499, 0.236438, -1.26363, 1.69563, -1.13609
9.717240810394287, 9.049570662637784, 8.964487319163316, -29.217990148913835, 14.116118400737934, -14.758887834397132, 6.626667066158098, 0.333269, 0.601499, 0.236438, -1.26363, 1.69563, -1.13609
9.840611696243286, 9.049570662637784, 8.964487319163316, -29.217990148913835, 14.116118400737934, -14.758887834397132, 6.626667066158098, 0.315449, 0.581118, 0.195937, -1.23246, 1.49801, -1.2014
9.841723442077637, 9.049570662637784, 8.964487319163316, -29.217990148913835, 14.116118400737934, -14.758887834397132, 6.626667066158098, 0.315449, 0.581118, 0.195937, -1.23246, 1.49801, -1.2014
9.965258598327637, 9.049570662637784, 8.964487319163316, -29.217990148913835, 14.116118400737934, -14.758887834397132, 6.626667066158098, 0.362647, 0.564499, 0.226651, -1.30758, 1.67713, -1.12049
9.966298580169678, 9.049570662637784, 8.964487319163316, -29.217990148913835, 14.116118400737934, -14.758887834397132, 6.626667066158098, 0.362647, 0.564499, 0.226651, -1.30758, 1.67713, -1.12049
10.089673042297363, 9.049570662637784, 8.964487319163316, -29.217990148913835, 14.116118400737934, -14.758887834397132, 6.626667066158098, 0.412972, 0.538426, 0.269726, -1.26191, 1.94128, -0.894992
10.090660572052002, 9.049570662637784, 8.964487319163316, -29.217990148913835, 14.116118400737934, -14.758887834397132, 6.626667066158098, 0.412972, 0.538426, 0.269726, -1.26191, 1.94128, -0.894992
10.214470386505127, 9.049570662637784, 8.964487319163316, -29.217990148913835, 14.116118400737934, -14.758887834397132, 6.626667066158098, 0.402049, 0.562912, 0.250596, -1.1125, 1.90372, -1.42313
10.215455532073975, 9.049570662637784, 8.964487319163316, -29.217990148913835, 14.116118400737934, -14.758887834397132, 6.626667066158098, 0.402049, 0.562912, 0.250596, -1.1125, 1.90372, -1.42313
10.338373899459839, 9.049570662637784, 8.964487319163316, -29.217990148913835, 14.116118400737934, -14.758887834397132, 6.626667066158098, 0.555965, 0.616435, 0.40467, -1.08893, 2.73397, -2.03883
10.33939266204834, 9.049570662637784, 8.964487319163316, -29.217990148913835, 14.116118400737934, -14.758887834397132, 6.626667066158098, 0.555965, 0.616435, 0.40467, -1.08893, 2.73397, -2.03883
