# Timestamp, Fx, Fy, Fz, Tx, Ty, Tz, FemurPosX, FemurPosY, FemurPosZ, FemurQuatW, FemurQuatX, FemurQuatY, FemurQuatZ, TibiaPosX, TibiaPosY, TibiaPosZ, TibiaQuatW, TibiaQuatX, TibiaQuatY, TibiaQuatZ, Flexion, Adduction, Rotation, Anterior_Posterior, Medial_Lateral, Proximal_Distal
0.08878707885742188,-1.27728,0.510299,-1.57328,0.0796237,0.686696,-0.00151507,0.140212,0.409489,0.557078,0.325096,0.678555,0.470607,-0.460874,0.0862641,0.483176,0.261688,0.469793,0.554421,0.542988,-0.420804,4.981535295053742,6.007103294061469,-23.201341032867152,21.682839562627983,-16.14306705136751,9.35587857118773
0.08975911140441895,-1.27728,0.510299,-1.57328,0.0796237,0.686696,-0.00151507,0.140212,0.409489,0.557078,0.325096,0.678555,0.470607,-0.460874,0.0862641,0.483176,0.261688,0.469793,0.554421,0.542988,-0.420804,4.981535295053742,6.007103294061469,-23.201341032867152,21.682839562627983,-16.14306705136751,9.35587857118773
0.1750478744506836,-1.45843,0.299973,-1.70634,0.0447364,0.740659,-0.0476079,0.140213,0.409524,0.557085,0.324737,0.678399,0.470678,-0.461284,0.0854155,0.482129,0.259808,0.471716,0.54936,0.543584,-0.424505,5.622696644871089,5.7220198182588,-23.40240745276139,22.03009640948539,-15.137315740663887,9.048238021149801
0.1760396957397461,-1.45843,0.299973,-1.70634,0.0447364,0.740659,-0.0476079,0.140213,0.409524,0.557085,0.324737,0.678399,0.470678,-0.461284,0.0854155,0.482129,0.259808,0.471716,0.54936,0.543584,-0.424505,5.622696644871089,5.7220198182588,-23.40240745276139,22.03009640948539,-15.137315740663887,9.048238021149801
0.261854887008667,-1.6129,-0.0808508,-1.59478,-0.0339245,0.736096,-0.118094,0.140174,0.409525,0.557119,0.324499,0.678576,0.470826,-0.46104,0.0820524,0.482377,0.259535,0.470991,0.545704,0.548264,-0.424006,5.6271208679841775,5.139162861190967,-23.71459425707618,21.689690461086638,-15.73005806136782,9.726238823484513
0.2628743648529053,-1.6129,-0.0808508,-1.59478,-0.0339245,0.736096,-0.118094,0.140174,0.409525,0.557119,0.324499,0.678576,0.470826,-0.46104,0.0820524,0.482377,0.259535,0.470991,0.545704,0.548264,-0.424006,5.6271208679841775,5.139162861190967,-23.71459425707618,21.689690461086638,-15.73005806136782,9.726238823484513
0.3482320308685303,-1.48001,-0.0694478,-1.54333,-0.0305602,0.716352,-0.0949326,0.140116,0.409559,0.557122,0.324554,0.67838,0.471014,-0.461097,0.0757542,0.482674,0.259272,0.473196,0.53659,0.557101,-0.421658,5.750267456875183,4.197051434843491,-24.741843347669843,22.221973323507264,-15.884713396508344,10.29778756083304
0.3492112159729004,-1.48001,-0.0694478,-1.54333,-0.0305602,0.716352,-0.0949326,0.140116,0.409559,0.557122,0.324554,0.67838,0.471014,-0.461097,0.0757542,0.482674,0.259272,0.473196,0.53659,0.557101,-0.421658,5.750267456875183,4.197051434843491,-24.741843347669843,22.221973323507264,-15.884713396508344,10.29778756083304
0.43494176864624023,-1.81392,-0.825607,-1.32428,-0.174645,0.737889,-0.224957,0.13993,0.409668,0.557068,0.325174,0.677572,0.471818,-0.461027,0.0690483,0.482764,0.258855,0.472771,0.525034,0.568,-0.42214,6.01931736867112,2.766252603221235,-25.460072325208976,22.979138195932137,-15.523458680295692,11.228139173567417
0.4359130859375,-1.81392,-0.825607,-1.32428,-0.174645,0.737889,-0.224957,0.13993,0.409668,0.557068,0.325174,0.677572,0.471818,-0.461027,0.0690483,0.482764,0.258855,0.472771,0.525034,0.568,-0.42214,6.01931736867112,2.766252603221235,-25.460072325208976,22.979138195932137,-15.523458680295692,11.228139173567417
0.5201928615570068,-2.03652,-1.88166,-0.890005,-0.36647,0.720893,-0.415367,0.139635,0.409842,0.557004,0.324374,0.678623,0.471216,-0.46066,0.0636048,0.482896,0.258185,0.469995,0.518493,0.572228,-0.427581,6.634706044895843,1.6755791390007597,-25.42870171709928,23.109449575208227,-17.744998841937093,10.790706435364836
0.5211477279663086,-2.03652,-1.88166,-0.890005,-0.36647,0.720893,-0.415367,0.139635,0.409842,0.557004,0.324374,0.678623,0.471216,-0.46066,0.0636048,0.482896,0.258185,0.469995,0.518493,0.572228,-0.427581,6.634706044895843,1.6755791390007597,-25.42870171709928,23.109449575208227,-17.744998841937093,10.790706435364836
0.6049771308898926,-1.35289,-3.11399,-0.51611,-0.585616,0.602164,-0.603832,0.139501,0.40998,0.557062,0.324217,0.678228,0.471725,-0.460831,0.0609193,0.482149,0.256579,0.468067,0.512886,0.574925,-0.432807,7.177372581566456,0.9608001838967541,-25.24625756365756,22.930725472014903,-18.00503334788123,11.325410471171265
0.6059398651123047,-1.35289,-3.11399,-0.51611,-0.585616,0.602164,-0.603832,0.139501,0.40998,0.557062,0.324217,0.678228,0.471725,-0.460831,0.0609193,0.482149,0.256579,0.468067,0.512886,0.574925,-0.432807,7.177372581566456,0.9608001838967541,-25.24625756365756,22.930725472014903,-18.00503334788123,11.325410471171265
0.69063401222229,-2.41158,-3.44611,-0.119556,-0.670849,0.67712,-0.667568,0.139407,0.410028,0.557025,0.324356,0.678216,0.471636,-0.460842,0.0600724,0.480888,0.25422,0.467664,0.509896,0.57204,-0.440532,8.002911046893024,0.7282870550532312,-24.704931049707444,23.00828860050623,-19.38299981618676,10.771511147572465
0.6915934085845947,-2.41158,-3.44611,-0.119556,-0.670849,0.67712,-0.667568,0.139407,0.410028,0.557025,0.324356,0.678216,0.471636,-0.460842,0.0600724,0.480888,0.25422,0.467664,0.509896,0.57204,-0.440532,8.002911046893024,0.7282870550532312,-24.704931049707444,23.00828860050623,-19.38299981618676,10.771511147572465
0.7765505313873291,-2.25195,-3.90664,-0.315678,-0.735557,0.716186,-0.716419,0.13943,0.410022,0.557015,0.324211,0.67802,0.471869,-0.460994,0.0599324,0.479238,0.251518,0.467098,0.505442,0.570249,-0.448513,8.902885715952825,0.363058908193889,-24.233236873655887,23.033010198457735,-19.172983368313144,10.501477958613695
0.7775089740753174,-2.25195,-3.90664,-0.315678,-0.735557,0.716186,-0.716419,0.13943,0.410022,0.557015,0.324211,0.67802,0.471869,-0.460994,0.0599324,0.479238,0.251518,0.467098,0.505442,0.570249,-0.448513,8.902885715952825,0.363058908193889,-24.233236873655887,23.033010198457735,-19.172983368313144,10.501477958613695
0.8621861934661865,-2.48444,-4.40815,0.141528,-0.821083,0.683649,-0.791684,0.139351,0.410088,0.556919,0.324151,0.678566,0.471783,-0.460321,0.059632,0.476853,0.2472,0.465614,0.502314,0.564851,-0.460247,10.147938890287275,0.027724603059223786,-23.225671275662734,22.15201648811129,-21.09382826010353,10.218106748631365
0.8631582260131836,-2.48444,-4.40815,0.141528,-0.821083,0.683649,-0.791684,0.139351,0.410088,0.556919,0.324151,0.678566,0.471783,-0.460321,0.059632,0.476853,0.2472,0.465614,0.502314,0.564851,-0.460247,10.147938890287275,0.027724603059223786,-23.225671275662734,22.15201648811129,-21.09382826010353,10.218106748631365
0.9483664035797119,-1.29175,-4.89896,0.45646,-0.919788,0.505163,-0.879285,0.139204,0.410165,0.556781,0.323822,0.677926,0.472382,-0.460881,0.0587563,0.473556,0.241729,0.466173,0.495619,0.558691,-0.474246,11.820183943581524,-0.22902407484991275,-22.34114401815982,22.047073475438815,-22.092397077487984,9.660105630015257
0.9493229389190674,-1.29175,-4.89896,0.45646,-0.919788,0.505163,-0.879285,0.139204,0.410165,0.556781,0.323822,0.677926,0.472382,-0.460881,0.0587563,0.473556,0.241729,0.466173,0.495619,0.558691,-0.474246,11.820183943581524,-0.22902407484991275,-22.34114401815982,22.047073475438815,-22.092397077487984,9.660105630015257
1.0360112190246582,-2.05078,-5.21631,1.35252,-1.00839,0.449713,-0.932748,0.139067,0.410228,0.556611,0.321854,0.676573,0.473904,-0.462682,0.058744,0.468217,0.234298,0.463794,0.484858,0.552057,-0.495016,14.129109090931415,-0.8734111732556905,-20.977678699595472,21.24017395535269,-20.333722582113364,9.358406969796235
1.0369737148284912,-2.05078,-5.21631,1.35252,-1.00839,0.449713,-0.932748,0.139067,0.410228,0.556611,0.321854,0.676573,0.473904,-0.462682,0.058744,0.468217,0.234298,0.463794,0.484858,0.552057,-0.495016,14.129109090931415,-0.8734111732556905,-20.977678699595472,21.24017395535269,-20.333722582113364,9.358406969796235
1.1228094100952148,-1.94616,-4.79354,1.75435,-0.967133,0.375843,-0.754226,0.138993,0.410265,0.556555,0.320957,0.67648,0.474526,-0.462802,0.0608469,0.462593,0.226645,0.463902,0.479357,0.539414,-0.513853,16.385779534410894,-0.9208379160914805,-19.421242339122504,20.130673795538563,-20.650898278278476,8.61873485029348
1.1237778663635254,-1.94616,-4.79354,1.75435,-0.967133,0.375843,-0.754226,0.138993,0.410265,0.556555,0.320957,0.67648,0.474526,-0.462802,0.0608469,0.462593,0.226645,0.463902,0.479357,0.539414,-0.513853,16.385779534410894,-0.9208379160914805,-19.421242339122504,20.130673795538563,-20.650898278278476,8.61873485029348
1.2098755836486816,-1.29838,-5.24355,2.73555,-1.10603,0.10228,-0.848111,0.139019,0.410232,0.556414,0.32129,0.676163,0.474563,-0.462997,0.0828889,0.453647,0.213002,-0.429689,-0.488596,-0.493477,0.577167,20.18706112654573,-2.260387812148492,-9.980591081657291,21.41831702618845,-20.122314872503374,7.7483311179136605
1.2108347415924072,-1.29838,-5.24355,2.73555,-1.10603,0.10228,-0.848111,0.139019,0.410232,0.556414,0.32129,0.676163,0.474563,-0.462997,0.0828889,0.453647,0.213002,-0.429689,-0.488596,-0.493477,0.577167,20.18706112654573,-2.260387812148492,-9.980591081657291,21.41831702618845,-20.122314872503374,7.7483311179136605
1.2975258827209473,-2.1698,-3.83041,1.71296,-0.922958,0.452561,-0.528639,0.139464,0.409931,0.556288,0.322099,0.67562,0.473598,-0.464214,0.0960989,0.445653,0.205378,-0.41839,-0.494683,-0.463807,0.604253,22.150886590035125,-2.0859985246399346,-5.783911131673138,22.215143927316387,-19.183551224875877,6.82430691183764
1.2984845638275146,-2.1698,-3.83041,1.71296,-0.922958,0.452561,-0.528639,0.139464,0.409931,0.556288,0.322099,0.67562,0.473598,-0.464214,0.0960989,0.445653,0.205378,-0.41839,-0.494683,-0.463807,0.604253,22.150886590035125,-2.0859985246399346,-5.783911131673138,22.215143927316387,-19.183551224875877,6.82430691183764
1.3841094970703125,-0.029707,-4.65867,1.87263,-1.06172,0.184887,-0.581755,0.139615,0.409886,0.556305,0.321706,0.675799,0.473394,-0.464434,0.109335,0.437003,0.197804,-0.401745,-0.5027,-0.432858,0.631291,23.98679995077889,-2.190466333533789,-0.9483828228101204,21.836682454914936,-18.54848263670448,6.800227213554074
1.385068655014038,-0.029707,-4.65867,1.87263,-1.06172,0.184887,-0.581755,0.139615,0.409886,0.556305,0.321706,0.675799,0.473394,-0.464434,0.109335,0.437003,0.197804,-0.401745,-0.5027,-0.432858,0.631291,23.98679995077889,-2.190466333533789,-0.9483828228101204,21.836682454914936,-18.54848263670448,6.800227213554074
1.470513105392456,-1.24435,-4.39151,2.25525,-1.10778,0.257524,-0.429532,0.139533,0.40978,0.556256,0.321983,0.675753,0.47354,-0.464159,0.120179,0.427267,0.190949,-0.389511,-0.508896,-0.403419,0.653116,25.796626680630343,-2.150230432609774,3.1878738268104936,21.180462287433716,-18.55605968945655,6.574530624024925
1.471473217010498,-1.24435,-4.39151,2.25525,-1.10778,0.257524,-0.429532,0.139533,0.40978,0.556256,0.321983,0.675753,0.47354,-0.464159,0.120179,0.427267,0.190949,-0.389511,-0.508896,-0.403419,0.653116,25.796626680630343,-2.150230432609774,3.1878738268104936,21.180462287433716,-18.55605968945655,6.574530624024925
1.5579862594604492,-0.54755,-4.07208,2.22214,-1.19679,0.0942263,-0.353725,0.139813,0.409743,0.556246,0.321263,0.676206,0.472966,-0.464584,0.131389,0.416742,0.18409,-0.380169,-0.510443,-0.373893,0.674628,28.0662844149553,-2.272619049521617,6.849993194801889,21.576173921367896,-15.739342947380493,5.163378047808824
1.558948040008545,-0.54755,-4.07208,2.22214,-1.19679,0.0942263,-0.353725,0.139813,0.409743,0.556246,0.321263,0.676206,0.472966,-0.464584,0.131389,0.416742,0.18409,-0.380169,-0.510443,-0.373893,0.674628,28.0662844149553,-2.272619049521617,6.849993194801889,21.576173921367896,-15.739342947380493,5.163378047808824
1.645366907119751,0.724747,-4.48339,1.39903,-1.28903,0.0461261,-0.431403,0.139465,0.409854,0.556257,0.322621,0.675263,0.474058,-0.463902,0.139065,0.406727,0.177887,-0.365321,-0.516281,-0.34928,0.691374,29.120874942277716,-2.635054595713714,10.97648890320656,19.942850440065296,-16.648506062663444,7.644254384200657
1.6463422775268555,0.724747,-4.48339,1.39903,-1.28903,0.0461261,-0.431403,0.139465,0.409854,0.556257,0.322621,0.675263,0.474058,-0.463902,0.139065,0.406727,0.177887,-0.365321,-0.516281,-0.34928,0.691374,29.120874942277716,-2.635054595713714,10.97648890320656,19.942850440065296,-16.648506062663444,7.644254384200657
1.7329018115997314,1.15667,-4.41061,0.817625,-1.31678,0.074273,-0.38775,0.14002,0.409645,0.556387,0.322129,0.676404,0.473053,-0.463607,0.144885,0.395169,0.172375,-0.372086,-0.51142,-0.322881,0.704095,32.16354264268543,-2.201170436387326,12.377419710316424,20.22470902067621,-15.431480773150017,4.471239217720422
1.733863353729248,1.15667,-4.41061,0.817625,-1.31678,0.074273,-0.38775,0.14002,0.409645,0.556387,0.322129,0.676404,0.473053,-0.463607,0.144885,0.395169,0.172375,-0.372086,-0.51142,-0.322881,0.704095,32.16354264268543,-2.201170436387326,12.377419710316424,20.22470902067621,-15.431480773150017,4.471239217720422
1.8206579685211182,2.67959,-4.15306,0.801872,-1.31323,-0.177961,-0.38993,0.139764,0.409749,0.556317,0.322083,0.676327,0.473067,-0.463736,0.152894,0.381705,0.164783,-0.363737,-0.509166,-0.289655,0.724255,34.83415273316119,-2.684849302440846,16.409306791005292,21.19143112403036,-13.498068911415075,4.108426411004304
1.8216216564178467,2.67959,-4.15306,0.801872,-1.31323,-0.177961,-0.38993,0.139764,0.409749,0.556317,0.322083,0.676327,0.473067,-0.463736,0.152894,0.381705,0.164783,-0.363737,-0.509166,-0.289655,0.724255,34.83415273316119,-2.684849302440846,16.409306791005292,21.19143112403036,-13.498068911415075,4.108426411004304
1.9090476036071777,1.06833,-3.54445,0.77237,-1.26046,0.00125352,-0.291919,0.140101,0.409719,0.556477,0.322136,0.677635,0.473694,-0.461144,0.15864,0.370345,0.159839,-0.360411,-0.508879,-0.26415,0.735779,37.078507055690984,-2.883924769914146,19.200488401372073,19.974864808340644,-14.050340845502904,3.96880298230895
1.9100041389465332,1.06833,-3.54445,0.77237,-1.26046,0.00125352,-0.291919,0.140101,0.409719,0.556477,0.322136,0.677635,0.473694,-0.461144,0.15864,0.370345,0.159839,-0.360411,-0.508879,-0.26415,0.735779,37.078507055690984,-2.883924769914146,19.200488401372073,19.974864808340644,-14.050340845502904,3.96880298230895
1.997359275817871,0.465891,-3.18129,1.02997,-1.21397,0.0282599,-0.212739,0.139964,0.409614,0.55633,0.321571,0.676079,0.472961,-0.464561,0.161513,0.359521,0.155939,-0.363505,-0.505262,-0.24325,0.743911,38.93945536833605,-2.3857862588640892,20.314240804378425,20.29257653849295,-12.114628069113348,3.820152451217356
1.9982848167419434,0.465891,-3.18129,1.02997,-1.21397,0.0282599,-0.212739,0.139964,0.409614,0.55633,0.321571,0.676079,0.472961,-0.464561,0.161513,0.359521,0.155939,-0.363505,-0.505262,-0.24325,0.743911,38.93945536833605,-2.3857862588640892,20.314240804378425,20.29257653849295,-12.114628069113348,3.820152451217356
2.0857694149017334,0.479347,-2.61982,0.667621,-1.11952,0.0557539,-0.147275,0.140012,0.409604,0.556284,0.321992,0.675634,0.472742,-0.465141,0.167112,0.347232,0.151541,-0.357811,-0.501737,-0.216059,0.757331,41.054397511283916,-2.919029446921541,23.56761438715887,21.235518505994982,-10.01451719665492,3.3019983046080004
2.086714506149292,0.479347,-2.61982,0.667621,-1.11952,0.0557539,-0.147275,0.140012,0.409604,0.556284,0.321992,0.675634,0.472742,-0.465141,0.167112,0.347232,0.151541,-0.357811,-0.501737,-0.216059,0.757331,41.054397511283916,-2.919029446921541,23.56761438715887,21.235518505994982,-10.01451719665492,3.3019983046080004
2.173274040222168,1.29845,-2.79491,0.648505,-1.1217,-0.0480936,-0.126557,0.140018,0.409571,0.556243,0.321876,0.675785,0.472381,-0.465367,0.169867,0.337229,0.149094,-0.360063,-0.497348,-0.196786,0.764379,43.02435122099781,-2.946048313422852,25.014356360658564,20.777241373380033,-8.76555521730299,2.2367589072977188
2.174215793609619,1.29845,-2.79491,0.648505,-1.1217,-0.0480936,-0.126557,0.140018,0.409571,0.556243,0.321876,0.675785,0.472381,-0.465367,0.169867,0.337229,0.149094,-0.360063,-0.497348,-0.196786,0.764379,43.02435122099781,-2.946048313422852,25.014356360658564,20.777241373380033,-8.76555521730299,2.2367589072977188
2.262817859649658,-0.156994,-1.91244,0.895373,-0.999572,0.0628824,0.011021,0.140334,0.409434,0.556137,0.320124,0.677326,0.472441,-0.464273,0.172918,0.328187,0.147304,-0.364632,-0.497803,-0.179968,0.766059,44.8177972658104,-2.264014451319181,25.46523780611388,18.38001183838711,-9.008862527370146,2.4539644809182546
2.2637991905212402,-0.156994,-1.91244,0.895373,-0.999572,0.0628824,0.011021,0.140334,0.409434,0.556137,0.320124,0.677326,0.472441,-0.464273,0.172918,0.328187,0.147304,-0.364632,-0.497803,-0.179968,0.766059,44.8177972658104,-2.264014451319181,25.46523780611388,18.38001183838711,-9.008862527370146,2.4539644809182546
2.352165937423706,0.755657,-1.59187,0.553979,-0.907982,0.00105289,0.083024,0.14033,0.40941,0.556057,0.320417,0.677322,0.472213,-0.46431,0.176303,0.317196,0.145518,-0.369112,-0.495033,-0.159504,0.770232,46.827510495094046,-1.9432301346105854,26.54226872722024,17.48955677945322,-8.160497450377193,2.2135637114313162
2.353133201599121,0.755657,-1.59187,0.553979,-0.907982,0.00105289,0.083024,0.14033,0.40941,0.556057,0.320417,0.677322,0.472213,-0.46431,0.176303,0.317196,0.145518,-0.369112,-0.495033,-0.159504,0.770232,46.827510495094046,-1.9432301346105854,26.54226872722024,17.48955677945322,-8.160497450377193,2.2135637114313162
2.44181227684021,1.20443,-0.0439222,0.362493,-0.677014,-0.0184849,0.385583,0.140532,0.409276,0.555972,0.321529,0.676674,0.473319,-0.463358,0.178418,0.305448,0.143399,-0.380284,-0.486859,-0.140427,0.773714,49.46964714884389,-1.7252277327924606,27.12145365198781,16.547983632584558,-7.284265517484575,1.5023371959287406
2.4427826404571533,1.20443,-0.0439222,0.362493,-0.677014,-0.0184849,0.385583,0.140532,0.409276,0.555972,0.321529,0.676674,0.473319,-0.463358,0.178418,0.305448,0.143399,-0.380284,-0.486859,-0.140427,0.773714,49.46964714884389,-1.7252277327924606,27.12145365198781,16.547983632584558,-7.284265517484575,1.5023371959287406
2.5310757160186768,-1.2068,-1.60017,0.384963,-0.895049,0.186657,0.0265225,0.140582,0.409173,0.555656,0.322966,0.676448,0.473013,-0.463001,0.179863,0.292967,0.141371,-0.3848,-0.480601,-0.119278,0.778925,51.700425828929255,-1.8948225326327006,28.68622747123987,15.738409297736986,-7.427564333007255,1.870330435836994
2.5320470333099365,-1.2068,-1.60017,0.384963,-0.895049,0.186657,0.0265225,0.140582,0.409173,0.555656,0.322966,0.676448,0.473013,-0.463001,0.179863,0.292967,0.141371,-0.3848,-0.480601,-0.119278,0.778925,51.700425828929255,-1.8948225326327006,28.68622747123987,15.738409297736986,-7.427564333007255,1.870330435836994
2.620609998703003,-0.869297,-1.21178,0.751653,-0.806447,0.0759392,0.137893,0.140604,0.409203,0.555611,0.323441,0.676293,0.472132,-0.463794,0.178701,0.281341,0.139182,-0.383996,-0.476157,-0.103053,0.784348,53.11343931926603,-2.261482095303036,30.437037542099826,13.76746724881034,-8.422422630665613,4.77355961954091
2.621574878692627,-0.869297,-1.21178,0.751653,-0.806447,0.0759392,0.137893,0.140604,0.409203,0.555611,0.323441,0.676293,0.472132,-0.463794,0.178701,0.281341,0.139182,-0.383996,-0.476157,-0.103053,0.784348,53.11343931926603,-2.261482095303036,30.437037542099826,13.76746724881034,-8.422422630665613,4.77355961954091
2.7097620964050293,-0.387648,-0.630016,0.312854,-0.660568,0.131143,0.253423,0.140754,0.409024,0.55539,0.322113,0.676763,0.471598,-0.464576,0.175118,0.271621,0.136367,-0.400598,-0.458893,-0.09055,0.78787,56.194891171329715,-2.1591161887890977,29.699531820960537,13.831515233212297,-7.232327201911923,3.9626779159231384
2.7107274532318115,-0.387648,-0.630016,0.312854,-0.660568,0.131143,0.253423,0.140754,0.409024,0.55539,0.322113,0.676763,0.471598,-0.464576,0.175118,0.271621,0.136367,-0.400598,-0.458893,-0.09055,0.78787,56.194891171329715,-2.1591161887890977,29.699531820960537,13.831515233212297,-7.232327201911923,3.9626779159231384
2.799229621887207,-0.657553,1.32531,1.31805,-0.497826,0.00586152,0.636977,0.140706,0.409059,0.555322,0.322362,0.676438,0.47184,-0.464629,0.171069,0.264101,0.134335,-0.42777,-0.441175,-0.0857129,0.784239,59.13052605002521,-1.146068351351934,26.241924778660493,13.40542679113183,-7.056630108832496,3.7225470570251167
2.800215244293213,-0.657553,1.32531,1.31805,-0.497826,0.00586152,0.636977,0.140706,0.409059,0.555322,0.322362,0.676438,0.47184,-0.464629,0.171069,0.264101,0.134335,-0.42777,-0.441175,-0.0857129,0.784239,59.13052605002521,-1.146068351351934,26.241924778660493,13.40542679113183,-7.056630108832496,3.7225470570251167
2.8894453048706055,0.966417,-0.941223,1.71595,-0.806317,-0.331788,0.300853,0.140649,0.409104,0.555348,0.322712,0.675779,0.472178,-0.465003,0.168243,0.257545,0.133065,-0.430645,-0.430391,-0.0787184,0.789374,60.522901805114884,-1.8427337954108585,27.530112723316737,13.036891883590368,-6.3782804970788884,3.9680400940725455
2.890425443649292,0.966417,-0.941223,1.71595,-0.806317,-0.331788,0.300853,0.140649,0.409104,0.555348,0.322712,0.675779,0.472178,-0.465003,0.168243,0.257545,0.133065,-0.430645,-0.430391,-0.0787184,0.789374,60.522901805114884,-1.8427337954108585,27.530112723316737,13.036891883590368,-6.3782804970788884,3.9680400940725455
2.9798028469085693,0.961746,-1.33765,1.90752,-0.932176,-0.400769,0.309395,0.140864,0.408952,0.555188,0.322231,0.67716,0.471034,-0.464487,0.167023,0.253762,0.13253,-0.436137,-0.419549,-0.0726901,0.792767,62.1287619360777,-2.2363766510877325,27.89750322665873,13.613119271627781,-4.955637207463248,1.7893717910159905
2.9807775020599365,0.961746,-1.33765,1.90752,-0.932176,-0.400769,0.309395,0.140864,0.408952,0.555188,0.322231,0.67716,0.471034,-0.464487,0.167023,0.253762,0.13253,-0.436137,-0.419549,-0.0726901,0.792767,62.1287619360777,-2.2363766510877325,27.89750322665873,13.613119271627781,-4.955637207463248,1.7893717910159905
3.071047306060791,0.598583,-2.2099,2.14565,-1.09463,-0.45985,0.283514,0.140881,0.409026,0.555148,0.321376,0.678425,0.471159,-0.463105,0.166641,0.252235,0.132394,-0.433961,-0.419486,-0.0675919,0.794443,62.639662395912204,-2.4738560556093727,28.906381466656146,13.17042681405627,-6.185415117993622,1.795951386215398
3.072035789489746,0.598583,-2.2099,2.14565,-1.09463,-0.45985,0.283514,0.140881,0.409026,0.555148,0.321376,0.678425,0.471159,-0.463105,0.166641,0.252235,0.132394,-0.433961,-0.419486,-0.0675919,0.794443,62.639662395912204,-2.4738560556093727,28.906381466656146,13.17042681405627,-6.185415117993622,1.795951386215398
3.1595633029937744,1.23229,-3.12679,2.35568,-1.3572,-0.602575,0.392543,0.140923,0.408938,0.555117,0.321169,0.677786,0.471259,-0.464082,0.167746,0.251985,0.132832,-0.409515,-0.429231,-0.060752,0.802725,61.17876280031392,-3.9400984109121957,33.90531581600596,13.545290541287756,-7.018969308586457,2.799480773441494
3.1605188846588135,1.23229,-3.12679,2.35568,-1.3572,-0.602575,0.392543,0.140923,0.408938,0.555117,0.321169,0.677786,0.471259,-0.464082,0.167746,0.251985,0.132832,-0.409515,-0.429231,-0.060752,0.802725,61.17876280031392,-3.9400984109121957,33.90531581600596,13.545290541287756,-7.018969308586457,2.799480773441494
3.2492597103118896,1.82205,-2.38189,2.48644,-1.37782,-0.740388,0.791687,0.141216,0.4087,0.554974,0.322803,0.676894,0.471113,-0.464398,0.17254,0.252073,0.134593,-0.394419,-0.443791,-0.0569833,0.802643,59.45750404232311,-4.088648859439114,35.73476634518054,12.973127492749216,-8.154857709195886,4.375508765991326
3.2502353191375732,1.82205,-2.38189,2.48644,-1.37782,-0.740388,0.791687,0.141216,0.4087,0.554974,0.322803,0.676894,0.471113,-0.464398,0.17254,0.252073,0.134593,-0.394419,-0.443791,-0.0569833,0.802643,59.45750404232311,-4.088648859439114,35.73476634518054,12.973127492749216,-8.154857709195886,4.375508765991326
3.341430187225342,1.39431,-3.45198,2.3124,-1.58949,-0.795712,0.7968,0.1414,0.408633,0.55504,0.321622,0.677743,0.471489,-0.463597,0.17836,0.251677,0.137146,-0.384741,-0.456663,-0.0543178,0.800302,58.43871527548727,-3.6772609428137635,36.25683792083639,10.098391043670254,-7.331674850574049,5.239241648952153
3.3423962593078613,1.39431,-3.45198,2.3124,-1.58949,-0.795712,0.7968,0.1414,0.408633,0.55504,0.321622,0.677743,0.471489,-0.463597,0.17836,0.251677,0.137146,-0.384741,-0.456663,-0.0543178,0.800302,58.43871527548727,-3.6772609428137635,36.25683792083639,10.098391043670254,-7.331674850574049,5.239241648952153
3.4308087825775146,4.60741,-2.9408,2.31399,-1.62752,-1.23106,1.07658,0.141659,0.408441,0.554814,0.322244,0.677398,0.469817,-0.465362,0.180406,0.250387,0.137981,-0.378599,-0.462705,-0.0509882,0.799979,57.70615377336107,-3.5053655954774188,36.67091989558349,10.194691383233193,-7.457444060489205,6.130424862279533
3.431764602661133,4.60741,-2.9408,2.31399,-1.62752,-1.23106,1.07658,0.141659,0.408441,0.554814,0.322244,0.677398,0.469817,-0.465362,0.180406,0.250387,0.137981,-0.378599,-0.462705,-0.0509882,0.799979,57.70615377336107,-3.5053655954774188,36.67091989558349,10.194691383233193,-7.457444060489205,6.130424862279533
3.52030611038208,1.04181,-2.39923,2.56545,-1.6938,-0.99596,1.37706,0.141793,0.408308,0.55461,0.321731,0.678109,0.468338,-0.466172,0.179666,0.246276,0.137832,-0.376909,-0.455225,-0.044761,0.805423,58.56364881720481,-4.27500681874439,38.170819917103124,10.155884778554276,-5.150981080421705,4.607484521367835
3.5212390422821045,1.04181,-2.39923,2.56545,-1.6938,-0.99596,1.37706,0.141793,0.408308,0.55461,0.321731,0.678109,0.468338,-0.466172,0.179666,0.246276,0.137832,-0.376909,-0.455225,-0.044761,0.805423,58.56364881720481,-4.27500681874439,38.170819917103124,10.155884778554276,-5.150981080421705,4.607484521367835
3.6110594272613525,2.44194,-2.27553,2.22552,-1.79777,-1.18255,1.5754,0.142167,0.408146,0.554642,0.320611,0.678295,0.467874,-0.467139,0.181397,0.241776,0.138656,-0.373089,-0.454174,-0.0320812,0.808394,59.381250593924165,-4.471886614681965,39.89982055920405,11.103908895909154,-4.195868821594416,3.366101364532087
3.612023115158081,2.44194,-2.27553,2.22552,-1.79777,-1.18255,1.5754,0.142167,0.408146,0.554642,0.320611,0.678295,0.467874,-0.467139,0.181397,0.241776,0.138656,-0.373089,-0.454174,-0.0320812,0.808394,59.381250593924165,-4.471886614681965,39.89982055920405,11.103908895909154,-4.195868821594416,3.366101364532087
3.7022716999053955,1.02276,-1.51145,1.57285,-1.73251,-0.827149,1.629,0.142086,0.408239,0.554873,0.321125,0.678152,0.467741,-0.467126,0.182431,0.241535,0.139304,-0.372457,-0.459874,-0.0340247,0.805378,58.76696474924515,-3.9970928002592157,39.11538664252142,9.5744764573976,-5.122109409153338,5.431378087002326
3.7032389640808105,1.02276,-1.51145,1.57285,-1.73251,-0.827149,1.629,0.142086,0.408239,0.554873,0.321125,0.678152,0.467741,-0.467126,0.182431,0.241535,0.139304,-0.372457,-0.459874,-0.0340247,0.805378,58.76696474924515,-3.9970928002592157,39.11538664252142,9.5744764573976,-5.122109409153338,5.431378087002326
3.795330047607422,1.78448,-1.6626,2.87862,-1.65291,-1.06248,1.58771,0.142081,0.408154,0.554464,0.32123,0.67833,0.468224,-0.466311,0.183251,0.243374,0.139291,-0.366957,-0.46495,-0.0359391,0.804905,58.04248582762004,-4.081423389859716,39.543138688456764,9.171098539393483,-6.076132497069282,5.827229666894343
3.796241521835327,1.78448,-1.6626,2.87862,-1.65291,-1.06248,1.58771,0.142081,0.408154,0.554464,0.32123,0.67833,0.468224,-0.466311,0.183251,0.243374,0.139291,-0.366957,-0.46495,-0.0359391,0.804905,58.04248582762004,-4.081423389859716,39.543138688456764,9.171098539393483,-6.076132497069282,5.827229666894343
3.887030601501465,1.70721,-1.22239,1.98932,-1.54425,-0.839613,1.44406,0.141841,0.408365,0.555147,0.322203,0.677842,0.469015,-0.465555,0.183384,0.245173,0.139885,-0.371839,-0.461706,-0.0374342,0.804464,58.40640450901026,-4.118280807404014,39.19604496862777,10.525483998124637,-5.551615310242149,4.197271348829756
3.887963056564331,1.70721,-1.22239,1.98932,-1.54425,-0.839613,1.44406,0.141841,0.408365,0.555147,0.322203,0.677842,0.469015,-0.465555,0.183384,0.245173,0.139885,-0.371839,-0.461706,-0.0374342,0.804464,58.40640450901026,-4.118280807404014,39.19604496862777,10.525483998124637,-5.551615310242149,4.197271348829756
3.9780526161193848,0.460995,-0.666019,1.57041,-1.42195,-0.604875,0.901981,0.141667,0.408524,0.555099,0.32199,0.67822,0.469595,-0.464565,0.181387,0.246495,0.138948,-0.379137,-0.455619,-0.0422733,0.804288,58.98213982690779,-4.162293597155914,38.27084225772857,10.325775290728386,-5.094203666193602,3.475539400977249
3.9789721965789795,0.460995,-0.666019,1.57041,-1.42195,-0.604875,0.901981,0.141667,0.408524,0.555099,0.32199,0.67822,0.469595,-0.464565,0.181387,0.246495,0.138948,-0.379137,-0.455619,-0.0422733,0.804288,58.98213982690779,-4.162293597155914,38.27084225772857,10.325775290728386,-5.094203666193602,3.475539400977249
4.0694684982299805,1.40691,-0.909252,1.31445,-1.30159,-0.475254,0.613814,0.141277,0.408748,0.55527,0.321112,0.677731,0.469711,-0.465768,0.178078,0.249197,0.137733,-0.382688,-0.452128,-0.048276,0.804239,58.92782366229014,-4.059956081640281,37.25491580782922,11.242531533018173,-5.220388897870962,3.6661470025576777
4.070441484451294,1.40691,-0.909252,1.31445,-1.30159,-0.475254,0.613814,0.141277,0.408748,0.55527,0.321112,0.677731,0.469711,-0.465768,0.178078,0.249197,0.137733,-0.382688,-0.452128,-0.048276,0.804239,58.92782366229014,-4.059956081640281,37.25491580782922,11.242531533018173,-5.220388897870962,3.6661470025576777
4.160674095153809,0.959286,-0.847889,0.502652,-1.06027,-0.0942085,0.454942,0.140836,0.409183,0.556225,0.319534,0.678345,0.471647,-0.463999,0.179237,0.257133,0.138832,-0.383055,-0.462735,-0.0603092,0.797188,57.63390079264355,-3.0623255405058165,35.003186086128146,10.207222708736033,-6.831569741990931,4.935582155958836
4.161637306213379,0.959286,-0.847889,0.502652,-1.06027,-0.0942085,0.454942,0.140836,0.409183,0.556225,0.319534,0.678345,0.471647,-0.463999,0.179237,0.257133,0.138832,-0.383055,-0.462735,-0.0603092,0.797188,57.63390079264355,-3.0623255405058165,35.003186086128146,10.207222708736033,-6.831569741990931,4.935582155958836
4.252672910690308,0.580292,-3.23096,2.01239,-1.39108,-0.285516,0.449623,0.140734,0.409005,0.555556,0.321099,0.676232,0.470908,-0.466746,0.186526,0.26495,0.142892,-0.367972,-0.480216,-0.0669488,0.793415,54.69013297812228,-2.5829344830135916,35.18250350275741,11.84109618251409,-4.799536419091035,2.797175293118463
4.2536280155181885,0.580292,-3.23096,2.01239,-1.39108,-0.285516,0.449623,0.140734,0.409005,0.555556,0.321099,0.676232,0.470908,-0.466746,0.186526,0.26495,0.142892,-0.367972,-0.480216,-0.0669488,0.793415,54.69013297812228,-2.5829344830135916,35.18250350275741,11.84109618251409,-4.799536419091035,2.797175293118463
4.3621251583099365,1.82597,-2.21959,1.21608,-1.02814,-0.144324,0.584459,0.140815,0.409156,0.556334,0.319323,0.677514,0.472163,-0.464833,0.202462,0.286523,0.153941,-0.333911,-0.523483,-0.0922204,0.778437,48.30993693319138,-1.0480983824153427,34.77391920675244,10.434763155876942,-2.6977644417876676,0.9926821085727981
4.363094329833984,1.82597,-2.21959,1.21608,-1.02814,-0.144324,0.584459,0.140815,0.409156,0.556334,0.319323,0.677514,0.472163,-0.464833,0.202462,0.286523,0.153941,-0.333911,-0.523483,-0.0922204,0.778437,48.30993693319138,-1.0480983824153427,34.77391920675244,10.434763155876942,-2.6977644417876676,0.9926821085727981
4.455708265304565,0.775082,-2.68472,1.77775,-0.983169,-0.0296985,0.468809,0.140266,0.409388,0.556173,0.319467,0.67742,0.471339,-0.465706,0.210537,0.303318,0.161294,-0.299961,-0.550236,-0.114165,0.770863,42.781924440701104,-0.8446604330711884,35.86849847683797,12.123449124496656,-1.1607770184192034,0.5840801059654903
4.4567036628723145,0.775082,-2.68472,1.77775,-0.983169,-0.0296985,0.468809,0.140266,0.409388,0.556173,0.319467,0.67742,0.471339,-0.465706,0.210537,0.303318,0.161294,-0.299961,-0.550236,-0.114165,0.770863,42.781924440701104,-0.8446604330711884,35.86849847683797,12.123449124496656,-1.1607770184192034,0.5840801059654903
4.553727388381958,1.86804,-3.52052,0.947875,-1.045,0.0611258,0.418224,0.140561,0.409249,0.556408,0.320671,0.67768,0.471377,-0.46446,0.217936,0.319137,0.169614,-0.271893,-0.5785,-0.134372,0.757203,37.700342921776404,0.10956059525799297,36.26679138947432,13.994167448843072,-4.104312559829836,2.279925179987917
4.554713249206543,1.86804,-3.52052,0.947875,-1.045,0.0611258,0.418224,0.140561,0.409249,0.556408,0.320671,0.67768,0.471377,-0.46446,0.217936,0.319137,0.169614,-0.271893,-0.5785,-0.134372,0.757203,37.700342921776404,0.10956059525799297,36.26679138947432,13.994167448843072,-4.104312559829836,2.279925179987917
4.647415399551392,4.38361,-1.80051,0.223374,-0.838806,0.15194,1.06558,0.140519,0.409297,0.556584,0.319547,0.678267,0.470435,-0.465333,0.222612,0.332488,0.176944,-0.25576,-0.594333,-0.155203,0.746504,34.036974508647695,0.8499550567020704,35.46046217384106,15.222359993050311,-2.755525454696784,2.294164541670871
4.648390531539917,4.38361,-1.80051,0.223374,-0.838806,0.15194,1.06558,0.140519,0.409297,0.556584,0.319547,0.678267,0.470435,-0.465333,0.222612,0.332488,0.176944,-0.25576,-0.594333,-0.155203,0.746504,34.036974508647695,0.8499550567020704,35.46046217384106,15.222359993050311,-2.755525454696784,2.294164541670871
4.742055177688599,3.21648,-4.00428,0.192412,-1.10634,0.389347,0.733927,0.140415,0.409413,0.556658,0.318701,0.678155,0.471109,-0.465394,0.22361,0.342007,0.18127,-0.233976,-0.60303,-0.169503,0.743558,31.075668268495903,0.42998053558653215,36.4976242679411,16.539114656727648,-3.3918989703037705,2.781356176314578
4.743035078048706,3.21648,-4.00428,0.192412,-1.10634,0.389347,0.733927,0.140415,0.409413,0.556658,0.318701,0.678155,0.471109,-0.465394,0.22361,0.342007,0.18127,-0.233976,-0.60303,-0.169503,0.743558,31.075668268495903,0.42998053558653215,36.4976242679411,16.539114656727648,-3.3918989703037705,2.781356176314578
4.835937976837158,1.96777,-4.27245,0.428495,-1.12027,0.476113,0.748495,0.140355,0.409427,0.556745,0.320158,0.677216,0.471504,-0.465362,0.225136,0.350788,0.185787,-0.21977,-0.610266,-0.181051,0.739254,28.658985018477768,0.2782306075415824,37.03634984663696,19.523115552812104,-4.481422309874395,3.0374898896364475
4.836905002593994,1.96777,-4.27245,0.428495,-1.12027,0.476113,0.748495,0.140355,0.409427,0.556745,0.320158,0.677216,0.471504,-0.465362,0.225136,0.350788,0.185787,-0.21977,-0.610266,-0.181051,0.739254,28.658985018477768,0.2782306075415824,37.03634984663696,19.523115552812104,-4.481422309874395,3.0374898896364475
4.9304609298706055,4.0767,-2.85089,1.5541,-0.880554,-0.0388212,0.89815,0.140197,0.409546,0.556639,0.319094,0.677761,0.471624,-0.465178,0.226813,0.361297,0.19182,-0.208141,-0.620073,-0.199481,0.729654,25.885098208548662,0.6860481349904552,36.30726740958331,19.944494702682952,-4.394223253475188,3.764911430108428
4.931441307067871,4.0767,-2.85089,1.5541,-0.880554,-0.0388212,0.89815,0.140197,0.409546,0.556639,0.319094,0.677761,0.471624,-0.465178,0.226813,0.361297,0.19182,-0.208141,-0.620073,-0.199481,0.729654,25.885098208548662,0.6860481349904552,36.30726740958331,19.944494702682952,-4.394223253475188,3.764911430108428
5.02504825592041,0.961628,-3.88501,1.44768,-0.865822,0.334332,0.441136,0.140033,0.409707,0.556697,0.32074,0.67666,0.47321,-0.464036,0.229188,0.374077,0.200471,-0.188831,-0.63149,-0.220573,0.718965,22.126739005025147,0.7723801022798776,36.53163853116832,22.0499028389547,-5.728158198476751,4.725633303914864
5.025975227355957,0.961628,-3.88501,1.44768,-0.865822,0.334332,0.441136,0.140033,0.409707,0.556697,0.32074,0.67666,0.47321,-0.464036,0.229188,0.374077,0.200471,-0.188831,-0.63149,-0.220573,0.718965,22.126739005025147,0.7723801022798776,36.53163853116832,22.0499028389547,-5.728158198476751,4.725633303914864
5.1183857917785645,4.2336,-2.82431,0.756936,-0.646523,0.0865126,0.485974,0.139706,0.409844,0.556681,0.320165,0.678013,0.472682,-0.462994,0.23123,0.38548,0.209156,-0.167113,-0.64092,-0.237666,0.7105,18.82052479519584,0.572020788327706,36.95818470117596,24.49952812664493,-6.580541831428396,4.710463573377219
5.119377374649048,4.2336,-2.82431,0.756936,-0.646523,0.0865126,0.485974,0.139706,0.409844,0.556681,0.320165,0.678013,0.472682,-0.462994,0.23123,0.38548,0.209156,-0.167113,-0.64092,-0.237666,0.7105,18.82052479519584,0.572020788327706,36.95818470117596,24.49952812664493,-6.580541831428396,4.710463573377219
5.212077617645264,3.47169,-3.59593,-0.130516,-0.66166,0.373515,0.185074,0.139826,0.409817,0.55684,0.319696,0.676282,0.473109,-0.465408,0.232325,0.395823,0.217485,-0.151561,-0.647471,-0.256727,0.701357,15.548650527256562,0.7478864870081615,36.610497153867975,26.77731754658272,-5.82442974949542,6.051654523649235
5.213037490844727,3.47169,-3.59593,-0.130516,-0.66166,0.373515,0.185074,0.139826,0.409817,0.55684,0.319696,0.676282,0.473109,-0.465408,0.232325,0.395823,0.217485,-0.151561,-0.647471,-0.256727,0.701357,15.548650527256562,0.7478864870081615,36.610497153867975,26.77731754658272,-5.82442974949542,6.051654523649235
5.306097984313965,2.85173,-3.54197,0.739166,-0.628413,0.293543,0.151725,0.139603,0.409896,0.556738,0.319158,0.677536,0.472933,-0.464131,0.232289,0.404205,0.223845,-0.138607,-0.651709,-0.272214,0.694236,13.23899740821246,0.40001217777816195,36.450301169959516,27.75209137485346,-6.535556028395769,6.432541258739078
5.307063102722168,2.85173,-3.54197,0.739166,-0.628413,0.293543,0.151725,0.139603,0.409896,0.556738,0.319158,0.677536,0.472933,-0.464131,0.232289,0.404205,0.223845,-0.138607,-0.651709,-0.272214,0.694236,13.23899740821246,0.40001217777816195,36.450301169959516,27.75209137485346,-6.535556028395769,6.432541258739078
5.412313461303711,2.21214,-3.05487,-0.406789,-0.392621,0.489444,-0.075759,0.13956,0.409911,0.556942,0.320015,0.676642,0.473416,-0.464352,0.232293,0.418079,0.235592,-0.127077,-0.659231,-0.29696,0.679029,9.658095433597945,0.6344999108311745,35.33656286111697,31.117268214061063,-7.479859536786744,8.037317837249384
5.41332745552063,2.21214,-3.05487,-0.406789,-0.392621,0.489444,-0.075759,0.13956,0.409911,0.556942,0.320015,0.676642,0.473416,-0.464352,0.232293,0.418079,0.235592,-0.127077,-0.659231,-0.29696,0.679029,9.658095433597945,0.6344999108311745,35.33656286111697,31.117268214061063,-7.479859536786744,8.037317837249384
5.506486892700195,1.86927,-2.87824,-0.755355,-0.33709,0.56628,-0.206142,0.139578,0.409981,0.55691,0.321475,0.674623,0.474404,-0.465273,0.231556,0.427258,0.243704,-0.118837,-0.661107,-0.316694,0.669717,6.980577357179343,0.4153538474361133,34.55909107108486,33.02624948959099,-7.030882758515586,9.37807682479437
5.507469415664673,1.86927,-2.87824,-0.755355,-0.33709,0.56628,-0.206142,0.139578,0.409981,0.55691,0.321475,0.674623,0.474404,-0.465273,0.231556,0.427258,0.243704,-0.118837,-0.661107,-0.316694,0.669717,6.980577357179343,0.4153538474361133,34.55909107108486,33.02624948959099,-7.030882758515586,9.37807682479437
5.600221395492554,2.10373,-2.0442,-1.10023,-0.148362,0.550881,-0.179958,0.139753,0.409917,0.557041,0.320258,0.676367,0.473204,-0.464802,0.229236,0.43731,0.252046,0.118922,0.663488,0.338407,-0.656599,4.951050167477606,0.2634488849341522,32.43618607699297,33.77602285362043,-6.797941448891336,10.091025209452376
5.601176023483276,2.10373,-2.0442,-1.10023,-0.148362,0.550881,-0.179958,0.139753,0.409917,0.557041,0.320258,0.676367,0.473204,-0.464802,0.229236,0.43731,0.252046,0.118922,0.663488,0.338407,-0.656599,4.951050167477606,0.2634488849341522,32.43618607699297,33.77602285362043,-6.797941448891336,10.091025209452376
5.694169044494629,1.81449,-2.1025,-1.10576,-0.141856,0.570044,-0.233794,0.139625,0.409927,0.557009,0.32006,0.676998,0.473235,-0.463988,0.22566,0.445689,0.25834,0.119413,0.663331,0.356378,-0.647091,3.407499507783252,-0.10798458450256082,30.851406533056345,34.790225029795685,-7.424415337861444,10.680113984259961
5.695156097412109,1.81449,-2.1025,-1.10576,-0.141856,0.570044,-0.233794,0.139625,0.409927,0.557009,0.32006,0.676998,0.473235,-0.463988,0.22566,0.445689,0.25834,0.119413,0.663331,0.356378,-0.647091,3.407499507783252,-0.10798458450256082,30.851406533056345,34.790225029795685,-7.424415337861444,10.680113984259961
5.787598609924316,1.64101,-1.93426,-1.05652,-0.121309,0.573393,-0.262854,0.139809,0.409824,0.556962,0.321479,0.675983,0.472918,-0.464808,0.221152,0.452477,0.262719,0.124161,0.663103,0.37075,-0.638298,2.143992316484089,-0.18429885682249988,29.207709607774824,36.03593533368651,-9.156816120041263,12.714840826028034
5.788625478744507,1.64101,-1.93426,-1.05652,-0.121309,0.573393,-0.262854,0.139809,0.409824,0.556962,0.321479,0.675983,0.472918,-0.464808,0.221152,0.452477,0.262719,0.124161,0.663103,0.37075,-0.638298,2.143992316484089,-0.18429885682249988,29.207709607774824,36.03593533368651,-9.156816120041263,12.714840826028034
5.882603168487549,0.238106,-1.48085,-1.2871,-0.092641,0.590652,-0.30565,0.139769,0.409812,0.557004,0.321918,0.676143,0.473402,-0.463778,0.214771,0.461254,0.269152,0.139368,0.661692,0.390932,-0.624429,1.3050918358574228,-0.1634461137627047,26.143083705419205,36.87225622989129,-9.839108813734173,12.512632327869191
5.883525848388672,0.238106,-1.48085,-1.2871,-0.092641,0.590652,-0.30565,0.139769,0.409812,0.557004,0.321918,0.676143,0.473402,-0.463778,0.214771,0.461254,0.269152,0.139368,0.661692,0.390932,-0.624429,1.3050918358574228,-0.1634461137627047,26.143083705419205,36.87225622989129,-9.839108813734173,12.512632327869191
5.979133367538452,-0.577986,-0.986935,-0.763734,-0.0352703,0.526141,-0.253115,0.139902,0.409746,0.55706,0.322098,0.676666,0.472884,-0.463418,0.205173,0.47295,0.279292,0.155771,0.660898,0.418227,-0.603353,-0.367628651380146,-0.1606525420818808,22.093414822632305,38.14999720287299,-11.721427696061196,13.069192403993469
5.980111837387085,-0.577986,-0.986935,-0.763734,-0.0352703,0.526141,-0.253115,0.139902,0.409746,0.55706,0.322098,0.676666,0.472884,-0.463418,0.205173,0.47295,0.279292,0.155771,0.660898,0.418227,-0.603353,-0.367628651380146,-0.1606525420818808,22.093414822632305,38.14999720287299,-11.721427696061196,13.069192403993469
6.073960304260254,-0.983103,-0.381414,-0.485026,0.0738846,0.381737,-0.120635,0.139957,0.409688,0.557088,0.322178,0.676783,0.472903,-0.463172,0.176131,0.493476,0.305781,0.234164,0.671273,0.482225,-0.511878,-4.849412558171381,3.8231536541016675,7.799205628842824,32.311054844186046,-14.397728332230356,15.193390196013286
6.074883937835693,-0.983103,-0.381414,-0.485026,0.0738846,0.381737,-0.120635,0.139957,0.409688,0.557088,0.322178,0.676783,0.472903,-0.463172,0.176131,0.493476,0.305781,0.234164,0.671273,0.482225,-0.511878,-4.849412558171381,3.8231536541016675,7.799205628842824,32.311054844186046,-14.397728332230356,15.193390196013286
6.169201374053955,-1.71226,0.0856235,-0.368776,0.1456,0.415202,-0.0399568,0.140007,0.409706,0.557053,0.322393,0.676546,0.472684,-0.463593,0.149927,0.505969,0.323724,0.298002,0.668361,0.520128,-0.440403,-7.854226406056495,6.328959179087738,-3.1089909730463794,33.02809448453992,-15.257354584946423,13.401054065353637
6.170136451721191,-1.71226,0.0856235,-0.368776,0.1456,0.415202,-0.0399568,0.140007,0.409706,0.557053,0.322393,0.676546,0.472684,-0.463593,0.149927,0.505969,0.323724,0.298002,0.668361,0.520128,-0.440403,-7.854226406056495,6.328959179087738,-3.1089909730463794,33.02809448453992,-15.257354584946423,13.401054065353637
6.265127182006836,-1.18006,1.00313,-1.22951,0.320939,0.562536,0.107967,0.140094,0.409585,0.557084,0.322351,0.677149,0.472727,-0.462697,0.130615,0.513082,0.335965,0.335133,0.671319,0.54435,-0.375101,-11.882606984389279,8.308038724409005,-10.528424228179006,30.06539536251018,-16.58125619308774,17.193706897400816
6.266071319580078,-1.18006,1.00313,-1.22951,0.320939,0.562536,0.107967,0.140094,0.409585,0.557084,0.322351,0.677149,0.472727,-0.462697,0.130615,0.513082,0.335965,0.335133,0.671319,0.54435,-0.375101,-11.882606984389279,8.308038724409005,-10.528424228179006,30.06539536251018,-16.58125619308774,17.193706897400816
6.363779783248901,-0.983607,1.82119,-1.13349,0.489128,0.559224,0.185296,0.140439,0.40949,0.557264,0.321964,0.677947,0.472371,-0.46216,0.120104,0.51599,0.340205,0.369465,0.668565,0.554239,-0.330659,-13.829912145018037,9.89050371316916,-16.188490034617576,29.35039837196413,-13.616522933033208,18.807265036585534
6.364705324172974,-0.983607,1.82119,-1.13349,0.489128,0.559224,0.185296,0.140439,0.40949,0.557264,0.321964,0.677947,0.472371,-0.46216,0.120104,0.51599,0.340205,0.369465,0.668565,0.554239,-0.330659,-13.829912145018037,9.89050371316916,-16.188490034617576,29.35039837196413,-13.616522933033208,18.807265036585534
6.458699703216553,-0.889778,1.84067,-1.50126,0.633163,0.602176,0.133893,0.140623,0.409262,0.557105,0.323298,0.677696,0.472127,-0.461847,0.114129,0.515921,0.340834,0.396801,0.663713,0.559723,-0.297898,-15.223532154788018,11.008104584790273,-20.39582307498965,28.430465918724867,-9.158748995775564,20.53487804573417
6.459620952606201,-0.889778,1.84067,-1.50126,0.633163,0.602176,0.133893,0.140623,0.409262,0.557105,0.323298,0.677696,0.472127,-0.461847,0.114129,0.515921,0.340834,0.396801,0.663713,0.559723,-0.297898,-15.223532154788018,11.008104584790273,-20.39582307498965,28.430465918724867,-9.158748995775564,20.53487804573417
6.554692506790161,-1.18554,2.02959,-0.536878,0.793106,0.439413,0.0733,0.140462,0.409322,0.557049,0.323616,0.67744,0.472208,-0.461917,0.109581,0.515355,0.339108,0.417658,0.655148,0.562148,-0.283429,-15.103310419291889,11.515854472943301,-23.270042751716552,29.574157990204267,-6.0828559142291505,19.50408248448382
6.5557332038879395,-1.18554,2.02959,-0.536878,0.793106,0.439413,0.0733,0.140462,0.409322,0.557049,0.323616,0.67744,0.472208,-0.461917,0.109581,0.515355,0.339108,0.417658,0.655148,0.562148,-0.283429,-15.103310419291889,11.515854472943301,-23.270042751716552,29.574157990204267,-6.0828559142291505,19.50408248448382
6.6503729820251465,-1.66878,2.54927,0.23487,0.97501,0.368951,0.0733868,0.140244,0.409415,0.556893,0.322717,0.677534,0.471885,-0.462738,0.106741,0.514577,0.336205,0.432225,0.649185,0.561884,-0.275731,-14.77763602007072,12.003051341971165,-25.209503541328868,29.90104565671535,-3.936723191183295,18.905904818884682
6.651296138763428,-1.66878,2.54927,0.23487,0.97501,0.368951,0.0733868,0.140244,0.409415,0.556893,0.322717,0.677534,0.471885,-0.462738,0.106741,0.514577,0.336205,0.432225,0.649185,0.561884,-0.275731,-14.77763602007072,12.003051341971165,-25.209503541328868,29.90104565671535,-3.936723191183295,18.905904818884682
6.746908187866211,-0.87627,2.31317,0.2422,1.07514,0.271906,-0.101265,0.140408,0.409325,0.557075,0.324454,0.677267,0.472111,-0.461683,0.103336,0.51335,0.3335,0.449736,0.642328,0.56199,-0.263284,-14.697550001965595,12.585850104563121,-27.335537875820975,30.01502076671121,-2.882067758383581,18.583447940442497
6.747853517532349,-0.87627,2.31317,0.2422,1.07514,0.271906,-0.101265,0.140408,0.409325,0.557075,0.324454,0.677267,0.472111,-0.461683,0.103336,0.51335,0.3335,0.449736,0.642328,0.56199,-0.263284,-14.697550001965595,12.585850104563121,-27.335537875820975,30.01502076671121,-2.882067758383581,18.583447940442497
6.842941999435425,-1.22037,1.77862,1.09445,1.10331,0.180433,-0.35672,0.140628,0.409261,0.557267,0.322714,0.679647,0.472281,-0.459225,0.101267,0.512402,0.332322,0.459949,0.638413,0.563106,-0.252562,-14.596776984051438,12.732645385391734,-29.07594927635887,29.028530065365356,-1.315834136580169,17.349270387657757
6.843876361846924,-1.22037,1.77862,1.09445,1.10331,0.180433,-0.35672,0.140628,0.409261,0.557267,0.322714,0.679647,0.472281,-0.459225,0.101267,0.512402,0.332322,0.459949,0.638413,0.563106,-0.252562,-14.596776984051438,12.732645385391734,-29.07594927635887,29.028530065365356,-1.315834136580169,17.349270387657757
6.940025806427002,-2.37599,2.51294,0.274004,1.40377,0.436062,-0.396093,0.140584,0.409286,0.557288,0.325085,0.679687,0.471733,-0.458053,0.0965034,0.511666,0.331662,0.469915,0.634987,0.565378,-0.237317,-15.442801154800119,12.888043284416216,-30.725884817171636,27.74880459327563,-2.0129761400459545,18.45535199585683
6.941014528274536,-2.37599,2.51294,0.274004,1.40377,0.436062,-0.396093,0.140584,0.409286,0.557288,0.325085,0.679687,0.471733,-0.458053,0.0965034,0.511666,0.331662,0.469915,0.634987,0.565378,-0.237317,-15.442801154800119,12.888043284416216,-30.725884817171636,27.74880459327563,-2.0129761400459545,18.45535199585683
7.0361104011535645,1.79018,3.13173,-0.382854,1.60763,0.104969,-0.188635,0.140729,0.409061,0.557094,0.328945,0.677954,0.470851,-0.458773,0.0877133,0.511789,0.329498,0.493377,0.62041,0.571011,-0.213581,-16.252488667536298,12.97861512027281,-34.55231178054145,30.872956256152563,-0.7874054842793553,20.458718092244162
7.037055015563965,1.79018,3.13173,-0.382854,1.60763,0.104969,-0.188635,0.140729,0.409061,0.557094,0.328945,0.677954,0.470851,-0.458773,0.0877133,0.511789,0.329498,0.493377,0.62041,0.571011,-0.213581,-16.252488667536298,12.97861512027281,-34.55231178054145,30.872956256152563,-0.7874054842793553,20.458718092244162
7.133077621459961,0.910954,2.3157,0.0272894,1.70268,0.103867,-0.480949,0.140743,0.409112,0.55724,0.331086,0.677538,0.471351,-0.457332,0.0807014,0.511077,0.327763,0.504728,0.612853,0.574663,-0.198554,-16.766246225157396,12.92802379800796,-36.559289484070376,30.387116569492605,-2.412172340524417,21.12423229904689
7.133996248245239,0.910954,2.3157,0.0272894,1.70268,0.103867,-0.480949,0.140743,0.409112,0.55724,0.331086,0.677538,0.471351,-0.457332,0.0807014,0.511077,0.327763,0.504728,0.612853,0.574663,-0.198554,-16.766246225157396,12.92802379800796,-36.559289484070376,30.387116569492605,-2.412172340524417,21.12423229904689
7.229577302932739,-0.882153,2.00329,-0.123148,1.88832,0.392692,-0.525219,0.140652,0.409101,0.557017,0.331868,0.677463,0.470668,-0.457579,0.0741733,0.509725,0.323959,0.518654,0.6024,0.576798,-0.188192,-16.660580221687614,12.89804691738369,-38.852185571295394,30.96880672160298,-3.0098090973121994,21.05009675800513
7.230568885803223,-0.882153,2.00329,-0.123148,1.88832,0.392692,-0.525219,0.140652,0.409101,0.557017,0.331868,0.677463,0.470668,-0.457579,0.0741733,0.509725,0.323959,0.518654,0.6024,0.576798,-0.188192,-16.660580221687614,12.89804691738369,-38.852185571295394,30.96880672160298,-3.0098090973121994,21.05009675800513
7.32793664932251,1.5608,2.17084,0.233292,2.1385,-0.0324383,-0.66346,0.140186,0.409274,0.557077,0.331499,0.678689,0.470139,-0.456572,0.0629064,0.508743,0.320018,0.536021,0.590732,0.579455,-0.16718,-17.109702179832805,12.902651300612341,-42.21958526756183,30.46894055629076,-5.679839733996231,21.19727226077212
7.3289244174957275,1.5608,2.17084,0.233292,2.1385,-0.0324383,-0.66346,0.140186,0.409274,0.557077,0.331499,0.678689,0.470139,-0.456572,0.0629064,0.508743,0.320018,0.536021,0.590732,0.579455,-0.16718,-17.109702179832805,12.902651300612341,-42.21958526756183,30.46894055629076,-5.679839733996231,21.19727226077212
7.432599306106567,1.87988,1.07797,0.856931,2.13055,-0.17875,-1.0946,0.139994,0.409351,0.556704,0.332723,0.678374,0.469951,-0.456344,0.056239,0.505455,0.316803,0.546431,0.577766,0.58557,-0.157183,-16.98655279627671,12.252201650050234,-44.52382883866563,30.315196050117105,-4.9144244535562756,20.73800310212895
7.433539628982544,1.87988,1.07797,0.856931,2.13055,-0.17875,-1.0946,0.139994,0.409351,0.556704,0.332723,0.678374,0.469951,-0.456344,0.056239,0.505455,0.316803,0.546431,0.577766,0.58557,-0.157183,-16.98655279627671,12.252201650050234,-44.52382883866563,30.315196050117105,-4.9144244535562756,20.73800310212895
7.529555082321167,2.07706,0.404904,0.459239,1.7273,-0.0102451,-0.881286,0.140342,0.409169,0.556596,0.333167,0.678185,0.469659,-0.456602,0.0551486,0.503886,0.313695,0.549324,0.572543,0.586864,-0.161333,-16.25907984917204,12.00894803804048,-44.82847501784181,30.16666961405965,-5.183670403840563,20.458998233039065
7.530679941177368,2.07706,0.404904,0.459239,1.7273,-0.0102451,-0.881286,0.140342,0.409169,0.556596,0.333167,0.678185,0.469659,-0.456602,0.0551486,0.503886,0.313695,0.549324,0.572543,0.586864,-0.161333,-16.25907984917204,12.00894803804048,-44.82847501784181,30.16666961405965,-5.183670403840563,20.458998233039065
7.627310276031494,-0.0532517,-1.12483,0.737341,0.842379,0.170747,-0.305664,0.140078,0.409443,0.556667,0.331818,0.678314,0.469674,-0.457378,0.0654907,0.509994,0.311427,0.534672,0.58201,0.578743,-0.201115,-13.646141524568899,12.26808784696393,-40.59234837130026,34.336192793576764,-7.081781010616433,20.301531824272
7.628251552581787,-0.0532517,-1.12483,0.737341,0.842379,0.170747,-0.305664,0.140078,0.409443,0.556667,0.331818,0.678314,0.469674,-0.457378,0.0654907,0.509994,0.311427,0.534672,0.58201,0.578743,-0.201115,-13.646141524568899,12.26808784696393,-40.59234837130026,34.336192793576764,-7.081781010616433,20.301531824272
7.723726272583008,0.368876,-1.02326,0.329279,0.383003,0.195115,-0.155665,0.139497,0.409738,0.556835,0.328539,0.680316,0.469502,-0.456946,0.0862812,0.511869,0.311165,0.494482,0.613902,0.55592,-0.263753,-10.732624925542206,13.014643049286507,-31.53945443031461,31.171704174272257,-13.031808268188504,16.30531184032871
7.724678039550781,0.368876,-1.02326,0.329279,0.383003,0.195115,-0.155665,0.139497,0.409738,0.556835,0.328539,0.680316,0.469502,-0.456946,0.0862812,0.511869,0.311165,0.494482,0.613902,0.55592,-0.263753,-10.732624925542206,13.014643049286507,-31.53945443031461,31.171704174272257,-13.031808268188504,16.30531184032871
7.822864770889282,-0.453101,-0.795799,-1.30388,0.237701,0.673253,-0.141414,0.140542,0.409123,0.557221,0.327519,0.680019,0.469396,-0.458229,0.115645,0.502693,0.303998,0.449154,0.638476,0.523237,-0.341806,-6.26709408740413,13.266861165787262,-21.209672974640586,26.371457159593152,-15.323668577533342,11.700771275069583
7.823840856552124,-0.453101,-0.795799,-1.30388,0.237701,0.673253,-0.141414,0.140542,0.409123,0.557221,0.327519,0.680019,0.469396,-0.458229,0.115645,0.502693,0.303998,0.449154,0.638476,0.523237,-0.341806,-6.26709408740413,13.266861165787262,-21.209672974640586,26.371457159593152,-15.323668577533342,11.700771275069583
7.922901153564453,-0.797752,-1.18985,-0.481217,0.0311203,0.572581,-0.244603,0.139806,0.409589,0.55704,0.3272,0.679496,0.469658,-0.458962,0.138148,0.494583,0.289044,0.42309,0.644781,0.489166,-0.407393,-0.9609099027192214,13.080896695629106,-13.911338115450924,27.46515683254792,-14.512423196550767,9.806187062508624
7.923864126205444,-0.797752,-1.18985,-0.481217,0.0311203,0.572581,-0.244603,0.139806,0.409589,0.55704,0.3272,0.679496,0.469658,-0.458962,0.138148,0.494583,0.289044,0.42309,0.644781,0.489166,-0.407393,-0.9609099027192214,13.080896695629106,-13.911338115450924,27.46515683254792,-14.512423196550767,9.806187062508624
8.021182537078857,-0.997784,-1.38216,-0.447236,-0.0121318,0.5908,-0.33849,0.139979,0.409533,0.557185,0.325959,0.680221,0.470113,-0.458305,0.158402,0.481292,0.273551,0.39626,0.644503,0.456573,-0.468117,4.255413910561134,11.75061263565077,-7.184987216362969,26.163686932111474,-11.75323636688499,7.293076663512849
8.022174835205078,-0.997784,-1.38216,-0.447236,-0.0121318,0.5908,-0.33849,0.139979,0.409533,0.557185,0.325959,0.680221,0.470113,-0.458305,0.158402,0.481292,0.273551,0.39626,0.644503,0.456573,-0.468117,4.255413910561134,11.75061263565077,-7.184987216362969,26.163686932111474,-11.75323636688499,7.293076663512849
8.119258403778076,-0.679888,-1.33114,-0.454815,-0.0707626,0.619994,-0.335844,0.139869,0.409575,0.556993,0.327183,0.679288,0.470091,-0.458839,0.163154,0.469731,0.256396,0.410591,0.631513,0.434957,-0.493374,8.56581374926805,12.009078865853613,-6.530257706872634,24.573910593452997,-9.737498623956805,6.903075875964102
8.12023401260376,-0.679888,-1.33114,-0.454815,-0.0707626,0.619994,-0.335844,0.139869,0.409575,0.556993,0.327183,0.679288,0.470091,-0.458839,0.163154,0.469731,0.256396,0.410591,0.631513,0.434957,-0.493374,8.56581374926805,12.009078865853613,-6.530257706872634,24.573910593452997,-9.737498623956805,6.903075875964102
8.218133926391602,-0.825049,-0.501515,-0.615882,0.0880463,0.766642,-0.218635,0.140219,0.409283,0.557034,0.328429,0.678915,0.469771,-0.458829,0.155954,0.459251,0.238939,0.448352,0.605992,0.427763,-0.498771,12.493113945543358,12.566597547390264,-10.093271168615665,21.60901027794836,-8.844061680221783,7.205725458074724
8.219106435775757,-0.825049,-0.501515,-0.615882,0.0880463,0.766642,-0.218635,0.140219,0.409283,0.557034,0.328429,0.678915,0.469771,-0.458829,0.155954,0.459251,0.238939,0.448352,0.605992,0.427763,-0.498771,12.493113945543358,12.566597547390264,-10.093271168615665,21.60901027794836,-8.844061680221783,7.205725458074724
8.3190438747406,-0.430153,-0.472013,0.147951,0.230987,0.7448,-0.178751,0.140072,0.409397,0.556532,0.327635,0.679324,0.469723,-0.45884,0.135855,0.449896,0.220672,0.51516,0.56608,0.434102,-0.475099,15.761816946555987,14.732863828297678,-19.30377911787979,17.477592360719523,-8.490976074374165,7.667110022399822
8.320005655288696,-0.430153,-0.472013,0.147951,0.230987,0.7448,-0.178751,0.140072,0.409397,0.556532,0.327635,0.679324,0.469723,-0.45884,0.135855,0.449896,0.220672,0.51516,0.56608,0.434102,-0.475099,15.761816946555987,14.732863828297678,-19.30377911787979,17.477592360719523,-8.490976074374165,7.667110022399822
8.435896158218384,-0.098393,0.62018,0.858824,0.794811,0.687921,-0.127818,0.140314,0.409192,0.556467,0.328517,0.679501,0.469202,-0.458481,0.119054,0.440749,0.209346,0.565098,0.523937,0.447359,-0.453898,17.926312331744896,15.457346481963064,-27.216088609986247,16.05858679850117,-5.423042274474659,6.624554975612924
8.436835289001465,-0.098393,0.62018,0.858824,0.794811,0.687921,-0.127818,0.140314,0.409192,0.556467,0.328517,0.679501,0.469202,-0.458481,0.119054,0.440749,0.209346,0.565098,0.523937,0.447359,-0.453898,17.926312331744896,15.457346481963064,-27.216088609986247,16.05858679850117,-5.423042274474659,6.624554975612924
8.53522515296936,-0.233084,0.62006,1.47476,1.24551,0.666668,-0.376505,0.140451,0.409097,0.556302,0.32845,0.679658,0.469515,-0.457975,0.108143,0.435876,0.205291,0.592161,0.506392,0.45613,-0.429951,17.74202068374024,16.646611779886534,-32.10579733177197,12.622444106171105,-5.98766228284274,6.840892656236511
8.53618335723877,-0.233084,0.62006,1.47476,1.24551,0.666668,-0.376505,0.140451,0.409097,0.556302,0.32845,0.679658,0.469515,-0.457975,0.108143,0.435876,0.205291,0.592161,0.506392,0.45613,-0.429951,17.74202068374024,16.646611779886534,-32.10579733177197,12.622444106171105,-5.98766228284274,6.840892656236511
8.63515567779541,-0.608322,0.555722,1.62132,1.62894,0.609373,-0.660643,0.140238,0.40906,0.556148,0.329831,0.679641,0.469607,-0.456912,0.0975143,0.432841,0.202692,0.616662,0.486342,0.469358,-0.403611,17.064818474356546,17.173902106808637,-36.97833416481298,11.663146706486286,-4.7032285606540745,7.351310527190981
8.636130332946777,-0.608322,0.555722,1.62132,1.62894,0.609373,-0.660643,0.140238,0.40906,0.556148,0.329831,0.679641,0.469607,-0.456912,0.0975143,0.432841,0.202692,0.616662,0.486342,0.469358,-0.403611,17.064818474356546,17.173902106808637,-36.97833416481298,11.663146706486286,-4.7032285606540745,7.351310527190981
8.734865665435791,6.39479,1.96042,0.80753,2.13734,-0.0388078,-0.382766,0.140233,0.409225,0.556365,0.332299,0.679799,0.468319,-0.45621,0.0884365,0.429431,0.199107,0.635689,0.467142,0.478731,-0.38535,16.793070405609566,17.245988690350583,-40.75298403632296,11.959319979259734,-4.7551617801334105,8.451027835138108
8.73582911491394,6.39479,1.96042,0.80753,2.13734,-0.0388078,-0.382766,0.140233,0.409225,0.556365,0.332299,0.679799,0.468319,-0.45621,0.0884365,0.429431,0.199107,0.635689,0.467142,0.478731,-0.38535,16.793070405609566,17.245988690350583,-40.75298403632296,11.959319979259734,-4.7551617801334105,8.451027835138108
8.835272312164307,7.10379,1.3448,-0.269584,2.14103,0.138062,-0.347175,0.140455,0.409125,0.556459,0.331946,0.680334,0.467862,-0.456138,0.077744,0.424319,0.193718,0.655363,0.442167,0.485436,-0.373281,17.712750974757185,17.39386882665023,-44.776117690330686,13.30847215848798,-5.834521744033757,7.710242092019533
8.836232423782349,7.10379,1.3448,-0.269584,2.14103,0.138062,-0.347175,0.140455,0.409125,0.556459,0.331946,0.680334,0.467862,-0.456138,0.077744,0.424319,0.193718,0.655363,0.442167,0.485436,-0.373281,17.712750974757185,17.39386882665023,-44.776117690330686,13.30847215848798,-5.834521744033757,7.710242092019533
8.93578815460205,2.80834,-0.701465,0.466454,1.38624,0.504614,-0.553329,0.1404,0.409082,0.556345,0.33241,0.679764,0.468726,-0.455763,0.0793266,0.422132,0.190419,0.654962,0.438219,0.480112,-0.385332,19.266188593633487,17.250215262504668,-44.02851819144372,14.501064508863754,-6.31062439790633,7.229707484715349
8.93670916557312,2.80834,-0.701465,0.466454,1.38624,0.504614,-0.553329,0.1404,0.409082,0.556345,0.33241,0.679764,0.468726,-0.455763,0.0793266,0.422132,0.190419,0.654962,0.438219,0.480112,-0.385332,19.266188593633487,17.250215262504668,-44.02851819144372,14.501064508863754,-6.31062439790633,7.229707484715349
9.034130573272705,1.30546,-1.54668,0.246165,0.714876,0.604568,-0.381179,0.140166,0.409286,0.556504,0.332442,0.680348,0.467672,-0.455952,0.0837967,0.421202,0.185844,0.651196,0.439707,0.467666,-0.404833,21.19620226240221,17.25699806257574,-42.30901974674727,16.74682619140716,-7.835323412586919,7.438339381314551
9.035048246383667,1.30546,-1.54668,0.246165,0.714876,0.604568,-0.381179,0.140166,0.409286,0.556504,0.332442,0.680348,0.467672,-0.455952,0.0837967,0.421202,0.185844,0.651196,0.439707,0.467666,-0.404833,21.19620226240221,17.25699806257574,-42.30901974674727,16.74682619140716,-7.835323412586919,7.438339381314551
9.13356328010559,-0.797512,-1.96249,1.3676,0.174938,0.364563,-0.465444,0.139892,0.40951,0.556696,0.329249,0.680467,0.468662,-0.457073,0.101704,0.416165,0.183187,0.614219,0.464925,0.437885,-0.463505,24.749357313271883,15.954756278534546,-33.76116900057574,12.788226815423881,-7.847470872613091,7.247095008026387
9.13448166847229,-0.797512,-1.96249,1.3676,0.174938,0.364563,-0.465444,0.139892,0.40951,0.556696,0.329249,0.680467,0.468662,-0.457073,0.101704,0.416165,0.183187,0.614219,0.464925,0.437885,-0.463505,24.749357313271883,15.954756278534546,-33.76116900057574,12.788226815423881,-7.847470872613091,7.247095008026387
9.232515096664429,-0.575062,-1.87089,0.197539,-0.0329468,0.543327,-0.37542,0.139873,0.409547,0.556846,0.328126,0.679788,0.46913,-0.458409,0.125783,0.40144,0.175787,0.559908,0.490742,0.378469,-0.549943,30.77189839201713,13.408105374192587,-20.613039109183003,11.734940318099461,-12.942879548846516,5.272444253252491
9.23346734046936,-0.575062,-1.87089,0.197539,-0.0329468,0.543327,-0.37542,0.139873,0.409547,0.556846,0.328126,0.679788,0.46913,-0.458409,0.125783,0.40144,0.175787,0.559908,0.490742,0.378469,-0.549943,30.77189839201713,13.408105374192587,-20.613039109183003,11.734940318099461,-12.942879548846516,5.272444253252491
9.333369016647339,-0.85203,-2.12778,0.0382217,-0.18276,0.619363,-0.520819,0.139868,0.409519,0.556781,0.328056,0.679514,0.469438,-0.45855,0.160803,0.37342,0.167529,-0.475424,-0.507909,-0.300447,0.652481,37.07533522164417,7.035845463163238,-1.4766734027293735,11.65690521828341,-6.390616224233451,3.3002945443880027
9.334290504455566,-0.85203,-2.12778,0.0382217,-0.18276,0.619363,-0.520819,0.139868,0.409519,0.556781,0.328056,0.679514,0.469438,-0.45855,0.160803,0.37342,0.167529,-0.475424,-0.507909,-0.300447,0.652481,37.07533522164417,7.035845463163238,-1.4766734027293735,11.65690521828341,-6.390616224233451,3.3002945443880027
9.436748743057251,-0.324247,-2.01832,0.240382,-0.305675,0.527018,-0.478622,0.139969,0.409489,0.556612,0.326706,0.679504,0.470217,-0.458731,0.174999,0.348923,0.159832,-0.446385,-0.505455,-0.244093,0.696903,41.8972223227424,4.710183451372355,7.245744347395072,11.073050510223991,-3.8712428585774763,1.5191590487881212
9.437672138214111,-0.324247,-2.01832,0.240382,-0.305675,0.527018,-0.478622,0.139969,0.409489,0.556612,0.326706,0.679504,0.470217,-0.458731,0.174999,0.348923,0.159832,-0.446385,-0.505455,-0.244093,0.696903,41.8972223227424,4.710183451372355,7.245744347395072,11.073050510223991,-3.8712428585774763,1.5191590487881212
9.537020206451416,0.234448,-1.90011,0.153795,-0.283675,0.631755,-0.4927,0.139979,0.409439,0.556532,0.327214,0.679107,0.469854,-0.459328,0.173914,0.339984,0.156098,-0.469005,-0.493685,-0.237621,0.692709,43.96998948017086,5.991341056213295,4.180195118993545,8.871363607446812,-2.19748700063761,2.7234955260038443
9.537988424301147,0.234448,-1.90011,0.153795,-0.283675,0.631755,-0.4927,0.139979,0.409439,0.556532,0.327214,0.679107,0.469854,-0.459328,0.173914,0.339984,0.156098,-0.469005,-0.493685,-0.237621,0.692709,43.96998948017086,5.991341056213295,4.180195118993545,8.871363607446812,-2.19748700063761,2.7234955260038443
9.637869596481323,0.896979,0.969995,-1.03369,0.230953,0.933729,0.17101,0.140228,0.409316,0.556664,0.327452,0.679511,0.470038,-0.458371,0.15223,0.343149,0.153765,0.548351,0.454582,0.28072,-0.643322,44.787750431317136,10.533594977969285,-11.959999694739388,4.598696769544356,-2.1365147500125614,2.8868167492457024
9.638820886611938,0.896979,0.969995,-1.03369,0.230953,0.933729,0.17101,0.140228,0.409316,0.556664,0.327452,0.679511,0.470038,-0.458371,0.15223,0.343149,0.153765,0.548351,0.454582,0.28072,-0.643322,44.787750431317136,10.533594977969285,-11.959999694739388,4.598696769544356,-2.1365147500125614,2.8868167492457024
9.738531351089478,1.20436,-0.687131,0.458193,0.149811,0.814499,-0.173591,0.140291,0.409217,0.556361,0.327365,0.679064,0.470412,-0.458712,0.12748,0.341563,0.147618,0.612602,0.406107,0.318289,-0.598739,45.38606405204817,13.859210076414074,-26.030122850820632,3.9960354319321434,-2.3135603463000844,4.136399431872202
9.739484071731567,1.20436,-0.687131,0.458193,0.149811,0.814499,-0.173591,0.140291,0.409217,0.556361,0.327365,0.679064,0.470412,-0.458712,0.12748,0.341563,0.147618,0.612602,0.406107,0.318289,-0.598739,45.38606405204817,13.859210076414074,-26.030122850820632,3.9960354319321434,-2.3135603463000844,4.136399431872202
9.840956449508667,1.5344,-0.404245,0.769995,0.49116,0.810694,-0.259272,0.14035,0.409196,0.556294,0.32754,0.67945,0.470108,-0.458328,0.107993,0.341359,0.144969,0.647343,0.377796,0.353329,-0.5598,43.691869794614306,15.589979429758579,-34.78195069255487,1.2013055852729253,-3.1575669620846774,7.525608317864702
9.841872692108154,1.5344,-0.404245,0.769995,0.49116,0.810694,-0.259272,0.14035,0.409196,0.556294,0.32754,0.67945,0.470108,-0.458328,0.107993,0.341359,0.144969,0.647343,0.377796,0.353329,-0.5598,43.691869794614306,15.589979429758579,-34.78195069255487,1.2013055852729253,-3.1575669620846774,7.525608317864702
9.943502426147461,2.55024,0.2566,1.16353,1.0505,0.702125,-0.366443,0.14036,0.409173,0.556299,0.328453,0.679311,0.470082,-0.457907,0.0907701,0.340283,0.145656,0.671106,0.349937,0.384951,-0.52818,42.12188130448172,16.10130424834826,-41.27433506442865,-0.7331444769114683,-2.7914171515652586,7.947091892534877
9.94445514678955,2.55024,0.2566,1.16353,1.0505,0.702125,-0.366443,0.14036,0.409173,0.556299,0.328453,0.679311,0.470082,-0.457907,0.0907701,0.340283,0.145656,0.671106,0.349937,0.384951,-0.52818,42.12188130448172,16.10130424834826,-41.27433506442865,-0.7331444769114683,-2.7914171515652586,7.947091892534877
10.046992301940918,4.73072,0.460243,1.72102,1.63067,0.599913,-0.447178,0.140578,0.409108,0.556308,0.329578,0.678869,0.470395,-0.457431,0.0752653,0.336421,0.147255,0.68901,0.323089,0.409325,-0.503321,41.21167800823013,16.192745087909096,-46.44100319296772,-2.706676000923891,-3.639905782357563,6.9635672266148365
10.047969818115234,4.73072,0.460243,1.72102,1.63067,0.599913,-0.447178,0.140578,0.409108,0.556308,0.329578,0.678869,0.470395,-0.457431,0.0752653,0.336421,0.147255,0.68901,0.323089,0.409325,-0.503321,41.21167800823013,16.192745087909096,-46.44100319296772,-2.706676000923891,-3.639905782357563,6.9635672266148365
10.150836944580078,6.49199,-0.785717,2.21637,1.78531,0.428793,-0.78478,0.140681,0.409201,0.556245,0.328872,0.680048,0.469101,-0.457518,0.0650183,0.332865,0.148495,0.693628,0.306637,0.424285,-0.494809,40.9937865682412,15.494111879969696,-48.7426147777256,-4.982077253421377,-3.5439933355612765,6.776421039109806
10.15179991722107,6.49199,-0.785717,2.21637,1.78531,0.428793,-0.78478,0.140681,0.409201,0.556245,0.328872,0.680048,0.469101,-0.457518,0.0650183,0.332865,0.148495,0.693628,0.306637,0.424285,-0.494809,40.9937865682412,15.494111879969696,-48.7426147777256,-4.982077253421377,-3.5439933355612765,6.776421039109806
10.253045558929443,7.23053,0.17992,1.82469,2.13035,0.532613,-0.703328,0.140589,0.409083,0.556128,0.330392,0.680133,0.469568,-0.455814,0.0603069,0.333098,0.150082,0.696899,0.302819,0.433981,-0.484038,40.06806309147616,15.244618029280687,-49.778017113800274,-6.407225010823116,-4.907275126057355,6.341165289356837
10.254004001617432,7.23053,0.17992,1.82469,2.13035,0.532613,-0.703328,0.140589,0.409083,0.556128,0.330392,0.680133,0.469568,-0.455814,0.0603069,0.333098,0.150082,0.696899,0.302819,0.433981,-0.484038,40.06806309147616,15.244618029280687,-49.778017113800274,-6.407225010823116,-4.907275126057355,6.341165289356837
