# Timestamp, Fx, Fy, Fz, Tx, Ty, Tz, FemurPosX, FemurPosY, FemurPosZ, FemurQuatW, FemurQuatX, FemurQuatY, FemurQuatZ, TibiaPosX, TibiaPosY, TibiaPosZ, TibiaQuatW, TibiaQuatX, TibiaQuatY, TibiaQuatZ
0.0673682689666748,0.0373874,0.17222,0.0693904,0.015859,-0.0168644,0.0388,0.0737778,0.492947,0.507952,0.319381,0.552667,0.646301,-0.418151,-0.000271623,0.24047,0.106427,0.770856,-0.0290111,0.284373,-0.569273,91.42193293596344
0.14418721199035645,0.11755,0.173903,0.0497414,0.0164489,-0.0198105,0.0411244,0.0738007,0.492948,0.50796,0.319505,0.553185,0.646143,-0.417615,-0.000265358,0.240495,0.106416,0.770918,-0.028568,0.284385,-0.569205,91.41192271339735
0.2209155559539795,0.152149,0.168302,0.0360953,0.0166263,-0.0207647,0.0408442,0.0738019,0.492958,0.507953,0.31959,0.552915,0.646284,-0.41769,-0.000268239,0.240487,0.106413,0.770797,-0.0286693,0.284391,-0.56936,91.40529819990633
0.2983994483947754,0.0785785,0.192114,0.0496884,0.0180758,-0.016804,0.0437469,0.0738067,0.492932,0.507971,0.319736,0.552912,0.646129,-0.417821,-0.000271064,0.240464,0.106384,0.771827,-0.0280078,0.283353,-0.568515,91.43339208300047
0.374523401260376,0.103071,0.22195,0.0498514,0.0205011,-0.019153,0.050496,0.0737769,0.492951,0.507954,0.319322,0.552684,0.646351,-0.418096,-0.000268358,0.24049,0.106413,0.770792,-0.0286673,0.284387,-0.56937,91.40833543919149
0.451754093170166,0.0498118,0.145913,0.0502064,0.0137461,-0.0134666,0.0337866,0.0737772,0.492937,0.507961,0.319282,0.552906,0.646166,-0.418118,-0.000268957,0.240478,0.106401,0.770245,-0.0280719,0.285503,-0.569582,91.26240493072117
0.5286993980407715,0.0378633,0.173722,0.0429733,0.0171083,-0.0111713,0.0394519,0.0737883,0.492975,0.507967,0.31979,0.552531,0.646664,-0.417456,-0.000264686,0.240475,0.106389,0.771959,-0.0279485,0.283349,-0.568341,91.45235593965796
0.6061756610870361,0.10962,0.180261,0.0368343,0.0170291,-0.0172299,0.0422287,0.0738001,0.492958,0.507953,0.319555,0.552897,0.646315,-0.417691,-0.000248483,0.240502,0.106404,0.771009,-0.0285493,0.284374,-0.569088,91.40225549309042
0.6842148303985596,0.104962,0.125776,0.0623434,0.012178,-0.0217443,0.0311061,0.0738112,0.492981,0.507973,0.319898,0.553142,0.646373,-0.417016,-0.000264098,0.2405,0.106421,0.770933,-0.0286155,0.284339,-0.569206,91.41844379965622
0.7613513469696045,0.0732875,0.173455,0.0498435,0.0164142,-0.0158655,0.0399514,0.0737757,0.492956,0.507941,0.319389,0.552658,0.646284,-0.418182,-0.000272876,0.240451,0.106391,0.771891,-0.0283454,0.283494,-0.568341,91.45723900472566
0.8387537002563477,0.0500188,0.166631,0.0361044,0.0169241,-0.0108662,0.03812,0.0737747,0.492951,0.507946,0.319315,0.5527,0.646298,-0.418163,-0.000273267,0.240461,0.106381,0.771844,-0.0280018,0.283405,-0.568466,91.45272820949737
0.9170923233032227,0.0684285,0.160367,0.0565363,0.0148123,-0.0172903,0.0372818,0.0737747,0.492943,0.507946,0.319369,0.552646,0.646266,-0.418242,-0.000267219,0.240495,0.106408,0.770755,-0.0286255,0.284379,-0.569426,91.39081819439066
0.9950718879699707,0.0911374,0.178756,0.0364903,0.0173381,-0.0152529,0.0414171,0.0737959,0.492944,0.507944,0.319583,0.552918,0.646216,-0.417797,-0.000303287,0.240426,0.106388,0.771178,-0.0281752,0.283572,-0.569278,91.44432839126287
1.0764904022216797,0.0614877,0.143208,0.0424683,0.0146264,-0.0138122,0.033556,0.0737722,0.492924,0.507943,0.319379,0.552647,0.646226,-0.418294,-0.000303035,0.240442,0.106424,0.77042,-0.0288075,0.284264,-0.569928,91.41031888457009
1.1543433666229248,0.0507512,0.164385,0.0430574,0.0160608,-0.0127195,0.037857,0.0738038,0.492969,0.507957,0.319521,0.552982,0.646301,-0.417626,-0.000247613,0.240497,0.106379,0.772137,-0.0277843,0.283424,-0.56807,91.44856341691525
1.2351257801055908,0.100501,0.192621,0.0496194,0.0181185,-0.0187538,0.0442592,0.0737753,0.492944,0.507948,0.319332,0.552666,0.646328,-0.418148,-0.000271206,0.240463,0.106381,0.771818,-0.0279955,0.283364,-0.568523,91.45579435685774
1.3157384395599365,0.101353,0.215242,0.0555792,0.0205664,-0.020034,0.0490847,0.0738053,0.492955,0.507962,0.319466,0.553248,0.646129,-0.417582,-0.000292838,0.24047,0.106435,0.770538,-0.0286775,0.284191,-0.56981,91.44582063590815
1.3964729309082031,0.062489,0.139805,0.0366294,0.0138808,-0.012471,0.0329941,0.0737911,0.49298,0.507964,0.319801,0.552517,0.646692,-0.417423,-0.000259636,0.240499,0.106413,0.770608,-0.0286278,0.284757,-0.569435,91.36525443889714
1.4766676425933838,0.033299,0.171314,0.0497413,0.0162374,-0.0130107,0.038607,0.0738021,0.49296,0.507956,0.319514,0.55292,0.646319,-0.417687,-0.000269708,0.240509,0.106371,0.771523,-0.0277011,0.283091,-0.569073,91.47446363628868
1.5577774047851562,0.108369,0.113381,0.0492004,0.0115241,-0.0191344,0.0285143,0.0738121,0.492987,0.507969,0.320043,0.552756,0.646641,-0.417,-0.000267929,0.240467,0.106384,0.77169,-0.0279999,0.283665,-0.568546,91.42813029156699
1.6380643844604492,0.0537572,0.140199,0.0367203,0.0139139,-0.0114576,0.0328804,0.07381,0.492985,0.507967,0.320027,0.552743,0.646629,-0.417048,-0.000256738,0.240477,0.106377,0.772003,-0.0279426,0.283394,-0.568259,91.44829357180106
1.7174928188323975,0.059833,0.17327,0.0624764,0.016613,-0.0170971,0.0400204,0.0737789,0.492942,0.507968,0.31924,0.552965,0.64619,-0.418037,-0.000268136,0.240482,0.106417,0.770826,-0.0286952,0.284312,-0.569359,91.42909981547723
1.7965285778045654,0.0660758,0.207542,0.0364334,0.0201135,-0.0126165,0.0465802,0.0737977,0.492949,0.507953,0.319538,0.552909,0.646286,-0.417734,-0.000270196,0.240485,0.106413,0.770772,-0.0286215,0.284327,-0.569429,91.41122063966979
1.8757867813110352,0.0437846,0.206642,0.0560383,0.0195835,-0.0145973,0.0459759,0.073789,0.492979,0.507971,0.319776,0.55253,0.646666,-0.417465,-0.000288392,0.24025,0.106541,0.772191,-0.0314448,0.28279,-0.568121,91.74045886581487
1.9557592868804932,0.0780993,0.246146,0.0365483,0.0235356,-0.0134627,0.0550724,0.0737771,0.492953,0.507953,0.319332,0.552694,0.646335,-0.418099,-0.00026861,0.240497,0.106415,0.770949,-0.0285957,0.284386,-0.569161,91.40171115314733
2.035593032836914,0.0218625,0.206134,0.0561073,0.0195408,-0.0126475,0.0454636,0.0738004,0.492968,0.507952,0.319531,0.552947,0.646317,-0.41764,-0.000270988,0.240462,0.106401,0.772002,-0.0282731,0.283423,-0.568229,91.47980675480154
2.1161601543426514,0.0824533,0.196247,0.0556764,0.0188797,-0.0181137,0.0447422,0.0737771,0.492937,0.507963,0.319282,0.55297,0.646153,-0.418054,-0.000265969,0.240488,0.106416,0.770791,-0.0286321,0.284321,-0.569406,91.4180404358379
2.2033205032348633,0.11306,0.179263,0.0364213,0.0173808,-0.0172028,0.0419294,0.0737994,0.492951,0.507954,0.319515,0.552961,0.646275,-0.417699,-0.000266806,0.240484,0.106413,0.770792,-0.0286549,0.28432,-0.569405,91.41885792152951
2.284102439880371,0.0441699,0.212733,0.0428674,0.0205736,-0.0119581,0.0472141,0.0737743,0.49295,0.507951,0.319359,0.552661,0.646304,-0.418171,-0.000272931,0.240463,0.106382,0.771825,-0.0280319,0.283345,-0.568521,91.45535821208598
2.3651578426361084,0.0585113,0.228879,0.0494014,0.0217819,-0.0146914,0.0508807,0.0738068,0.492941,0.507961,0.319163,0.55411,0.645717,-0.417309,-0.000268323,0.240473,0.106426,0.770841,-0.028964,0.284386,-0.569288,91.4930403595976
2.445573091506958,0.0802217,0.137857,0.0236554,0.0139323,-0.0113031,0.0329225,0.0737796,0.492943,0.507955,0.319276,0.552698,0.64637,-0.418083,-0.000248579,0.240487,0.106379,0.772112,-0.0277785,0.283353,-0.56814,91.45232746673551
2.5285909175872803,0.0776634,0.241016,0.0301473,0.0230835,-0.0121259,0.053778,0.0737781,0.492935,0.507961,0.319263,0.552946,0.646198,-0.418031,-0.000256295,0.240281,0.10652,0.772493,-0.031206,0.282951,-0.567644,91.72237022132124
2.610704183578491,0.0741086,0.184677,0.0430732,0.0178565,-0.014563,0.0424844,0.0737725,0.492944,0.507947,0.319347,0.552647,0.646333,-0.418153,-0.00025641,0.240299,0.106543,0.771507,-0.0318621,0.284011,-0.568418,91.64948253496867
2.693697929382324,0.0740752,0.191336,0.0298664,0.0188973,-0.0118784,0.0435744,0.073769,0.492953,0.507948,0.319287,0.552662,0.64636,-0.418137,-0.000275854,0.24047,0.106377,0.771814,-0.0279904,0.283366,-0.568527,91.46117551582407
2.777186870574951,0.135962,0.135608,0.0818303,0.0123807,-0.0290981,0.0336132,0.0737696,0.492959,0.507932,0.319362,0.552636,0.646317,-0.418181,-0.000305542,0.240453,0.106385,0.77145,-0.028038,0.28327,-0.569067,91.46332470641298
2.860940933227539,0.11456,0.221844,0.0619664,0.0211451,-0.022262,0.0506297,0.073772,0.492948,0.507938,0.319406,0.552645,0.646252,-0.418236,-0.000267346,0.240483,0.106404,0.77082,-0.0286241,0.284442,-0.569306,91.38056154689913
2.9446380138397217,0.0522113,0.210594,0.10142,0.0190279,-0.0248086,0.0472,0.0737779,0.49295,0.507958,0.31928,0.552756,0.64635,-0.418035,-0.000268147,0.240462,0.106428,0.770851,-0.0290086,0.284333,-0.569299,91.44494072970647
3.028731346130371,0.140424,0.248667,0.0367542,0.0233121,-0.0193392,0.0569088,0.0738088,0.492966,0.507978,0.319907,0.55338,0.646194,-0.416969,-0.000289802,0.240253,0.106542,0.772274,-0.031364,0.282793,-0.568011,91.74918860784453
3.1127848625183105,0.0483432,0.20949,0.0494074,0.020062,-0.0137844,0.0466518,0.0737654,0.492948,0.507933,0.319402,0.552589,0.646249,-0.418319,-0.000308881,0.240461,0.106416,0.770486,-0.0287637,0.284283,-0.569831,91.40134367509661
3.205043077468872,0.102177,0.131706,0.0367933,0.0129342,-0.0159376,0.0323448,0.0737712,0.492958,0.507948,0.31937,0.552718,0.64631,-0.418078,-0.000256423,0.240481,0.10639,0.772068,-0.0282344,0.283435,-0.568136,91.46432821782784
3.288560390472412,0.0966954,0.160756,0.0810884,0.0157154,-0.0245484,0.0379621,0.0738144,0.492993,0.507976,0.319901,0.553115,0.646531,-0.416803,-0.000259437,0.240484,0.106389,0.771973,-0.0279282,0.283342,-0.568327,91.48185779379465
3.371171474456787,0.0544229,0.24603,0.0292753,0.0242067,-0.0107359,0.0540703,0.0738084,0.492996,0.507974,0.319941,0.553188,0.646349,-0.416958,-0.000262258,0.240498,0.106412,0.770385,-0.0280186,0.28545,-0.569422,91.27057297552336
3.456207513809204,0.0639729,0.176686,0.0558093,0.0171422,-0.0162387,0.0405481,0.0737857,0.492992,0.507983,0.319755,0.552579,0.646799,-0.417211,-0.000294927,0.240451,0.106415,0.771588,-0.0281021,0.283029,-0.568997,91.51642718237318
3.541715621948242,0.0925899,0.204239,0.0429403,0.0195939,-0.0164381,0.0466786,0.0738132,0.493011,0.507977,0.320063,0.552885,0.646667,-0.416773,-0.000239806,0.240509,0.106429,0.771184,-0.0288343,0.284405,-0.568821,91.42623088283835
3.62660813331604,0.000934124,0.181496,-0.00157559,0.0180411,0.00154747,0.0403077,0.0738126,0.492996,0.507966,0.319973,0.552861,0.6467,-0.416823,-0.000242626,0.240525,0.106412,0.770967,-0.0285288,0.284305,-0.569181,91.42315428668469
3.711956024169922,0.0170579,0.195115,0.0363473,0.0192388,-0.00833365,0.0432973,0.0737968,0.492988,0.507973,0.319706,0.552642,0.646748,-0.417244,-0.000252281,0.240517,0.106427,0.770863,-0.0285736,0.284305,-0.569319,91.42796755430098
3.7971529960632324,0.0784335,0.105323,0.0499482,0.0101484,-0.0167333,0.0264791,0.0737921,0.492885,0.507909,0.319607,0.552872,0.646022,-0.418139,-0.000264836,0.240438,0.106392,0.770604,-0.028975,0.285065,-0.56927,91.32634286396306
3.8832015991210938,0.0810332,0.182163,0.0619563,0.0176295,-0.0195113,0.0417733,0.07378,0.492895,0.507921,0.319397,0.553245,0.645733,-0.418252,-0.000252756,0.240494,0.106356,0.771983,-0.0277322,0.283479,-0.568254,91.40721404988949
3.9687960147857666,0.142351,0.149305,0.0165652,0.0153937,-0.015927,0.0367074,0.0737255,0.492962,0.507925,0.31978,0.552681,0.646396,-0.41768,-0.000291782,0.240468,0.106377,0.771818,-0.0280206,0.283323,-0.568543,91.44407659839692
4.055006742477417,0.035439,0.195071,0.0434354,0.0185602,-0.0110466,0.0437179,0.0737597,0.492944,0.507953,0.319266,0.552971,0.646085,-0.41817,-0.000277014,0.240476,0.106398,0.770818,-0.0287373,0.2842,-0.569424,91.43026149323062
4.140833854675293,0.0645232,0.162452,0.0372044,0.0154417,-0.0122694,0.0375452,0.0737802,0.492946,0.507949,0.319554,0.553226,0.646085,-0.417613,-0.00028631,0.240478,0.106404,0.770802,-0.0287041,0.284144,-0.569476,91.43929431299877
4.240725517272949,0.105157,0.134905,0.0691624,0.0125394,-0.022895,0.0325399,0.0737278,0.492952,0.507906,0.319889,0.552492,0.646322,-0.417962,-0.000329659,0.240436,0.10641,0.770519,-0.0288538,0.284331,-0.569757,91.37360258136327
4.327242136001587,0.108366,0.240168,0.0495593,0.0225551,-0.019065,0.05446,0.0737674,0.49295,0.507932,0.319369,0.553076,0.646054,-0.418001,-0.000245242,0.240518,0.106301,0.772203,-0.0275904,0.284663,-0.567369,91.30341131388111
4.411400079727173,0.0412288,0.183012,0.0621713,0.0177037,-0.0154894,0.0408853,0.0737494,0.492964,0.507937,0.319363,0.552601,0.646235,-0.418353,-0.000315665,0.240483,0.106326,0.771,-0.0277854,0.283687,-0.569481,91.39463514944346
4.497483730316162,0.0896845,0.185303,0.0183834,0.0170388,-0.0112045,0.0428288,0.0737463,0.4929,0.507879,0.319476,0.552585,0.646038,-0.418592,-0.000264501,0.240486,0.106331,0.771323,-0.0285548,0.28582,-0.567936,91.20602275313705
4.58427882194519,0.099606,0.0843203,0.0370384,0.0085051,-0.0156402,0.0227255,0.0737559,0.49291,0.507885,0.319509,0.55259,0.64607,-0.418512,-0.000108615,0.240319,0.106536,0.772841,-0.0345388,0.285304,-0.565796,91.65183175256625
4.671271324157715,0.304314,-1.24408,-0.00931168,-0.179359,-0.0318231,-0.2362,0.0737933,0.492925,0.507875,0.319685,0.552856,0.646092,-0.417992,-0.000648281,0.240155,0.106833,0.77187,-0.0335951,0.286635,-0.566506,91.47791959862056
4.7585129737854,-0.087924,-0.0659535,0.00509343,-0.0274918,0.0155015,-0.0117763,0.0737636,0.492974,0.507955,0.319734,0.553051,0.646353,-0.417291,0.000165676,0.240756,0.106311,0.772183,-0.0288719,0.285235,-0.567046,91.34256417545956
4.84462571144104,-1.28987,-0.692593,-0.141102,-0.104116,0.28074,-0.165564,0.0737462,0.49294,0.507883,0.319696,0.553071,0.646135,-0.417631,-0.00128667,0.240373,0.106892,0.770065,-0.0323325,0.289839,-0.567404,91.11030675160096
4.9307849407196045,-3.12027,0.330831,0.0268918,0.0405628,0.578359,-0.0329639,0.073754,0.492862,0.507472,0.31894,0.553212,0.646415,-0.417591,0.00570419,0.244982,0.101379,0.771194,-0.00418105,0.273535,-0.574823,90.90840912116467
5.017106771469116,-1.88094,0.270033,0.291932,0.0223768,0.347171,-0.0221035,0.0746933,0.492195,0.505696,0.32135,0.553217,0.643726,-0.419883,0.015064,0.258457,0.0900153,0.76057,0.0469841,0.260732,-0.592743,88.21899673113712
5.103928804397583,-2.26855,0.0831606,0.14758,-0.00582597,0.448652,-0.0779865,0.0738537,0.49271,0.506981,0.321524,0.552108,0.645282,-0.41882,0.0214871,0.277596,0.0838016,0.739066,0.0858187,0.259873,-0.615534,85.44206077776325
5.193978309631348,-2.40041,-0.534619,-0.0749904,-0.0764204,0.536353,-0.195352,0.0742809,0.492512,0.506402,0.31979,0.553173,0.644513,-0.419926,0.0105523,0.298584,0.0805562,0.726017,0.101668,0.297996,-0.61136,80.69779204502447
5.280502080917358,-2.0735,-0.959116,-0.326444,-0.147904,0.536884,-0.267347,0.073749,0.492806,0.507037,0.320441,0.551914,0.645978,-0.418832,-0.00478969,0.322667,0.0806583,0.72019,0.112192,0.351114,-0.587757,74.86052336947078
5.367420673370361,-2.78015,-1.03999,-0.418734,-0.174264,0.716081,-0.291232,0.0741678,0.492598,0.506697,0.317607,0.553749,0.645088,-0.41994,-0.0172627,0.342034,0.08244,0.712294,0.126415,0.395807,-0.565679,69.6112933080673
5.454683065414429,-2.5451,-0.195591,-0.119559,-0.0256152,0.609872,-0.12651,0.0737213,0.492871,0.50701,0.31986,0.552931,0.645922,-0.418021,-0.0315112,0.366569,0.0877485,0.70232,0.143815,0.44662,-0.535346,62.98938617121629
5.541813135147095,-2.73742,0.115348,0.315503,0.0314146,0.565125,-0.0730285,0.0740114,0.492669,0.506736,0.31838,0.553461,0.645557,-0.419012,-0.0428292,0.396976,0.0965537,0.684709,0.176248,0.497618,-0.502481,55.102919560535234
5.628388404846191,-2.58655,0.024431,-0.165182,0.0870579,0.638371,-0.0875535,0.073623,0.492785,0.507226,0.320707,0.5518,0.645684,-0.419233,-0.0578013,0.423936,0.111141,0.665584,0.198849,0.550793,-0.462693,47.00218175105682
5.71488094329834,-2.39033,0.756163,-0.219021,0.198152,0.627773,0.0661549,0.0738216,0.492811,0.507399,0.319003,0.552869,0.646341,-0.41811,-0.0673039,0.442649,0.124212,0.653461,0.218588,0.587242,-0.424683,41.146791992105044
5.80410099029541,-2.30863,0.651346,-0.310727,0.225764,0.63148,0.0368945,0.0734994,0.492876,0.507415,0.319712,0.551602,0.646156,-0.419525,-0.083816,0.467736,0.148387,0.625444,0.242096,0.644436,-0.367302,31.53505242827655
5.892228126525879,-2.42345,0.551436,0.531118,0.181423,0.51554,0.00925963,0.0735278,0.49295,0.507641,0.319181,0.552695,0.646058,-0.418641,-0.0887686,0.491865,0.169913,0.594785,0.283216,0.675127,-0.331998,23.65464420034593
5.979597330093384,-1.85483,0.83238,0.230234,0.246548,0.469989,0.0591576,0.0733455,0.493039,0.507723,0.320107,0.552354,0.646123,-0.418284,-0.0902344,0.512232,0.189734,0.562012,0.318876,0.695673,-0.313847,17.362734512092214
6.069042444229126,-1.73477,1.60793,0.117658,0.397311,0.455645,0.189987,0.0737283,0.492921,0.507859,0.319754,0.55288,0.645999,-0.418051,-0.0881181,0.530033,0.209804,0.534014,0.353053,0.708991,-0.295828,11.892880056256338
6.157460689544678,-1.13437,1.96012,0.038977,0.476822,0.36409,0.261165,0.0736155,0.493009,0.507994,0.320295,0.552924,0.646214,-0.417246,-0.082287,0.545069,0.227099,0.507525,0.390957,0.714705,-0.280655,6.739170120927223
6.259727239608765,-0.785568,2.15796,0.251249,0.508042,0.307054,0.264183,0.0738554,0.492897,0.50826,0.319045,0.553461,0.646406,-0.417194,-0.0678689,0.561974,0.245245,0.476397,0.434363,0.712079,-0.278062,2.2688751294539564
6.348036527633667,-1.40364,2.16833,-0.686991,0.728514,0.473972,0.172817,0.0739505,0.492828,0.508244,0.319317,0.553756,0.646437,-0.416545,-0.0573706,0.572313,0.256923,0.454665,0.46297,0.71082,-0.27143,-1.1299604064788094
6.436716079711914,-1.49092,2.57327,-1.01087,0.997671,0.540579,0.174054,0.0744225,0.49278,0.508696,0.319408,0.55369,0.645847,-0.417478,-0.0492964,0.579196,0.267129,0.43799,0.482844,0.710537,-0.264885,-3.859173900276221
6.525502681732178,0.357951,3.22313,-1.73084,1.31457,0.442722,0.335999,0.074805,0.492706,0.509178,0.320114,0.555134,0.645367,-0.415759,-0.0446518,0.584774,0.271742,0.437975,0.495708,0.706375,-0.251963,-5.22596440094259
6.616281509399414,0.201252,3.279,-3.01186,1.50496,0.868206,0.372453,0.0758732,0.492264,0.509049,0.320017,0.555026,0.645367,-0.415978,-0.0293839,0.590795,0.270269,0.437703,0.517138,0.68835,-0.259149,-5.182799062588345
6.705007076263428,1.65587,3.98896,-4.0547,1.81277,0.981493,0.593018,0.0765718,0.491992,0.509437,0.322701,0.556266,0.642805,-0.416214,-0.0171836,0.593634,0.262563,0.452679,0.528554,0.665056,-0.270948,-3.260295104138357
6.79395318031311,1.01447,3.95364,-3.16737,1.69086,0.899506,0.649387,0.0766663,0.492009,0.50939,0.32317,0.557542,0.642255,-0.41499,-0.00420561,0.594719,0.246708,0.46462,0.532592,0.640887,-0.299563,0.6319242603292531
6.884029388427734,0.468767,4.42862,-2.04575,1.58618,0.669539,0.774561,0.0765102,0.491993,0.508883,0.324476,0.560173,0.640831,-0.412621,0.00970292,0.592401,0.224401,0.489051,0.527058,0.608023,-0.336669,7.000423120631319
6.974143743515015,0.156542,5.30061,-1.38625,1.53931,0.555118,0.95228,0.0764423,0.491933,0.509055,0.325596,0.559288,0.641203,-0.412363,0.0199443,0.584721,0.200951,0.520847,0.516298,0.577176,-0.359198,12.922369332742905
7.064964771270752,0.102087,6.19254,-1.34431,1.61583,0.548602,1.14061,0.0766252,0.491865,0.509418,0.32726,0.560066,0.641214,-0.409964,0.0262104,0.568694,0.171646,0.566456,0.491566,0.542287,-0.378703,20.652251019680868
7.1553802490234375,-0.271685,6.36796,-1.00062,1.59419,0.498492,1.19143,0.0763251,0.491978,0.509486,0.328,0.560326,0.641021,-0.409321,0.0255255,0.546551,0.143702,0.61459,0.448211,0.516902,-0.392682,28.336124866969552
7.262657880783081,-0.409477,5.37644,-1.15589,1.30959,0.49465,1.00702,0.0757105,0.492221,0.509554,0.326741,0.558673,0.642092,-0.410904,0.0226462,0.51597,0.115196,0.662474,0.395457,0.488058,-0.408094,36.8913264342923
7.353507041931152,-0.277,5.27127,-1.24609,1.22587,0.477908,0.991434,0.0754023,0.492315,0.509262,0.325496,0.559751,0.642634,-0.409575,0.0292772,0.490392,0.0947127,0.69229,0.361404,0.453196,-0.429808,44.52568538200112
7.4552648067474365,0.484298,5.56619,-1.32062,1.23446,0.351838,1.05889,0.0756358,0.492217,0.509096,0.326517,0.55972,0.642678,-0.408736,0.0397219,0.470519,0.0815223,0.709683,0.336292,0.418277,-0.456401,51.00947745521255
7.547165155410767,1.64932,4.77836,-1.94218,1.07157,0.264269,0.907593,0.075695,0.492153,0.509017,0.327184,0.558592,0.642682,-0.409738,0.0492455,0.446804,0.0695029,0.72521,0.31046,0.375979,-0.486133,58.050797511057254
7.638383150100708,1.62896,4.34718,-1.18792,0.959565,0.115888,0.812619,0.0757118,0.491958,0.50788,0.328081,0.559889,0.641543,-0.409036,0.0544575,0.427929,0.0616312,0.735883,0.289167,0.350304,-0.502141,62.495439786739176
7.729632377624512,1.93416,3.94301,-1.1649,0.861261,0.0552303,0.740787,0.0755231,0.49206,0.508037,0.327371,0.559356,0.641903,-0.409768,0.0583502,0.414628,0.0576141,0.742675,0.275233,0.329504,-0.513914,65.90372303412994
7.820332050323486,1.96581,3.24714,-1.13504,0.687793,0.0454957,0.606004,0.0755971,0.492055,0.507926,0.327211,0.558402,0.642403,-0.410412,0.0607211,0.399319,0.0539584,0.745834,0.257724,0.307575,-0.531703,69.530366612094
7.9118311405181885,1.17168,1.69085,-0.859429,0.387683,0.0704617,0.320236,0.0753031,0.492101,0.507594,0.32639,0.556874,0.642763,-0.412573,0.0604205,0.387462,0.0516226,0.744513,0.243583,0.291019,-0.54925,72.17332812412809
8.00295877456665,1.90486,1.67111,-0.8468,0.315053,-0.0284304,0.347434,0.0750733,0.492149,0.506969,0.32521,0.557648,0.64169,-0.414128,0.0568297,0.376686,0.0499152,0.745578,0.228531,0.27746,-0.561162,74.53812160856135
8.096408128738403,1.28653,0.611636,-0.573439,0.107454,0.0669706,0.159416,0.0747018,0.49217,0.506443,0.324742,0.55603,0.64197,-0.416231,0.0560481,0.364944,0.0487159,0.743981,0.214463,0.260951,-0.576544,76.98641051156454
8.188703298568726,0.818834,0.21102,0.357881,0.0344,-0.0537914,0.0788098,0.0749373,0.492092,0.505891,0.322576,0.553738,0.643931,-0.417937,0.0538439,0.355722,0.04824,0.744892,0.201012,0.251894,-0.584192,78.91074771574557
8.28249216079712,0.579017,0.0723183,0.436223,0.0089817,-0.0283421,0.0601185,0.075044,0.492055,0.505699,0.322194,0.553581,0.643574,-0.418989,0.0541637,0.347064,0.0482036,0.748927,0.192436,0.239724,-0.587034,80.69510804432761
8.374904155731201,0.848068,-0.412204,-0.143702,-0.0806192,0.0307526,0.0116718,0.0747933,0.49227,0.506218,0.321811,0.553439,0.643978,-0.418849,0.0549256,0.34159,0.0487485,0.745108,0.188352,0.230144,-0.596969,81.82195429219318
8.46867036819458,0.923918,-0.716032,-0.315563,-0.187471,0.0715681,-0.0101258,0.0750772,0.492198,0.506108,0.321236,0.55171,0.644676,-0.420495,0.0523643,0.337552,0.0489498,0.736466,0.182859,0.224494,-0.611378,82.39763962987607
8.56270980834961,0.512427,-0.551321,-0.258932,-0.21131,0.123371,0.0813493,0.0746418,0.492398,0.506278,0.321146,0.553706,0.643624,-0.41955,0.0473026,0.33976,0.0492911,0.730997,0.181562,0.223944,-0.618488,82.40673642672527
8.655409812927246,0.724997,-0.348076,-0.612219,-0.285637,0.21236,0.276183,0.0751889,0.492152,0.506372,0.322086,0.553255,0.643531,-0.419568,0.0471493,0.343451,0.0494321,0.71677,0.18812,0.226396,-0.632136,81.19978459330305
8.74999189376831,0.105915,-1.11734,-0.119262,-0.383638,0.176412,0.333882,0.0751732,0.49217,0.506015,0.321811,0.552962,0.643716,-0.419881,0.0464167,0.345977,0.0491622,0.708193,0.194253,0.22381,-0.64081,80.76179077947808
8.843525886535645,-0.111435,-1.19804,-0.0755288,-0.385924,0.188814,0.290418,0.0752064,0.492148,0.506015,0.320585,0.553012,0.643831,-0.420577,0.0446338,0.353066,0.0492763,0.698859,0.199655,0.235501,-0.645192,79.11624741490391
8.935871124267578,-0.026062,-1.13634,-0.250527,-0.3103,0.213243,0.294126,0.0748555,0.492317,0.506282,0.321272,0.553615,0.643776,-0.419342,0.0409654,0.360676,0.049793,0.689006,0.207465,0.243951,-0.650167,77.52131195410276
9.02922248840332,-1.87806,-1.35667,0.431522,-0.329482,0.3366,0.147647,0.0748337,0.492209,0.505963,0.321548,0.553342,0.643559,-0.419822,0.0381209,0.370637,0.0506953,0.678003,0.21887,0.258383,-0.652415,75.04124121122297
9.124118566513062,0.100544,-0.958793,0.225155,-0.244401,0.219456,0.250794,0.07462,0.492391,0.506315,0.321568,0.553168,0.644083,-0.419234,0.0339583,0.384355,0.0524711,0.662976,0.23156,0.273592,-0.65726,72.35543699688408
9.23267650604248,-2.59406,-1.83384,0.595287,-0.398139,0.484422,-0.0715354,0.0745189,0.49247,0.50632,0.320208,0.553656,0.644353,-0.419215,0.0277581,0.407322,0.0569562,0.633778,0.25678,0.305836,-0.66246,66.8954963547724
9.326626062393188,-1.76205,-1.7387,-0.579849,-0.25057,0.579255,-0.0591709,0.0742406,0.492637,0.507112,0.320794,0.553941,0.644241,-0.418562,0.0289134,0.422355,0.0610889,0.60245,0.27868,0.32123,-0.675428,62.795879876037226
9.420807838439941,-1.38496,-1.295,0.0963898,-0.199448,0.419396,-0.0104966,0.0741921,0.49272,0.506918,0.318818,0.553307,0.64577,-0.418554,0.0277282,0.438618,0.0660293,0.575944,0.299853,0.341534,-0.679509,58.68262561868546
9.516578197479248,-1.61012,-1.60749,-0.134476,-0.218948,0.459642,-0.121154,0.0739302,0.49282,0.50731,0.319507,0.553194,0.645526,-0.418555,0.026598,0.456802,0.0730422,0.555122,0.320335,0.364908,-0.675327,54.31059930164443
9.612364768981934,-2.12762,-2.29144,-0.745744,-0.30226,0.619993,-0.247237,0.0737412,0.492853,0.507396,0.319847,0.552408,0.646004,-0.418595,0.0266258,0.472022,0.080153,0.532311,0.338449,0.384001,-0.67427,50.34735372361652
9.708521366119385,-1.49966,-1.4929,-0.775227,-0.150521,0.620208,-0.0149243,0.0741095,0.492805,0.507461,0.319127,0.554302,0.645027,-0.418148,0.0308639,0.487039,0.0881933,0.502222,0.361734,0.399892,-0.676024,46.09889972081969
9.8025381565094,-1.34237,-0.21013,-1.33776,0.1322,0.689928,0.182353,0.0739817,0.492873,0.507867,0.319491,0.553562,0.645078,-0.418772,0.0354496,0.500037,0.0962881,-0.481026,-0.380341,-0.411967,0.673972,42.68456055446499
9.897110223770142,-1.44843,-0.536419,-0.740939,-0.0013488,0.407301,-0.221843,0.0739625,0.493074,0.50883,0.317949,0.553579,0.646633,-0.417522,0.0392115,0.512785,0.109004,-0.465566,-0.410595,-0.434086,0.652863,38.347390171356444
9.991353511810303,-2.34233,-0.297822,-1.36354,0.0656292,0.708077,-0.145837,0.0741993,0.492663,0.507455,0.320063,0.553739,0.645503,-0.417443,0.0169781,0.520939,0.134813,0.50428,0.42866,0.505698,-0.553373,31.621668841498426
10.087285280227661,-1.70488,0.928626,-3.30978,0.388431,0.865453,0.0902565,0.0742638,0.492997,0.509384,0.318703,0.553447,0.645453,-0.418945,-0.000955978,0.531796,0.153119,0.526216,0.425129,0.553609,-0.485674,26.92336583766623
