# Timestamp, Flexion, Adduction, Rotation, Tx, Ty, Tz, Fx, Fy, Fz
0.021654844284057617, 88.8121510029849, 3.008936767427839, -70.6587822494038, 0.0, 0.0, 0.0, 0.0, 0.0, 0.0
0.02177715301513672, 88.8121510029849, 3.008936767427839, -70.6587822494038, 0.0, 0.0, 0.0, 0.0, 0.0, 0.0
0.055558204650878906, 88.8121510029849, 3.008936767427839, -70.6587822494038, 0.0, 0.0, 0.0, 0.0, 0.0, 0.0
0.05568695068359375, 88.8121510029849, 3.008936767427839, -70.6587822494038, 0.0, 0.0, 0.0, 0.0, 0.0, 0.0
0.07245731353759766, 88.8121510029849, 3.008936767427839, -70.6587822494038, 0.0, 0.0, 0.0, 0.0, 0.0, 0.0
0.07258200645446777, 88.8121510029849, 3.008936767427839, -70.6587822494038, 0.0, 0.0, 0.0, 0.0, 0.0, 0.0
0.08893299102783203, 88.8121510029849, 3.008936767427839, -70.6587822494038, 0.0, 0.0, 0.0, 0.0, 0.0, 0.0
0.08906292915344238, 88.8121510029849, 3.008936767427839, -70.6587822494038, 0.0, 0.0, 0.0, 0.0, 0.0, 0.0
0.10529446601867676, 88.8121510029849, 3.008936767427839, -70.6587822494038, 0.0, 0.0, 0.0, 0.0, 0.0, 0.0
0.10541892051696777, 88.8121510029849, 3.008936767427839, -70.6587822494038, 0.0, 0.0, 0.0, 0.0, 0.0, 0.0
0.1219635009765625, 88.8121510029849, 3.008936767427839, -70.6587822494038, 0.0, 0.0, 0.0, 0.0, 0.0, 0.0
0.12208747863769531, 88.8121510029849, 3.008936767427839, -70.6587822494038, 0.0, 0.0, 0.0, 0.0, 0.0, 0.0
0.15559053421020508, 88.8121510029849, 3.008936767427839, -70.6587822494038, 0.0, 0.0, 0.0, 0.0, 0.0, 0.0
0.1557164192199707, 88.8121510029849, 3.008936767427839, -70.6587822494038, 0.0, 0.0, 0.0, 0.0, 0.0, 0.0
0.1725177764892578, 88.8121510029849, 3.008936767427839, -70.6587822494038, 0.0, 0.0, 0.0, 0.0, 0.0, 0.0
0.17264246940612793, 88.8121510029849, 3.008936767427839, -70.6587822494038, 0.0, 0.0, 0.0, 0.0, 0.0, 0.0
0.18965625762939453, 88.8121510029849, 3.008936767427839, -70.6587822494038, 0.0, 0.0, 0.0, 0.0, 0.0, 0.0
0.18978285789489746, 88.8121510029849, 3.008936767427839, -70.6587822494038, 0.0, 0.0, 0.0, 0.0, 0.0, 0.0
0.2065751552581787, 88.8121510029849, 3.008936767427839, -70.6587822494038, 0.0, 0.0, 0.0, 0.0, 0.0, 0.0
0.20670056343078613, 88.8121510029849, 3.008936767427839, -70.6587822494038, 0.0, 0.0, 0.0, 0.0, 0.0, 0.0
0.22280550003051758, 88.8121510029849, 3.008936767427839, -70.6587822494038, 0.0, 0.0, 0.0, 0.0, 0.0, 0.0
0.22292256355285645, 88.8121510029849, 3.008936767427839, -70.6587822494038, 0.0, 0.0, 0.0, 0.0, 0.0, 0.0
0.25547313690185547, 88.8121510029849, 3.008936767427839, -70.6587822494038, 0.0, 0.0, 0.0, 0.0, 0.0, 0.0
0.25559115409851074, 88.8121510029849, 3.008936767427839, -70.6587822494038, 0.0, 0.0, 0.0, 0.0, 0.0, 0.0
0.27251434326171875, 88.8121510029849, 3.008936767427839, -70.6587822494038, 0.0, 0.0, 0.0, 0.0, 0.0, 0.0
0.2726311683654785, 88.8121510029849, 3.008936767427839, -70.6587822494038, 0.0, 0.0, 0.0, 0.0, 0.0, 0.0
0.2892911434173584, 88.8121510029849, 3.008936767427839, -70.6587822494038, 0.0, 0.0, 0.0, 0.0, 0.0, 0.0
0.2894096374511719, 88.8121510029849, 3.008936767427839, -70.6587822494038, 0.0, 0.0, 0.0, 0.0, 0.0, 0.0
0.3059659004211426, 88.8121510029849, 3.008936767427839, -70.6587822494038, 0.0, 0.0, 0.0, 0.0, 0.0, 0.0
0.30608320236206055, 88.8121510029849, 3.008936767427839, -70.6587822494038, 0.0, 0.0, 0.0, 0.0, 0.0, 0.0
0.32210326194763184, 88.8121510029849, 3.008936767427839, -70.6587822494038, 0.0, 0.0, 0.0, 0.0, 0.0, 0.0
0.32222437858581543, 88.8121510029849, 3.008936767427839, -70.6587822494038, 0.0, 0.0, 0.0, 0.0, 0.0, 0.0
0.35734057426452637, 88.8121510029849, 3.008936767427839, -70.6587822494038, 0.0, 0.0, 0.0, 0.0, 0.0, 0.0
0.3574509620666504, 88.8121510029849, 3.008936767427839, -70.6587822494038, 0.0, 0.0, 0.0, 0.0, 0.0, 0.0
0.37143659591674805, 88.8121510029849, 3.008936767427839, -70.6587822494038, 0.0, 0.0, 0.0, 0.0, 0.0, 0.0
0.3715498447418213, 88.8121510029849, 3.008936767427839, -70.6587822494038, 0.0, 0.0, 0.0, 0.0, 0.0, 0.0
0.3884696960449219, 88.8121510029849, 3.008936767427839, -70.6587822494038, 0.0, 0.0, 0.0, 0.0, 0.0, 0.0
0.38858842849731445, 88.8121510029849, 3.008936767427839, -70.6587822494038, 0.0, 0.0, 0.0, 0.0, 0.0, 0.0
0.4053480625152588, 88.8121510029849, 3.008936767427839, -70.6587822494038, 0.0, 0.0, 0.0, 0.0, 0.0, 0.0
0.40546417236328125, 88.8121510029849, 3.008936767427839, -70.6587822494038, 0.0, 0.0, 0.0, 0.0, 0.0, 0.0
0.42186713218688965, 88.8121510029849, 3.008936767427839, -70.6587822494038, 0.0, 0.0, 0.0, 0.0, 0.0, 0.0
0.4219815731048584, 88.8121510029849, 3.008936767427839, -70.6587822494038, 0.0, 0.0, 0.0, 0.0, 0.0, 0.0
0.4551403522491455, 88.8121510029849, 3.008936767427839, -70.6587822494038, 0.0, 0.0, 0.0, 0.0, 0.0, 0.0
0.4552638530731201, 88.8121510029849, 3.008936767427839, -70.6587822494038, 0.0, 0.0, 0.0, 0.0, 0.0, 0.0
0.4718804359436035, 88.8121510029849, 3.008936767427839, -70.6587822494038, 0.0, 0.0, 0.0, 0.0, 0.0, 0.0
0.47199320793151855, 88.8121510029849, 3.008936767427839, -70.6587822494038, 0.0, 0.0, 0.0, 0.0, 0.0, 0.0
0.4883887767791748, 88.8121510029849, 3.008936767427839, -70.6587822494038, 0.0, 0.0, 0.0, 0.0, 0.0, 0.0
0.48850369453430176, 88.8121510029849, 3.008936767427839, -70.6587822494038, 0.0, 0.0, 0.0, 0.0, 0.0, 0.0
0.5053796768188477, 88.8121510029849, 3.008936767427839, -70.6587822494038, 0.0, 0.0, 0.0, 0.0, 0.0, 0.0
0.5054936408996582, 88.8121510029849, 3.008936767427839, -70.6587822494038, 0.0, 0.0, 0.0, 0.0, 0.0, 0.0
0.5219211578369141, 88.8121510029849, 3.008936767427839, -70.6587822494038, 0.0, 0.0, 0.0, 0.0, 0.0, 0.0
0.5220358371734619, 88.8121510029849, 3.008936767427839, -70.6587822494038, 0.0, 0.0, 0.0, 0.0, 0.0, 0.0
0.5554318428039551, 88.8121510029849, 3.008936767427839, -70.6587822494038, 0.0, 0.0, 0.0, 0.0, 0.0, 0.0
0.5555598735809326, 88.8121510029849, 3.008936767427839, -70.6587822494038, 0.0, 0.0, 0.0, 0.0, 0.0, 0.0
0.571544885635376, 88.8121510029849, 3.008936767427839, -70.6587822494038, 0.0, 0.0, 0.0, 0.0, 0.0, 0.0
0.5716590881347656, 88.8121510029849, 3.008936767427839, -70.6587822494038, 0.0, 0.0, 0.0, 0.0, 0.0, 0.0
0.5884714126586914, 88.8121510029849, 3.008936767427839, -70.6587822494038, 0.0, 0.0, 0.0, 0.0, 0.0, 0.0
0.5885899066925049, 88.8121510029849, 3.008936767427839, -70.6587822494038, 0.0, 0.0, 0.0, 0.0, 0.0, 0.0
0.6054122447967529, 88.8121510029849, 3.008936767427839, -70.6587822494038, 0.0, 0.0, 0.0, 0.0, 0.0, 0.0
0.605527400970459, 88.8121510029849, 3.008936767427839, -70.6587822494038, 0.0, 0.0, 0.0, 0.0, 0.0, 0.0
0.621788501739502, 88.8121510029849, 3.008936767427839, -70.6587822494038, 0.0, 0.0, 0.0, 0.0, 0.0, 0.0
0.621906042098999, 88.8121510029849, 3.008936767427839, -70.6587822494038, 0.0, 0.0, 0.0, 0.0, 0.0, 0.0
0.6423928737640381, 88.8121510029849, 3.008936767427839, -70.6587822494038, 0.0, 0.0, 0.0, 0.0, 0.0, 0.0
0.6425013542175293, 88.8121510029849, 3.008936767427839, -70.6587822494038, 0.0, 0.0, 0.0, 0.0, 0.0, 0.0
0.6717185974121094, 88.8121510029849, 3.008936767427839, -70.6587822494038, 0.0, 0.0, 0.0, 0.0, 0.0, 0.0
0.6718358993530273, 88.8121510029849, 3.008936767427839, -70.6587822494038, 0.0, 0.0, 0.0, 0.0, 0.0, 0.0
0.6887001991271973, 88.8121510029849, 3.008936767427839, -70.6587822494038, 0.0, 0.0, 0.0, 0.0, 0.0, 0.0
0.6888158321380615, 88.8121510029849, 3.008936767427839, -70.6587822494038, 0.0, 0.0, 0.0, 0.0, 0.0, 0.0
0.7052209377288818, 88.8121510029849, 3.008936767427839, -70.6587822494038, 0.0, 0.0, 0.0, 0.0, 0.0, 0.0
0.7053401470184326, 88.8121510029849, 3.008936767427839, -70.6587822494038, 0.0, 0.0, 0.0, 0.0, 0.0, 0.0
0.7218458652496338, 88.8121510029849, 3.008936767427839, -70.6587822494038, 0.0, 0.0, 0.0, 0.0, 0.0, 0.0
0.7219650745391846, 88.8121510029849, 3.008936767427839, -70.6587822494038, 0.0, 0.0, 0.0, 0.0, 0.0, 0.0
0.7425673007965088, 88.8121510029849, 3.008936767427839, -70.6587822494038, 0.0, 0.0, 0.0, 0.0, 0.0, 0.0
0.7426745891571045, 88.8121510029849, 3.008936767427839, -70.6587822494038, 0.0, 0.0, 0.0, 0.0, 0.0, 0.0
0.771712064743042, 88.8121510029849, 3.008936767427839, -70.6587822494038, 0.0, 0.0, 0.0, 0.0, 0.0, 0.0
0.7718286514282227, 88.8121510029849, 3.008936767427839, -70.6587822494038, 0.0, 0.0, 0.0, 0.0, 0.0, 0.0
0.7886555194854736, 88.8121510029849, 3.008936767427839, -70.6587822494038, 0.0, 0.0, 0.0, 0.0, 0.0, 0.0
0.7887730598449707, 88.8121510029849, 3.008936767427839, -70.6587822494038, 0.0, 0.0, 0.0, 0.0, 0.0, 0.0
0.8053188323974609, 88.8121510029849, 3.008936767427839, -70.6587822494038, 0.0, 0.0, 0.0, 0.0, 0.0, 0.0
0.8054366111755371, 88.8121510029849, 3.008936767427839, -70.6587822494038, 0.0, 0.0, 0.0, 0.0, 0.0, 0.0
0.8219051361083984, 88.8121510029849, 3.008936767427839, -70.6587822494038, 0.0, 0.0, 0.0, 0.0, 0.0, 0.0
0.8220221996307373, 88.8121510029849, 3.008936767427839, -70.6587822494038, 0.0, 0.0, 0.0, 0.0, 0.0, 0.0
0.8552746772766113, 88.8121510029849, 3.008936767427839, -70.6587822494038, 0.0, 0.0, 0.0, 0.0, 0.0, 0.0
0.8553905487060547, 88.8121510029849, 3.008936767427839, -70.6587822494038, 0.0, 0.0, 0.0, 0.0, 0.0, 0.0
0.8718233108520508, 88.8121510029849, 3.008936767427839, -70.6587822494038, 0.0, 0.0, 0.0, 0.0, 0.0, 0.0
0.8719379901885986, 88.8121510029849, 3.008936767427839, -70.6587822494038, 0.0, 0.0, 0.0, 0.0, 0.0, 0.0
0.8882734775543213, 88.8121510029849, 3.008936767427839, -70.6587822494038, 0.0, 0.0, 0.0, 0.0, 0.0, 0.0
0.8883841037750244, 88.8121510029849, 3.008936767427839, -70.6587822494038, 0.0, 0.0, 0.0, 0.0, 0.0, 0.0
0.9054555892944336, 88.8121510029849, 3.008936767427839, -70.6587822494038, 0.0, 0.0, 0.0, 0.0, 0.0, 0.0
0.905566930770874, 88.8121510029849, 3.008936767427839, -70.6587822494038, 0.0, 0.0, 0.0, 0.0, 0.0, 0.0
0.9218425750732422, 88.8121510029849, 3.008936767427839, -70.6587822494038, 0.0, 0.0, 0.0, 0.0, 0.0, 0.0
0.9219536781311035, 88.8121510029849, 3.008936767427839, -70.6587822494038, 0.0, 0.0, 0.0, 0.0, 0.0, 0.0
0.9552991390228271, 88.8121510029849, 3.008936767427839, -70.6587822494038, 0.0, 0.0, 0.0, 0.0, 0.0, 0.0
0.9554171562194824, 88.8121510029849, 3.008936767427839, -70.6587822494038, 0.0, 0.0, 0.0, 0.0, 0.0, 0.0
0.9719245433807373, 88.8121510029849, 3.008936767427839, -70.6587822494038, 0.0, 0.0, 0.0, 0.0, 0.0, 0.0
0.9720447063446045, 88.8121510029849, 3.008936767427839, -70.6587822494038, 0.0, 0.0, 0.0, 0.0, 0.0, 0.0
0.9881610870361328, 88.8121510029849, 3.008936767427839, -70.6587822494038, 0.0, 0.0, 0.0, 0.0, 0.0, 0.0
0.9882805347442627, 88.8121510029849, 3.008936767427839, -70.6587822494038, 0.0, 0.0, 0.0, 0.0, 0.0, 0.0
1.0053915977478027, 88.8121510029849, 3.008936767427839, -70.6587822494038, 0.0, 0.0, 0.0, 0.0, 0.0, 0.0
1.0055201053619385, 88.8121510029849, 3.008936767427839, -70.6587822494038, 0.0, 0.0, 0.0, 0.0, 0.0, 0.0
1.0221426486968994, 88.8121510029849, 3.008936767427839, -70.6587822494038, 0.0, 0.0, 0.0, 0.0, 0.0, 0.0
1.0222656726837158, 88.8121510029849, 3.008936767427839, -70.6587822494038, 0.0, 0.0, 0.0, 0.0, 0.0, 0.0
1.0555250644683838, 88.8121510029849, 3.008936767427839, -70.6587822494038, 0.0, 0.0, 0.0, 0.0, 0.0, 0.0
1.055643081665039, 88.8121510029849, 3.008936767427839, -70.6587822494038, 0.0, 0.0, 0.0, 0.0, 0.0, 0.0
1.0726325511932373, 88.8121510029849, 3.008936767427839, -70.6587822494038, 0.0, 0.0, 0.0, 0.0, 0.0, 0.0
1.072749137878418, 88.8121510029849, 3.008936767427839, -70.6587822494038, 0.0, 0.0, 0.0, 0.0, 0.0, 0.0
1.1050419807434082, 88.8121510029849, 3.008936767427839, -70.6587822494038, 0.0, 0.0, 0.0, 0.0, 0.0, 0.0
1.1051585674285889, 88.8121510029849, 3.008936767427839, -70.6587822494038, 0.0, 0.0, 0.0, 0.0, 0.0, 0.0
1.1389918327331543, 88.8121510029849, 3.008936767427839, -70.6587822494038, 0.0, 0.0, 0.0, 0.0, 0.0, 0.0
1.1391198635101318, 88.8121510029849, 3.008936767427839, -70.6587822494038, 0.0, 0.0, 0.0, 0.0, 0.0, 0.0
1.1721725463867188, 88.8121510029849, 3.008936767427839, -70.6587822494038, 0.0, 0.0, 0.0, 0.0, 0.0, 0.0
1.1723065376281738, 88.8121510029849, 3.008936767427839, -70.6587822494038, 0.0, 0.0, 0.0, 0.0, 0.0, 0.0
1.1924171447753906, 88.8121510029849, 3.008936767427839, -70.6587822494038, 0.0, 0.0, 0.0, 0.0, 0.0, 0.0
1.1925334930419922, 88.8121510029849, 3.008936767427839, -70.6587822494038, 0.0, 0.0, 0.0, 0.0, 0.0, 0.0
1.2218549251556396, 88.8121510029849, 3.008936767427839, -70.6587822494038, 0.0, 0.0, 0.0, 0.0, 0.0, 0.0
1.2219698429107666, 88.8121510029849, 3.008936767427839, -70.6587822494038, 0.0, 0.0, 0.0, 0.0, 0.0, 0.0
1.238332748413086, 88.8121510029849, 3.008936767427839, -70.6587822494038, 0.0, 0.0, 0.0, 0.0, 0.0, 0.0
1.2384469509124756, 88.8121510029849, 3.008936767427839, -70.6587822494038, 0.0, 0.0, 0.0, 0.0, 0.0, 0.0
1.2554311752319336, 88.8121510029849, 3.008936767427839, -70.6587822494038, 0.0, 0.0, 0.0, 0.0, 0.0, 0.0
1.2555468082427979, 88.8121510029849, 3.008936767427839, -70.6587822494038, 0.0, 0.0, 0.0, 0.0, 0.0, 0.0
1.2719836235046387, 88.8121510029849, 3.008936767427839, -70.6587822494038, 0.0, 0.0, 0.0, 0.0, 0.0, 0.0
1.2720990180969238, 88.8121510029849, 3.008936767427839, -70.6587822494038, 0.0, 0.0, 0.0, 0.0, 0.0, 0.0
1.3048717975616455, 88.8121510029849, 3.008936767427839, -70.6587822494038, 0.0, 0.0, 0.0, 0.0, 0.0, 0.0
1.3049864768981934, 88.8121510029849, 3.008936767427839, -70.6587822494038, 0.0, 0.0, 0.0, 0.0, 0.0, 0.0
1.3217377662658691, 88.8121510029849, 3.008936767427839, -70.6587822494038, 0.0, 0.0, 0.0, 0.0, 0.0, 0.0
1.321852684020996, 88.8121510029849, 3.008936767427839, -70.6587822494038, 0.0, 0.0, 0.0, 0.0, 0.0, 0.0
1.3388378620147705, 88.8121510029849, 3.008936767427839, -70.6587822494038, 0.0, 0.0, 0.0, 0.0, 0.0, 0.0
1.338961124420166, 88.8121510029849, 3.008936767427839, -70.6587822494038, 0.0, 0.0, 0.0, 0.0, 0.0, 0.0
1.3558433055877686, 88.8121510029849, 3.008936767427839, -70.6587822494038, 0.0, 0.0, 0.0, 0.0, 0.0, 0.0
1.355961561203003, 88.8121510029849, 3.008936767427839, -70.6587822494038, 0.0, 0.0, 0.0, 0.0, 0.0, 0.0
1.3722491264343262, 88.8121510029849, 3.008936767427839, -70.6587822494038, 0.0, 0.0, 0.0, 0.0, 0.0, 0.0
1.3723647594451904, 88.8121510029849, 3.008936767427839, -70.6587822494038, 0.0, 0.0, 0.0, 0.0, 0.0, 0.0
1.4223294258117676, 88.8121510029849, 3.008936767427839, -70.6587822494038, 0.0, 0.0, 0.0, 0.0, 0.0, 0.0
1.4224591255187988, 88.8121510029849, 3.008936767427839, -70.6587822494038, 0.0, 0.0, 0.0, 0.0, 0.0, 0.0
1.4742255210876465, 88.8121510029849, 3.008936767427839, -70.6587822494038, 0.0, 0.0, 0.0, 0.0, 0.0, 0.0
1.4743907451629639, 88.8121510029849, 3.008936767427839, -70.6587822494038, 0.0, 0.0, 0.0, 0.0, 0.0, 0.0
1.5426325798034668, 88.8121510029849, 3.008936767427839, -70.6587822494038, 0.0, 0.0, 0.0, 0.0, 0.0, 0.0
1.5428886413574219, 88.8121510029849, 3.008936767427839, -70.6587822494038, 0.0, 0.0, 0.0, 0.0, 0.0, 0.0
1.572096586227417, 88.8121510029849, 3.008936767427839, -70.6587822494038, 0.0, 0.0, 0.0, 0.0, 0.0, 0.0
1.5722227096557617, 88.8121510029849, 3.008936767427839, -70.6587822494038, 0.0, 0.0, 0.0, 0.0, 0.0, 0.0
1.6214842796325684, 88.8121510029849, 3.008936767427839, -70.6587822494038, 0.0, 0.0, 0.0, 0.0, 0.0, 0.0
1.6216013431549072, 88.8121510029849, 3.008936767427839, -70.6587822494038, 0.0, 0.0, 0.0, 0.0, 0.0, 0.0
1.6424446105957031, 88.8121510029849, 3.008936767427839, -70.6587822494038, 0.0, 0.0, 0.0, 0.0, 0.0, 0.0
1.6425549983978271, 88.8121510029849, 3.008936767427839, -70.6587822494038, 0.0, 0.0, 0.0, 0.0, 0.0, 0.0
1.689342975616455, 88.8121510029849, 3.008936767427839, -70.6587822494038, 0.0, 0.0, 0.0, 0.0, 0.0, 0.0
1.6894607543945312, 88.8121510029849, 3.008936767427839, -70.6587822494038, 0.0, 0.0, 0.0, 0.0, 0.0, 0.0
1.7217907905578613, 88.8121510029849, 3.008936767427839, -70.6587822494038, 0.0, 0.0, 0.0, 0.0, 0.0, 0.0
1.7219085693359375, 88.8121510029849, 3.008936767427839, -70.6587822494038, 0.0, 0.0, 0.0, 0.0, 0.0, 0.0
1.739330530166626, 88.8121510029849, 3.008936767427839, -70.6587822494038, 0.0, 0.0, 0.0, 0.0, 0.0, 0.0
1.739457368850708, 88.8121510029849, 3.008936767427839, -70.6587822494038, 0.0, 0.0, 0.0, 0.0, 0.0, 0.0
1.7564008235931396, 88.8121510029849, 3.008936767427839, -70.6587822494038, 0.0, 0.0, 0.0, 0.0, 0.0, 0.0
1.7565250396728516, 88.8121510029849, 3.008936767427839, -70.6587822494038, 0.0, 0.0, 0.0, 0.0, 0.0, 0.0
1.7724673748016357, 88.8121510029849, 3.008936767427839, -70.6587822494038, 0.0, 0.0, 0.0, 0.0, 0.0, 0.0
1.772580623626709, 88.8121510029849, 3.008936767427839, -70.6587822494038, 0.0, 0.0, 0.0, 0.0, 0.0, 0.0
1.8054747581481934, 88.8121510029849, 3.008936767427839, -70.6587822494038, 0.0, 0.0, 0.0, 0.0, 0.0, 0.0
1.8055875301361084, 88.8121510029849, 3.008936767427839, -70.6587822494038, 0.0, 0.0, 0.0, 0.0, 0.0, 0.0
1.8220293521881104, 88.8121510029849, 3.008936767427839, -70.6587822494038, 0.0, 0.0, 0.0, 0.0, 0.0, 0.0
1.8221402168273926, 88.8121510029849, 3.008936767427839, -70.6587822494038, 0.0, 0.0, 0.0, 0.0, 0.0, 0.0
1.8385441303253174, 88.8121510029849, 3.008936767427839, -70.6587822494038, 0.0, 0.0, 0.0, 0.0, 0.0, 0.0
1.8386585712432861, 88.8121510029849, 3.008936767427839, -70.6587822494038, 0.0, 0.0, 0.0, 0.0, 0.0, 0.0
1.8730688095092773, 88.8121510029849, 3.008936767427839, -70.6587822494038, 0.0, 0.0, 0.0, 0.0, 0.0, 0.0
1.8731958866119385, 88.8121510029849, 3.008936767427839, -70.6587822494038, 0.0, 0.0, 0.0, 0.0, 0.0, 0.0
1.9228794574737549, 88.8121510029849, 3.008936767427839, -70.6587822494038, 0.0, 0.0, 0.0, 0.0, 0.0, 0.0
1.9230055809020996, 88.8121510029849, 3.008936767427839, -70.6587822494038, 0.0, 0.0, 0.0, 0.0, 0.0, 0.0
1.955718755722046, 88.8121510029849, 3.008936767427839, -70.6587822494038, 0.0, 0.0, 0.0, 0.0, 0.0, 0.0
1.9558436870574951, 88.8121510029849, 3.008936767427839, -70.6587822494038, 0.0, 0.0, 0.0, 0.0, 0.0, 0.0
1.972564458847046, 88.8121510029849, 3.008936767427839, -70.6587822494038, 0.0, 0.0, 0.0, 0.0, 0.0, 0.0
1.9726910591125488, 88.8121510029849, 3.008936767427839, -70.6587822494038, 0.0, 0.0, 0.0, 0.0, 0.0, 0.0
1.9890153408050537, 88.8121510029849, 3.008936767427839, -70.6587822494038, 0.0, 0.0, 0.0, 0.0, 0.0, 0.0
1.989140272140503, 88.8121510029849, 3.008936767427839, -70.6587822494038, 0.0, 0.0, 0.0, 0.0, 0.0, 0.0
2.005551338195801, 88.8121510029849, 3.008936767427839, -70.6587822494038, 0.0, 0.0, 0.0, 0.0, 0.0, 0.0
2.005664110183716, 88.8121510029849, 3.008936767427839, -70.6587822494038, 0.0, 0.0, 0.0, 0.0, 0.0, 0.0
2.038576364517212, 88.8121510029849, 3.008936767427839, -70.6587822494038, 0.0, 0.0, 0.0, 0.0, 0.0, 0.0
2.0386905670166016, 88.8121510029849, 3.008936767427839, -70.6587822494038, 0.0, 0.0, 0.0, 0.0, 0.0, 0.0
2.05556058883667, 88.8121510029849, 3.008936767427839, -70.6587822494038, 0.0, 0.0, 0.0, 0.0, 0.0, 0.0
2.0556790828704834, 88.8121510029849, 3.008936767427839, -70.6587822494038, 0.0, 0.0, 0.0, 0.0, 0.0, 0.0
2.088346242904663, 88.8121510029849, 3.008936767427839, -70.6587822494038, 0.0, 0.0, 0.0, 0.0, 0.0, 0.0
2.0884602069854736, 88.8121510029849, 3.008936767427839, -70.6587822494038, 0.0, 0.0, 0.0, 0.0, 0.0, 0.0
2.1556124687194824, 88.8121510029849, 3.008936767427839, -70.6587822494038, 0.0, 0.0, 0.0, 0.0, 0.0, 0.0
2.156097650527954, 88.8121510029849, 3.008936767427839, -70.6587822494038, 0.0, 0.0, 0.0, 0.0, 0.0, 0.0
2.1780664920806885, 88.8121510029849, 3.008936767427839, -70.6587822494038, 0.0, 0.0, 0.0, 0.0, 0.0, 0.0
2.178245782852173, 88.8121510029849, 3.008936767427839, -70.6587822494038, 0.0, 0.0, 0.0, 0.0, 0.0, 0.0
2.1956801414489746, 88.8121510029849, 3.008936767427839, -70.6587822494038, 0.0, 0.0, 0.0, 0.0, 0.0, 0.0
2.1958696842193604, 88.8121510029849, 3.008936767427839, -70.6587822494038, 0.0, 0.0, 0.0, 0.0, 0.0, 0.0
2.211754560470581, 88.8121510029849, 3.008936767427839, -70.6587822494038, 0.0, 0.0, 0.0, 0.0, 0.0, 0.0
2.2118849754333496, 88.8121510029849, 3.008936767427839, -70.6587822494038, 0.0, 0.0, 0.0, 0.0, 0.0, 0.0
2.2252843379974365, 88.8121510029849, 3.008936767427839, -70.6587822494038, 0.0, 0.0, 0.0, 0.0, 0.0, 0.0
2.2253942489624023, 88.8121510029849, 3.008936767427839, -70.6587822494038, 0.0, 0.0, 0.0, 0.0, 0.0, 0.0
2.2552640438079834, 88.8121510029849, 3.008936767427839, -70.6587822494038, 0.0, 0.0, 0.0, 0.0, 0.0, 0.0
2.255380868911743, 88.8121510029849, 3.008936767427839, -70.6587822494038, 0.0, 0.0, 0.0, 0.0, 0.0, 0.0
2.271969795227051, 88.8121510029849, 3.008936767427839, -70.6587822494038, 0.0, 0.0, 0.0, 0.0, 0.0, 0.0
2.2720861434936523, 88.8121510029849, 3.008936767427839, -70.6587822494038, 0.0, 0.0, 0.0, 0.0, 0.0, 0.0
2.2885444164276123, 88.8121510029849, 3.008936767427839, -70.6587822494038, 0.0, 0.0, 0.0, 0.0, 0.0, 0.0
2.2886605262756348, 88.8121510029849, 3.008936767427839, -70.6587822494038, 0.0, 0.0, 0.0, 0.0, 0.0, 0.0
2.305204153060913, 88.8121510029849, 3.008936767427839, -70.6587822494038, 0.0, 0.0, 0.0, 0.0, 0.0, 0.0
2.3053245544433594, 88.8121510029849, 3.008936767427839, -70.6587822494038, 0.0, 0.0, 0.0, 0.0, 0.0, 0.0
2.321974515914917, 88.8121510029849, 3.008936767427839, -70.6587822494038, 0.0, 0.0, 0.0, 0.0, 0.0, 0.0
2.322115421295166, 88.8121510029849, 3.008936767427839, -70.6587822494038, 0.0, 0.0, 0.0, 0.0, 0.0, 0.0
2.339545965194702, 88.8121510029849, 3.008936767427839, -70.6587822494038, 0.0, 0.0, 0.0, 0.0, 0.0, 0.0
2.3396618366241455, 88.8121510029849, 3.008936767427839, -70.6587822494038, 0.0, 0.0, 0.0, 0.0, 0.0, 0.0
2.3717451095581055, 88.8121510029849, 3.008936767427839, -70.6587822494038, 0.0, 0.0, 0.0, 0.0, 0.0, 0.0
2.3718624114990234, 88.8121510029849, 3.008936767427839, -70.6587822494038, 0.0, 0.0, 0.0, 0.0, 0.0, 0.0
2.388714075088501, 88.8121510029849, 3.008936767427839, -70.6587822494038, 0.0, 0.0, 0.0, 0.0, 0.0, 0.0
2.388833522796631, 88.8121510029849, 3.008936767427839, -70.6587822494038, 0.0, 0.0, 0.0, 0.0, 0.0, 0.0
2.405489921569824, 88.8121510029849, 3.008936767427839, -70.6587822494038, 0.0, 0.0, 0.0, 0.0, 0.0, 0.0
2.4056077003479004, 88.8121510029849, 3.008936767427839, -70.6587822494038, 0.0, 0.0, 0.0, 0.0, 0.0, 0.0
2.4221248626708984, 88.8121510029849, 3.008936767427839, -70.6587822494038, 0.0, 0.0, 0.0, 0.0, 0.0, 0.0
2.4222519397735596, 88.8121510029849, 3.008936767427839, -70.6587822494038, 0.0, 0.0, 0.0, 0.0, 0.0, 0.0
2.4397311210632324, 88.8121510029849, 3.008936767427839, -70.6587822494038, 0.0, 0.0, 0.0, 0.0, 0.0, 0.0
2.43984317779541, 88.8121510029849, 3.008936767427839, -70.6587822494038, 0.0, 0.0, 0.0, 0.0, 0.0, 0.0
2.459343194961548, 88.8121510029849, 3.008936767427839, -70.6587822494038, 0.0, 0.0, 0.0, 0.0, 0.0, 0.0
2.459454298019409, 88.8121510029849, 3.008936767427839, -70.6587822494038, 0.0, 0.0, 0.0, 0.0, 0.0, 0.0
2.488417387008667, 88.8121510029849, 3.008936767427839, -70.6587822494038, 0.0, 0.0, 0.0, 0.0, 0.0, 0.0
2.488528251647949, 88.8121510029849, 3.008936767427839, -70.6587822494038, 0.0, 0.0, 0.0, 0.0, 0.0, 0.0
2.504950761795044, 88.8121510029849, 3.008936767427839, -70.6587822494038, 0.0, 0.0, 0.0, 0.0, 0.0, 0.0
2.50506591796875, 88.8121510029849, 3.008936767427839, -70.6587822494038, 0.0, 0.0, 0.0, 0.0, 0.0, 0.0
2.522456407546997, 88.8121510029849, 3.008936767427839, -70.6587822494038, 0.0, 0.0, 0.0, 0.0, 0.0, 0.0
2.5225820541381836, 88.8121510029849, 3.008936767427839, -70.6587822494038, 0.0, 0.0, 0.0, 0.0, 0.0, 0.0
2.5552332401275635, 88.8121510029849, 3.008936767427839, -70.6587822494038, 0.0, 0.0, 0.0, 0.0, 0.0, 0.0
2.5553512573242188, 88.8121510029849, 3.008936767427839, -70.6587822494038, 0.0, 0.0, 0.0, 0.0, 0.0, 0.0
2.571885585784912, 88.8121510029849, 3.008936767427839, -70.6587822494038, 0.0, 0.0, 0.0, 0.0, 0.0, 0.0
2.572003126144409, 88.8121510029849, 3.008936767427839, -70.6587822494038, 0.0, 0.0, 0.0, 0.0, 0.0, 0.0
2.5887699127197266, 88.8121510029849, 3.008936767427839, -70.6587822494038, 0.0, 0.0, 0.0, 0.0, 0.0, 0.0
2.588885545730591, 88.8121510029849, 3.008936767427839, -70.6587822494038, 0.0, 0.0, 0.0, 0.0, 0.0, 0.0
2.6054563522338867, 88.8121510029849, 3.008936767427839, -70.6587822494038, 0.0, 0.0, 0.0, 0.0, 0.0, 0.0
2.6055734157562256, 88.8121510029849, 3.008936767427839, -70.6587822494038, 0.0, 0.0, 0.0, 0.0, 0.0, 0.0
2.622204065322876, 88.8121510029849, 3.008936767427839, -70.6587822494038, 0.0, 0.0, 0.0, 0.0, 0.0, 0.0
2.622323751449585, 88.8121510029849, 3.008936767427839, -70.6587822494038, 0.0, 0.0, 0.0, 0.0, 0.0, 0.0
2.655235767364502, 88.8121510029849, 3.008936767427839, -70.6587822494038, 0.0, 0.0, 0.0, 0.0, 0.0, 0.0
2.655351161956787, 88.8121510029849, 3.008936767427839, -70.6587822494038, 0.0, 0.0, 0.0, 0.0, 0.0, 0.0
2.672001361846924, 88.8121510029849, 3.008936767427839, -70.6587822494038, 0.0, 0.0, 0.0, 0.0, 0.0, 0.0
2.6721179485321045, 88.8121510029849, 3.008936767427839, -70.6587822494038, 0.0, 0.0, 0.0, 0.0, 0.0, 0.0
2.68833065032959, 88.8121510029849, 3.008936767427839, -70.6587822494038, 0.0, 0.0, 0.0, 0.0, 0.0, 0.0
2.688445568084717, 88.8121510029849, 3.008936767427839, -70.6587822494038, 0.0, 0.0, 0.0, 0.0, 0.0, 0.0
2.705033779144287, 88.8121510029849, 3.008936767427839, -70.6587822494038, 0.0, 0.0, 0.0, 0.0, 0.0, 0.0
2.7051470279693604, 88.8121510029849, 3.008936767427839, -70.6587822494038, 0.0, 0.0, 0.0, 0.0, 0.0, 0.0
2.722149133682251, 88.8121510029849, 3.008936767427839, -70.6587822494038, 0.0, 0.0, 0.0, 0.0, 0.0, 0.0
2.7222707271575928, 88.8121510029849, 3.008936767427839, -70.6587822494038, 0.0, 0.0, 0.0, 0.0, 0.0, 0.0
2.7553932666778564, 88.8121510029849, 3.008936767427839, -70.6587822494038, 0.0, 0.0, 0.0, 0.0, 0.0, 0.0
2.7555086612701416, 88.8121510029849, 3.008936767427839, -70.6587822494038, 0.0, 0.0, 0.0, 0.0, 0.0, 0.0
2.772042751312256, 88.8121510029849, 3.008936767427839, -70.6587822494038, 0.0, 0.0, 0.0, 0.0, 0.0, 0.0
2.7721598148345947, 88.8121510029849, 3.008936767427839, -70.6587822494038, 0.0, 0.0, 0.0, 0.0, 0.0, 0.0
2.788548231124878, 88.8121510029849, 3.008936767427839, -70.6587822494038, 0.0, 0.0, 0.0, 0.0, 0.0, 0.0
2.7886619567871094, 88.8121510029849, 3.008936767427839, -70.6587822494038, 0.0, 0.0, 0.0, 0.0, 0.0, 0.0
2.8054728507995605, 88.8121510029849, 3.008936767427839, -70.6587822494038, 0.0, 0.0, 0.0, 0.0, 0.0, 0.0
2.8055875301361084, 88.8121510029849, 3.008936767427839, -70.6587822494038, 0.0, 0.0, 0.0, 0.0, 0.0, 0.0
2.8220958709716797, 88.8121510029849, 3.008936767427839, -70.6587822494038, 0.0, 0.0, 0.0, 0.0, 0.0, 0.0
2.8222155570983887, 88.8121510029849, 3.008936767427839, -70.6587822494038, 0.0, 0.0, 0.0, 0.0, 0.0, 0.0
2.8559200763702393, 88.8121510029849, 3.008936767427839, -70.6587822494038, 0.0, 0.0, 0.0, 0.0, 0.0, 0.0
2.856049060821533, 88.8121510029849, 3.008936767427839, -70.6587822494038, 0.0, 0.0, 0.0, 0.0, 0.0, 0.0
2.8719875812530518, 88.8121510029849, 3.008936767427839, -70.6587822494038, 0.0, 0.0, 0.0, 0.0, 0.0, 0.0
2.872130870819092, 88.8121510029849, 3.008936767427839, -70.6587822494038, 0.0, 0.0, 0.0, 0.0, 0.0, 0.0
2.888699769973755, 88.8121510029849, 3.008936767427839, -70.6587822494038, 0.0, 0.0, 0.0, 0.0, 0.0, 0.0
2.888817071914673, 88.8121510029849, 3.008936767427839, -70.6587822494038, 0.0, 0.0, 0.0, 0.0, 0.0, 0.0
2.921976327896118, 88.8121510029849, 3.008936767427839, -70.6587822494038, 0.0, 0.0, 0.0, 0.0, 0.0, 0.0
2.9220921993255615, 88.8121510029849, 3.008936767427839, -70.6587822494038, 0.0, 0.0, 0.0, 0.0, 0.0, 0.0
2.955383777618408, 88.8121510029849, 3.008936767427839, -70.6587822494038, 0.0, 0.0, 0.0, 0.0, 0.0, 0.0
2.955500602722168, 88.8121510029849, 3.008936767427839, -70.6587822494038, 0.0, 0.0, 0.0, 0.0, 0.0, 0.0
2.98846173286438, 88.8121510029849, 3.008936767427839, -70.6587822494038, 0.0, 0.0, 0.0, 0.0, 0.0, 0.0
2.9885783195495605, 88.8121510029849, 3.008936767427839, -70.6587822494038, 0.0, 0.0, 0.0, 0.0, 0.0, 0.0
3.021754264831543, 88.8121510029849, 3.008936767427839, -70.6587822494038, 0.0, 0.0, 0.0, 0.0, 0.0, 0.0
3.021872043609619, 88.8121510029849, 3.008936767427839, -70.6587822494038, 0.0, 0.0, 0.0, 0.0, 0.0, 0.0
3.038479804992676, 88.8121510029849, 3.008936767427839, -70.6587822494038, 0.0, 0.0, 0.0, 0.0, 0.0, 0.0
3.038597345352173, 88.8121510029849, 3.008936767427839, -70.6587822494038, 0.0, 0.0, 0.0, 0.0, 0.0, 0.0
3.055358409881592, 88.8121510029849, 3.008936767427839, -70.6587822494038, 0.0, 0.0, 0.0, 0.0, 0.0, 0.0
3.0554754734039307, 88.8121510029849, 3.008936767427839, -70.6587822494038, 0.0, 0.0, 0.0, 0.0, 0.0, 0.0
3.07190203666687, 88.8121510029849, 3.008936767427839, -70.6587822494038, 0.0, 0.0, 0.0, 0.0, 0.0, 0.0
3.07201886177063, 88.8121510029849, 3.008936767427839, -70.6587822494038, 0.0, 0.0, 0.0, 0.0, 0.0, 0.0
3.0884976387023926, 88.8121510029849, 3.008936767427839, -70.6587822494038, 0.0, 0.0, 0.0, 0.0, 0.0, 0.0
3.088616132736206, 88.8121510029849, 3.008936767427839, -70.6587822494038, 0.0, 0.0, 0.0, 0.0, 0.0, 0.0
3.121859073638916, 88.8121510029849, 3.008936767427839, -70.6587822494038, 0.0, 0.0, 0.0, 0.0, 0.0, 0.0
3.121976375579834, 88.8121510029849, 3.008936767427839, -70.6587822494038, 0.0, 0.0, 0.0, 0.0, 0.0, 0.0
3.1385128498077393, 88.8121510029849, 3.008936767427839, -70.6587822494038, 0.0, 0.0, 0.0, 0.0, 0.0, 0.0
3.1386306285858154, 88.8121510029849, 3.008936767427839, -70.6587822494038, 0.0, 0.0, 0.0, 0.0, 0.0, 0.0
3.155320882797241, 88.8121510029849, 3.008936767427839, -70.6587822494038, 0.0, 0.0, 0.0, 0.0, 0.0, 0.0
3.1554369926452637, 88.8121510029849, 3.008936767427839, -70.6587822494038, 0.0, 0.0, 0.0, 0.0, 0.0, 0.0
3.171929359436035, 88.8121510029849, 3.008936767427839, -70.6587822494038, 0.0, 0.0, 0.0, 0.0, 0.0, 0.0
3.1720480918884277, 88.8121510029849, 3.008936767427839, -70.6587822494038, 0.0, 0.0, 0.0, 0.0, 0.0, 0.0
3.1885340213775635, 88.8121510029849, 3.008936767427839, -70.6587822494038, 0.0, 0.0, 0.0, 0.0, 0.0, 0.0
3.188649892807007, 88.8121510029849, 3.008936767427839, -70.6587822494038, 0.0, 0.0, 0.0, 0.0, 0.0, 0.0
3.2268474102020264, 88.8121510029849, 3.008936767427839, -70.6587822494038, 0.0, 0.0, 0.0, 0.0, 0.0, 0.0
3.2270731925964355, 88.8121510029849, 3.008936767427839, -70.6587822494038, 0.0, 0.0, 0.0, 0.0, 0.0, 0.0
3.2406415939331055, 88.8121510029849, 3.008936767427839, -70.6587822494038, 0.0, 0.0, 0.0, 0.0, 0.0, 0.0
3.24078106880188, 88.8121510029849, 3.008936767427839, -70.6587822494038, 0.0, 0.0, 0.0, 0.0, 0.0, 0.0
3.255419969558716, 88.8121510029849, 3.008936767427839, -70.6587822494038, 0.0, 0.0, 0.0, 0.0, 0.0, 0.0
3.2555363178253174, 88.8121510029849, 3.008936767427839, -70.6587822494038, 0.0, 0.0, 0.0, 0.0, 0.0, 0.0
3.2720601558685303, 88.8121510029849, 3.008936767427839, -70.6587822494038, 0.0, 0.0, 0.0, 0.0, 0.0, 0.0
3.272177219390869, 88.8121510029849, 3.008936767427839, -70.6587822494038, 0.0, 0.0, 0.0, 0.0, 0.0, 0.0
3.2886204719543457, 88.8121510029849, 3.008936767427839, -70.6587822494038, 0.0, 0.0, 0.0, 0.0, 0.0, 0.0
3.2887380123138428, 88.8121510029849, 3.008936767427839, -70.6587822494038, 0.0, 0.0, 0.0, 0.0, 0.0, 0.0
3.309041976928711, 88.8121510029849, 3.008936767427839, -70.6587822494038, 0.0, 0.0, 0.0, 0.0, 0.0, 0.0
3.3091542720794678, 88.8121510029849, 3.008936767427839, -70.6587822494038, 0.0, 0.0, 0.0, 0.0, 0.0, 0.0
3.3281874656677246, 88.8121510029849, 3.008936767427839, -70.6587822494038, 0.0, 0.0, 0.0, 0.0, 0.0, 0.0
3.3283047676086426, 88.8121510029849, 3.008936767427839, -70.6587822494038, 0.0, 0.0, 0.0, 0.0, 0.0, 0.0
3.3552920818328857, 88.8121510029849, 3.008936767427839, -70.6587822494038, 0.0, 0.0, 0.0, 0.0, 0.0, 0.0
3.355407476425171, 88.8121510029849, 3.008936767427839, -70.6587822494038, 0.0, 0.0, 0.0, 0.0, 0.0, 0.0
3.371978998184204, 88.8121510029849, 3.008936767427839, -70.6587822494038, 0.0, 0.0, 0.0, 0.0, 0.0, 0.0
3.3720943927764893, 88.8121510029849, 3.008936767427839, -70.6587822494038, 0.0, 0.0, 0.0, 0.0, 0.0, 0.0
3.3883557319641113, 88.8121510029849, 3.008936767427839, -70.6587822494038, 0.0, 0.0, 0.0, 0.0, 0.0, 0.0
3.388495683670044, 88.8121510029849, 3.008936767427839, -70.6587822494038, 0.0, 0.0, 0.0, 0.0, 0.0, 0.0
3.421861171722412, 88.8121510029849, 3.008936767427839, -70.6587822494038, 0.0, 0.0, 0.0, 0.0, 0.0, 0.0
3.4219770431518555, 88.8121510029849, 3.008936767427839, -70.6587822494038, 0.0, 0.0, 0.0, 0.0, 0.0, 0.0
3.438507318496704, 88.8121510029849, 3.008936767427839, -70.6587822494038, 0.0, 0.0, 0.0, 0.0, 0.0, 0.0
3.4386227130889893, 88.8121510029849, 3.008936767427839, -70.6587822494038, 0.0, 0.0, 0.0, 0.0, 0.0, 0.0
3.455343246459961, 88.8121510029849, 3.008936767427839, -70.6587822494038, 0.0, 0.0, 0.0, 0.0, 0.0, 0.0
3.4554624557495117, 88.8121510029849, 3.008936767427839, -70.6587822494038, 0.0, 0.0, 0.0, 0.0, 0.0, 0.0
3.4721012115478516, 88.8121510029849, 3.008936767427839, -70.6587822494038, 0.0, 0.0, 0.0, 0.0, 0.0, 0.0
3.4722347259521484, 88.8121510029849, 3.008936767427839, -70.6587822494038, 0.0, 0.0, 0.0, 0.0, 0.0, 0.0
3.4888200759887695, 88.8121510029849, 3.008936767427839, -70.6587822494038, 0.0, 0.0, 0.0, 0.0, 0.0, 0.0
3.488933563232422, 88.8121510029849, 3.008936767427839, -70.6587822494038, 0.0, 0.0, 0.0, 0.0, 0.0, 0.0
3.5220890045166016, 88.8121510029849, 3.008936767427839, -70.6587822494038, 0.0, 0.0, 0.0, 0.0, 0.0, 0.0
3.522196054458618, 88.8121510029849, 3.008936767427839, -70.6587822494038, 0.0, 0.0, 0.0, 0.0, 0.0, 0.0
3.538504123687744, 88.8121510029849, 3.008936767427839, -70.6587822494038, 0.0, 0.0, 0.0, 0.0, 0.0, 0.0
3.538621425628662, 88.8121510029849, 3.008936767427839, -70.6587822494038, 0.0, 0.0, 0.0, 0.0, 0.0, 0.0
3.5724666118621826, 88.8121510029849, 3.008936767427839, -70.6587822494038, 0.0, 0.0, 0.0, 0.0, 0.0, 0.0
3.572596311569214, 88.8121510029849, 3.008936767427839, -70.6587822494038, 0.0, 0.0, 0.0, 0.0, 0.0, 0.0
3.6219892501831055, 88.8121510029849, 3.008936767427839, -70.6587822494038, 0.0, 0.0, 0.0, 0.0, 0.0, 0.0
3.622108221054077, 88.8121510029849, 3.008936767427839, -70.6587822494038, 0.0, 0.0, 0.0, 0.0, 0.0, 0.0
3.67195200920105, 88.8121510029849, 3.008936767427839, -70.6587822494038, 0.0, 0.0, 0.0, 0.0, 0.0, 0.0
3.672067880630493, 88.8121510029849, 3.008936767427839, -70.6587822494038, 0.0, 0.0, 0.0, 0.0, 0.0, 0.0
3.6927363872528076, 88.8121510029849, 3.008936767427839, -70.6587822494038, 0.0, 0.0, 0.0, 0.0, 0.0, 0.0
3.692842483520508, 88.8121510029849, 3.008936767427839, -70.6587822494038, 0.0, 0.0, 0.0, 0.0, 0.0, 0.0
3.712818145751953, 88.8121510029849, 3.008936767427839, -70.6587822494038, 0.0, 0.0, 0.0, 0.0, 0.0, 0.0
3.712942123413086, 88.8121510029849, 3.008936767427839, -70.6587822494038, 0.0, 0.0, 0.0, 0.0, 0.0, 0.0
3.739259958267212, 88.8121510029849, 3.008936767427839, -70.6587822494038, 0.0, 0.0, 0.0, 0.0, 0.0, 0.0
3.7393949031829834, 88.8121510029849, 3.008936767427839, -70.6587822494038, 0.0, 0.0, 0.0, 0.0, 0.0, 0.0
3.756394386291504, 88.8121510029849, 3.008936767427839, -70.6587822494038, 0.0, 0.0, 0.0, 0.0, 0.0, 0.0
3.7565300464630127, 88.8121510029849, 3.008936767427839, -70.6587822494038, 0.0, 0.0, 0.0, 0.0, 0.0, 0.0
3.816922664642334, 88.8121510029849, 3.008936767427839, -70.6587822494038, 0.0, 0.0, 0.0, 0.0, 0.0, 0.0
3.8172338008880615, 88.8121510029849, 3.008936767427839, -70.6587822494038, 0.0, 0.0, 0.0, 0.0, 0.0, 0.0
3.844804286956787, 88.8121510029849, 3.008936767427839, -70.6587822494038, 0.0, 0.0, 0.0, 0.0, 0.0, 0.0
3.8450794219970703, 88.8121510029849, 3.008936767427839, -70.6587822494038, 0.0, 0.0, 0.0, 0.0, 0.0, 0.0
3.863873243331909, 88.8121510029849, 3.008936767427839, -70.6587822494038, 0.0, 0.0, 0.0, 0.0, 0.0, 0.0
3.8640222549438477, 88.8121510029849, 3.008936767427839, -70.6587822494038, 0.0, 0.0, 0.0, 0.0, 0.0, 0.0
3.8799502849578857, 88.8121510029849, 3.008936767427839, -70.6587822494038, 0.0, 0.0, 0.0, 0.0, 0.0, 0.0
3.8800981044769287, 88.8121510029849, 3.008936767427839, -70.6587822494038, 0.0, 0.0, 0.0, 0.0, 0.0, 0.0
3.8944201469421387, 88.8121510029849, 3.008936767427839, -70.6587822494038, 0.0, 0.0, 0.0, 0.0, 0.0, 0.0
3.894526720046997, 88.8121510029849, 3.008936767427839, -70.6587822494038, 0.0, 0.0, 0.0, 0.0, 0.0, 0.0
3.907683849334717, 88.8121510029849, 3.008936767427839, -70.6587822494038, 0.0, 0.0, 0.0, 0.0, 0.0, 0.0
3.9077908992767334, 88.8121510029849, 3.008936767427839, -70.6587822494038, 0.0, 0.0, 0.0, 0.0, 0.0, 0.0
3.938416004180908, 88.8121510029849, 3.008936767427839, -70.6587822494038, 0.0, 0.0, 0.0, 0.0, 0.0, 0.0
3.9385323524475098, 88.8121510029849, 3.008936767427839, -70.6587822494038, 0.0, 0.0, 0.0, 0.0, 0.0, 0.0
3.972440719604492, 88.8121510029849, 3.008936767427839, -70.6587822494038, 0.0, 0.0, 0.0, 0.0, 0.0, 0.0
3.972555637359619, 88.8121510029849, 3.008936767427839, -70.6587822494038, 0.0, 0.0, 0.0, 0.0, 0.0, 0.0
4.041591167449951, 88.8121510029849, 3.008936767427839, -70.6587822494038, 0.0, 0.0, 0.0, 0.0, 0.0, 0.0
4.041959047317505, 88.8121510029849, 3.008936767427839, -70.6587822494038, 0.0, 0.0, 0.0, 0.0, 0.0, 0.0
4.0729148387908936, 88.8121510029849, 3.008936767427839, -70.6587822494038, 0.0, 0.0, 0.0, 0.0, 0.0, 0.0
4.073052883148193, 88.8121510029849, 3.008936767427839, -70.6587822494038, 0.0, 0.0, 0.0, 0.0, 0.0, 0.0
4.105209589004517, 88.8121510029849, 3.008936767427839, -70.6587822494038, 0.0, 0.0, 0.0, 0.0, 0.0, 0.0
4.105319499969482, 88.8121510029849, 3.008936767427839, -70.6587822494038, 0.0, 0.0, 0.0, 0.0, 0.0, 0.0
4.122640609741211, 88.8121510029849, 3.008936767427839, -70.6587822494038, 0.0, 0.0, 0.0, 0.0, 0.0, 0.0
4.122750520706177, 88.8121510029849, 3.008936767427839, -70.6587822494038, 0.0, 0.0, 0.0, 0.0, 0.0, 0.0
4.1394946575164795, 88.8121510029849, 3.008936767427839, -70.6587822494038, 0.0, 0.0, 0.0, 0.0, 0.0, 0.0
4.139607191085815, 88.8121510029849, 3.008936767427839, -70.6587822494038, 0.0, 0.0, 0.0, 0.0, 0.0, 0.0
4.155983209609985, 88.8121510029849, 3.008936767427839, -70.6587822494038, 0.0, 0.0, 0.0, 0.0, 0.0, 0.0
4.156094074249268, 88.8121510029849, 3.008936767427839, -70.6587822494038, 0.0, 0.0, 0.0, 0.0, 0.0, 0.0
4.172724962234497, 88.8121510029849, 3.008936767427839, -70.6587822494038, 0.0, 0.0, 0.0, 0.0, 0.0, 0.0
4.1728363037109375, 88.8121510029849, 3.008936767427839, -70.6587822494038, 0.0, 0.0, 0.0, 0.0, 0.0, 0.0
4.205261707305908, 88.8121510029849, 3.008936767427839, -70.6587822494038, 0.0, 0.0, 0.0, 0.0, 0.0, 0.0
4.20536994934082, 88.8121510029849, 3.008936767427839, -70.6587822494038, 0.0, 0.0, 0.0, 0.0, 0.0, 0.0
4.22278904914856, 88.8121510029849, 3.008936767427839, -70.6587822494038, 0.0, 0.0, 0.0, 0.0, 0.0, 0.0
4.222900629043579, 88.8121510029849, 3.008936767427839, -70.6587822494038, 0.0, 0.0, 0.0, 0.0, 0.0, 0.0
4.238969802856445, 88.8121510029849, 3.008936767427839, -70.6587822494038, 0.0, 0.0, 0.0, 0.0, 0.0, 0.0
4.239084005355835, 88.8121510029849, 3.008936767427839, -70.6587822494038, 0.0, 0.0, 0.0, 0.0, 0.0, 0.0
4.255908966064453, 88.8121510029849, 3.008936767427839, -70.6587822494038, 0.0, 0.0, 0.0, 0.0, 0.0, 0.0
4.256024122238159, 88.8121510029849, 3.008936767427839, -70.6587822494038, 0.0, 0.0, 0.0, 0.0, 0.0, 0.0
4.2726216316223145, 88.8121510029849, 3.008936767427839, -70.6587822494038, 0.0, 0.0, 0.0, 0.0, 0.0, 0.0
4.272738218307495, 88.8121510029849, 3.008936767427839, -70.6587822494038, 0.0, 0.0, 0.0, 0.0, 0.0, 0.0
4.305347681045532, 88.8121510029849, 3.008936767427839, -70.6587822494038, 0.0, 0.0, 0.0, 0.0, 0.0, 0.0
4.305463790893555, 88.8121510029849, 3.008936767427839, -70.6587822494038, 0.0, 0.0, 0.0, 0.0, 0.0, 0.0
4.321995735168457, 88.8121510029849, 3.008936767427839, -70.6587822494038, 0.0, 0.0, 0.0, 0.0, 0.0, 0.0
4.322109937667847, 88.8121510029849, 3.008936767427839, -70.6587822494038, 0.0, 0.0, 0.0, 0.0, 0.0, 0.0
4.338333606719971, 88.8121510029849, 3.008936767427839, -70.6587822494038, 0.0, 0.0, 0.0, 0.0, 0.0, 0.0
4.3384482860565186, 88.8121510029849, 3.008936767427839, -70.6587822494038, 0.0, 0.0, 0.0, 0.0, 0.0, 0.0
4.355313062667847, 88.8121510029849, 3.008936767427839, -70.6587822494038, 0.0, 0.0, 0.0, 0.0, 0.0, 0.0
4.355429172515869, 88.8121510029849, 3.008936767427839, -70.6587822494038, 0.0, 0.0, 0.0, 0.0, 0.0, 0.0
4.3720386028289795, 88.8121510029849, 3.008936767427839, -70.6587822494038, 0.0, 0.0, 0.0, 0.0, 0.0, 0.0
4.372157096862793, 88.8121510029849, 3.008936767427839, -70.6587822494038, 0.0, 0.0, 0.0, 0.0, 0.0, 0.0
4.391762733459473, 88.8121510029849, 3.008936767427839, -70.6587822494038, 0.0, 0.0, 0.0, 0.0, 0.0, 0.0
4.391870975494385, 88.8121510029849, 3.008936767427839, -70.6587822494038, 0.0, 0.0, 0.0, 0.0, 0.0, 0.0
4.42194676399231, 88.8121510029849, 3.008936767427839, -70.6587822494038, 0.0, 0.0, 0.0, 0.0, 0.0, 0.0
4.42206335067749, 88.8121510029849, 3.008936767427839, -70.6587822494038, 0.0, 0.0, 0.0, 0.0, 0.0, 0.0
4.438755989074707, 88.8121510029849, 3.008936767427839, -70.6587822494038, 0.0, 0.0, 0.0, 0.0, 0.0, 0.0
4.438872575759888, 88.8121510029849, 3.008936767427839, -70.6587822494038, 0.0, 0.0, 0.0, 0.0, 0.0, 0.0
4.4553062915802, 88.8121510029849, 3.008936767427839, -70.6587822494038, 0.0, 0.0, 0.0, 0.0, 0.0, 0.0
4.455424070358276, 88.8121510029849, 3.008936767427839, -70.6587822494038, 0.0, 0.0, 0.0, 0.0, 0.0, 0.0
4.472030878067017, 88.8121510029849, 3.008936767427839, -70.6587822494038, 0.0, 0.0, 0.0, 0.0, 0.0, 0.0
4.472147464752197, 88.8121510029849, 3.008936767427839, -70.6587822494038, 0.0, 0.0, 0.0, 0.0, 0.0, 0.0
4.492585897445679, 88.8121510029849, 3.008936767427839, -70.6587822494038, 0.0, 0.0, 0.0, 0.0, 0.0, 0.0
4.492693662643433, 88.8121510029849, 3.008936767427839, -70.6587822494038, 0.0, 0.0, 0.0, 0.0, 0.0, 0.0
4.521869659423828, 88.8121510029849, 3.008936767427839, -70.6587822494038, 0.0, 0.0, 0.0, 0.0, 0.0, 0.0
4.521992206573486, 88.8121510029849, 3.008936767427839, -70.6587822494038, 0.0, 0.0, 0.0, 0.0, 0.0, 0.0
4.538241863250732, 88.8121510029849, 3.008936767427839, -70.6587822494038, 0.0, 0.0, 0.0, 0.0, 0.0, 0.0
4.538363695144653, 88.8121510029849, 3.008936767427839, -70.6587822494038, 0.0, 0.0, 0.0, 0.0, 0.0, 0.0
4.554960012435913, 88.8121510029849, 3.008936767427839, -70.6587822494038, 0.0, 0.0, 0.0, 0.0, 0.0, 0.0
4.555076599121094, 88.8121510029849, 3.008936767427839, -70.6587822494038, 0.0, 0.0, 0.0, 0.0, 0.0, 0.0
4.588695287704468, 88.8121510029849, 3.008936767427839, -70.6587822494038, 0.0, 0.0, 0.0, 0.0, 0.0, 0.0
4.5888144969940186, 88.8121510029849, 3.008936767427839, -70.6587822494038, 0.0, 0.0, 0.0, 0.0, 0.0, 0.0
4.605347394943237, 88.8121510029849, 3.008936767427839, -70.6587822494038, 0.0, 0.0, 0.0, 0.0, 0.0, 0.0
4.605463027954102, 88.8121510029849, 3.008936767427839, -70.6587822494038, 0.0, 0.0, 0.0, 0.0, 0.0, 0.0
4.622023820877075, 88.8121510029849, 3.008936767427839, -70.6587822494038, 0.0, 0.0, 0.0, 0.0, 0.0, 0.0
4.622142314910889, 88.8121510029849, 3.008936767427839, -70.6587822494038, 0.0, 0.0, 0.0, 0.0, 0.0, 0.0
4.669549226760864, 88.8121510029849, 3.008936767427839, -70.6587822494038, 0.0, 0.0, 0.0, 0.0, 0.0, 0.0
4.669818639755249, 88.8121510029849, 3.008936767427839, -70.6587822494038, 0.0, 0.0, 0.0, 0.0, 0.0, 0.0
4.688338041305542, 88.8121510029849, 3.008936767427839, -70.6587822494038, 0.0, 0.0, 0.0, 0.0, 0.0, 0.0
4.688473224639893, 88.8121510029849, 3.008936767427839, -70.6587822494038, 0.0, 0.0, 0.0, 0.0, 0.0, 0.0
4.701996088027954, 88.8121510029849, 3.008936767427839, -70.6587822494038, 0.0, 0.0, 0.0, 0.0, 0.0, 0.0
4.70210599899292, 88.8121510029849, 3.008936767427839, -70.6587822494038, 0.0, 0.0, 0.0, 0.0, 0.0, 0.0
4.721822261810303, 88.8121510029849, 3.008936767427839, -70.6587822494038, 0.0, 0.0, 0.0, 0.0, 0.0, 0.0
4.721940279006958, 88.8121510029849, 3.008936767427839, -70.6587822494038, 0.0, 0.0, 0.0, 0.0, 0.0, 0.0
4.738254070281982, 88.8121510029849, 3.008936767427839, -70.6587822494038, 0.0, 0.0, 0.0, 0.0, 0.0, 0.0
4.73836612701416, 88.8121510029849, 3.008936767427839, -70.6587822494038, 0.0, 0.0, 0.0, 0.0, 0.0, 0.0
4.789359092712402, 88.8121510029849, 3.008936767427839, -70.6587822494038, 0.0, 0.0, 0.0, 0.0, 0.0, 0.0
4.789475202560425, 88.8121510029849, 3.008936767427839, -70.6587822494038, 0.0, 0.0, 0.0, 0.0, 0.0, 0.0
4.821944713592529, 88.8121510029849, 3.008936767427839, -70.6587822494038, 0.0, 0.0, 0.0, 0.0, 0.0, 0.0
4.822059154510498, 88.8121510029849, 3.008936767427839, -70.6587822494038, 0.0, 0.0, 0.0, 0.0, 0.0, 0.0
4.838423252105713, 88.8121510029849, 3.008936767427839, -70.6587822494038, 0.0, 0.0, 0.0, 0.0, 0.0, 0.0
4.838537931442261, 88.8121510029849, 3.008936767427839, -70.6587822494038, 0.0, 0.0, 0.0, 0.0, 0.0, 0.0
4.8554370403289795, 88.8121510029849, 3.008936767427839, -70.6587822494038, 0.0, 0.0, 0.0, 0.0, 0.0, 0.0
4.855550765991211, 88.8121510029849, 3.008936767427839, -70.6587822494038, 0.0, 0.0, 0.0, 0.0, 0.0, 0.0
4.872138500213623, 88.8121510029849, 3.008936767427839, -70.6587822494038, 0.0, 0.0, 0.0, 0.0, 0.0, 0.0
4.872260093688965, 88.8121510029849, 3.008936767427839, -70.6587822494038, 0.0, 0.0, 0.0, 0.0, 0.0, 0.0
4.905081510543823, 88.8121510029849, 3.008936767427839, -70.6587822494038, 0.0, 0.0, 0.0, 0.0, 0.0, 0.0
4.905201196670532, 88.8121510029849, 3.008936767427839, -70.6587822494038, 0.0, 0.0, 0.0, 0.0, 0.0, 0.0
4.921873569488525, 88.8121510029849, 3.008936767427839, -70.6587822494038, 0.0, 0.0, 0.0, 0.0, 0.0, 0.0
4.921991348266602, 88.8121510029849, 3.008936767427839, -70.6587822494038, 0.0, 0.0, 0.0, 0.0, 0.0, 0.0
4.955781936645508, 88.8121510029849, 3.008936767427839, -70.6587822494038, 0.0, 0.0, 0.0, 0.0, 0.0, 0.0
4.955896615982056, 88.8121510029849, 3.008936767427839, -70.6587822494038, 0.0, 0.0, 0.0, 0.0, 0.0, 0.0
4.988598823547363, 88.8121510029849, 3.008936767427839, -70.6587822494038, 0.0, 0.0, 0.0, 0.0, 0.0, 0.0
4.988715887069702, 88.8121510029849, 3.008936767427839, -70.6587822494038, 0.0, 0.0, 0.0, 0.0, 0.0, 0.0
5.006305932998657, 88.8121510029849, 3.008936767427839, -70.6587822494038, 0.0, 0.0, 0.0, 0.0, 0.0, 0.0
5.006438493728638, 88.8121510029849, 3.008936767427839, -70.6587822494038, 0.0, 0.0, 0.0, 0.0, 0.0, 0.0
