# Timestamp, Flexion, Adduction, Rotation, Translation_ap, Translation_ml, Translation_pd, Tx, Ty, Tz, Fx, Fy, Fz
0.07231020927429199, 91.079511409979, -174.39822083865266, -125.48098953690213, -26.78814626901918, -10.515371431490491, 13.579621970379202, 0.0113368, -0.0246611, 0.0277268, 0.235388, 0.11611, 0.0166793
0.07329678535461426, 91.079511409979, -174.39822083865266, -125.48098953690213, -26.78814626901918, -10.515371431490491, 13.579621970379202, 0.0113368, -0.0246611, 0.0277268, 0.235388, 0.11611, 0.0166793
0.1389331817626953, 91.079511409979, -174.39822083865266, -125.48098953690213, -26.78814626901918, -10.515371431490491, 13.579621970379202, 0.0110323, -0.0165113, 0.0241972, 0.159437, 0.107555, 0.0100502
0.13991236686706543, 91.079511409979, -174.39822083865266, -125.48098953690213, -26.78814626901918, -10.515371431490491, 13.579621970379202, 0.0110323, -0.0165113, 0.0241972, 0.159437, 0.107555, 0.0100502
0.20637011528015137, 91.079511409979, -174.39822083865266, -125.48098953690213, -26.78814626901918, -10.515371431490491, 13.579621970379202, 0.00933678, -0.0105052, 0.0193054, 0.128035, 0.0859315, -0.00263083
0.2073347568511963, 91.079511409979, -174.39822083865266, -125.48098953690213, -26.78814626901918, -10.515371431490491, 13.579621970379202, 0.00933678, -0.0105052, 0.0193054, 0.128035, 0.0859315, -0.00263083
0.27394676208496094, 91.079511409979, -174.39822083865266, -125.48098953690213, -26.78814626901918, -10.515371431490491, 13.579621970379202, 0.012141, -0.0167584, 0.0263465, 0.194935, 0.115057, -0.00316781
0.2749195098876953, 91.079511409979, -174.39822083865266, -125.48098953690213, -26.78814626901918, -10.515371431490491, 13.579621970379202, 0.012141, -0.0167584, 0.0263465, 0.194935, 0.115057, -0.00316781
0.3419466018676758, 91.079511409979, -174.39822083865266, -125.48098953690213, -26.78814626901918, -10.515371431490491, 13.579621970379202, 0.0108218, -0.0183559, 0.023484, 0.167469, 0.102747, 0.0162132
0.34291505813598633, 91.079511409979, -174.39822083865266, -125.48098953690213, -26.78814626901918, -10.515371431490491, 13.579621970379202, 0.0108218, -0.0183559, 0.023484, 0.167469, 0.102747, 0.0162132
0.40987420082092285, 91.079511409979, -174.39822083865266, -125.48098953690213, -26.78814626901918, -10.515371431490491, 13.579621970379202, 0.0131959, -0.0126603, 0.0279289, 0.1299, 0.129343, 0.0035153
0.410846471786499, 91.079511409979, -174.39822083865266, -125.48098953690213, -26.78814626901918, -10.515371431490491, 13.579621970379202, 0.0131959, -0.0126603, 0.0279289, 0.1299, 0.129343, 0.0035153
0.4786715507507324, 91.079511409979, -174.39822083865266, -125.48098953690213, -26.78814626901918, -10.515371431490491, 13.579621970379202, 0.0124758, -0.0120772, 0.0255645, 0.150772, 0.116159, -0.0098097
0.4796466827392578, 91.079511409979, -174.39822083865266, -125.48098953690213, -26.78814626901918, -10.515371431490491, 13.579621970379202, 0.0124758, -0.0120772, 0.0255645, 0.150772, 0.116159, -0.0098097
0.5474362373352051, 91.079511409979, -174.39822083865266, -125.48098953690213, -26.78814626901918, -10.515371431490491, 13.579621970379202, 0.0139099, -0.0126617, 0.0291403, 0.15169, 0.13496, -0.00301665
0.5484154224395752, 91.079511409979, -174.39822083865266, -125.48098953690213, -26.78814626901918, -10.515371431490491, 13.579621970379202, 0.0139099, -0.0126617, 0.0291403, 0.15169, 0.13496, -0.00301665
0.6151924133300781, 91.079511409979, -174.39822083865266, -125.48098953690213, -26.78814626901918, -10.515371431490491, 13.579621970379202, 0.0150859, -0.0152858, 0.0329973, 0.192914, 0.148196, -0.00951186
0.6161420345306396, 91.079511409979, -174.39822083865266, -125.48098953690213, -26.78814626901918, -10.515371431490491, 13.579621970379202, 0.0150859, -0.0152858, 0.0329973, 0.192914, 0.148196, -0.00951186
0.682809591293335, 91.079511409979, -174.39822083865266, -125.48098953690213, -26.78814626901918, -10.515371431490491, 13.579621970379202, 0.00954653, -0.00978305, 0.0199419, 0.101851, 0.0932553, 0.00414425
0.6837153434753418, 91.079511409979, -174.39822083865266, -125.48098953690213, -26.78814626901918, -10.515371431490491, 13.579621970379202, 0.00954653, -0.00978305, 0.0199419, 0.101851, 0.0932553, 0.00414425
0.7498197555541992, 91.079511409979, -174.39822083865266, -125.48098953690213, -26.78814626901918, -10.515371431490491, 13.579621970379202, 0.0115272, -0.0197978, 0.0260041, 0.181794, 0.113194, 0.0163822
0.7508597373962402, 91.079511409979, -174.39822083865266, -125.48098953690213, -26.78814626901918, -10.515371431490491, 13.579621970379202, 0.0115272, -0.0197978, 0.0260041, 0.181794, 0.113194, 0.0163822
0.8183948993682861, 91.079511409979, -174.39822083865266, -125.48098953690213, -26.78814626901918, -10.515371431490491, 13.579621970379202, 0.0104441, -0.0113202, 0.0220263, 0.115576, 0.10084, 0.00382313
0.8193597793579102, 91.079511409979, -174.39822083865266, -125.48098953690213, -26.78814626901918, -10.515371431490491, 13.579621970379202, 0.0104441, -0.0113202, 0.0220263, 0.115576, 0.10084, 0.00382313
0.8883349895477295, 91.079511409979, -174.39822083865266, -125.48098953690213, -26.78814626901918, -10.515371431490491, 13.579621970379202, 0.0109992, -0.0103213, 0.0231777, 0.151477, 0.102075, -0.0157238
0.8893120288848877, 91.079511409979, -174.39822083865266, -125.48098953690213, -26.78814626901918, -10.515371431490491, 13.579621970379202, 0.0109992, -0.0103213, 0.0231777, 0.151477, 0.102075, -0.0157238
0.9590122699737549, 91.079511409979, -174.39822083865266, -125.48098953690213, -26.78814626901918, -10.515371431490491, 13.579621970379202, 0.0166768, -0.0114658, 0.0356124, 0.119163, 0.168577, 0.00362721
0.9599769115447998, 91.079511409979, -174.39822083865266, -125.48098953690213, -26.78814626901918, -10.515371431490491, 13.579621970379202, 0.0166768, -0.0114658, 0.0356124, 0.119163, 0.168577, 0.00362721
1.0307753086090088, 91.079511409979, -174.39822083865266, -125.48098953690213, -26.78814626901918, -10.515371431490491, 13.579621970379202, 0.0153332, -0.0109591, 0.0322795, 0.0962405, 0.153416, 0.0100122
1.0318832397460938, 91.079511409979, -174.39822083865266, -125.48098953690213, -26.78814626901918, -10.515371431490491, 13.579621970379202, 0.0153332, -0.0109591, 0.0322795, 0.0962405, 0.153416, 0.0100122
1.1077909469604492, 91.079511409979, -174.39822083865266, -125.48098953690213, -26.78814626901918, -10.515371431490491, 13.579621970379202, 0.00587274, -0.0137901, 0.0115107, 0.128933, 0.0493877, 0.0100682
1.108755350112915, 91.079511409979, -174.39822083865266, -125.48098953690213, -26.78814626901918, -10.515371431490491, 13.579621970379202, 0.00587274, -0.0137901, 0.0115107, 0.128933, 0.0493877, 0.0100682
1.178123950958252, 91.079511409979, -174.39822083865266, -125.48098953690213, -26.78814626901918, -10.515371431490491, 13.579621970379202, 0.00538623, -0.0165983, 0.0114953, 0.146715, 0.0464795, 0.0166664
1.1790637969970703, 91.079511409979, -174.39822083865266, -125.48098953690213, -26.78814626901918, -10.515371431490491, 13.579621970379202, 0.00538623, -0.0165983, 0.0114953, 0.146715, 0.0464795, 0.0166664
1.2493627071380615, 91.079511409979, -174.39822083865266, -125.48098953690213, -26.78814626901918, -10.515371431490491, 13.579621970379202, 0.0101192, -0.0115376, 0.0199515, 0.179963, 0.0846493, -0.0229216
1.2502861022949219, 91.079511409979, -174.39822083865266, -125.48098953690213, -26.78814626901918, -10.515371431490491, 13.579621970379202, 0.0101192, -0.0115376, 0.0199515, 0.179963, 0.0846493, -0.0229216
1.320946216583252, 91.079511409979, -174.39822083865266, -125.48098953690213, -26.78814626901918, -10.515371431490491, 13.579621970379202, 0.0144909, -0.00895853, 0.0303214, 0.16191, 0.138803, -0.0288617
1.3219194412231445, 91.079511409979, -174.39822083865266, -125.48098953690213, -26.78814626901918, -10.515371431490491, 13.579621970379202, 0.0144909, -0.00895853, 0.0303214, 0.16191, 0.138803, -0.0288617
1.3925251960754395, 91.079511409979, -174.39822083865266, -125.48098953690213, -26.78814626901918, -10.515371431490491, 13.579621970379202, 0.0125337, -0.0194729, 0.0294806, 0.16608, 0.13209, 0.0235663
1.3934824466705322, 91.079511409979, -174.39822083865266, -125.48098953690213, -26.78814626901918, -10.515371431490491, 13.579621970379202, 0.0125337, -0.0194729, 0.0294806, 0.16608, 0.13209, 0.0235663
1.4633746147155762, 91.079511409979, -174.39822083865266, -125.48098953690213, -26.78814626901918, -10.515371431490491, 13.579621970379202, 0.00991625, -0.0188139, 0.0220603, 0.176084, 0.0951025, 0.0165012
1.464299201965332, 91.079511409979, -174.39822083865266, -125.48098953690213, -26.78814626901918, -10.515371431490491, 13.579621970379202, 0.00991625, -0.0188139, 0.0220603, 0.176084, 0.0951025, 0.0165012
1.5355613231658936, 91.079511409979, -174.39822083865266, -125.48098953690213, -26.78814626901918, -10.515371431490491, 13.579621970379202, 0.00705542, -0.0175508, 0.0158725, 0.157302, 0.0653007, 0.0166963
1.5365405082702637, 91.079511409979, -174.39822083865266, -125.48098953690213, -26.78814626901918, -10.515371431490491, 13.579621970379202, 0.00705542, -0.0175508, 0.0158725, 0.157302, 0.0653007, 0.0166963
1.6067755222320557, 91.079511409979, -174.39822083865266, -125.48098953690213, -26.78814626901918, -10.515371431490491, 13.579621970379202, 0.0092689, -0.0147767, 0.0193791, 0.109194, 0.090173, 0.0230632
1.6077556610107422, 91.079511409979, -174.39822083865266, -125.48098953690213, -26.78814626901918, -10.515371431490491, 13.579621970379202, 0.0092689, -0.0147767, 0.0193791, 0.109194, 0.090173, 0.0230632
1.6787514686584473, 91.079511409979, -174.39822083865266, -125.48098953690213, -26.78814626901918, -10.515371431490491, 13.579621970379202, 0.00763616, -0.0155246, 0.0163286, 0.179175, 0.0667689, -0.00294486
1.6797192096710205, 91.079511409979, -174.39822083865266, -125.48098953690213, -26.78814626901918, -10.515371431490491, 13.579621970379202, 0.00763616, -0.0155246, 0.0163286, 0.179175, 0.0667689, -0.00294486
1.7512128353118896, 91.079511409979, -174.39822083865266, -125.48098953690213, -26.78814626901918, -10.515371431490491, 13.579621970379202, 0.00659451, -0.0193316, 0.0151618, 0.161056, 0.0626256, 0.0232004
1.7521934509277344, 91.079511409979, -174.39822083865266, -125.48098953690213, -26.78814626901918, -10.515371431490491, 13.579621970379202, 0.00659451, -0.0193316, 0.0151618, 0.161056, 0.0626256, 0.0232004
1.8236117362976074, 91.079511409979, -174.39822083865266, -125.48098953690213, -26.78814626901918, -10.515371431490491, 13.579621970379202, 0.00910987, -0.0082504, 0.0174612, 0.118269, 0.0783327, -0.00943065
1.8245913982391357, 91.079511409979, -174.39822083865266, -125.48098953690213, -26.78814626901918, -10.515371431490491, 13.579621970379202, 0.00910987, -0.0082504, 0.0174612, 0.118269, 0.0783327, -0.00943065
1.8965392112731934, 91.079511409979, -174.39822083865266, -125.48098953690213, -26.78814626901918, -10.515371431490491, 13.579621970379202, 0.0161991, -0.0111564, 0.0350132, 0.132757, 0.163213, -0.00267971
1.8975062370300293, 91.079511409979, -174.39822083865266, -125.48098953690213, -26.78814626901918, -10.515371431490491, 13.579621970379202, 0.0161991, -0.0111564, 0.0350132, 0.132757, 0.163213, -0.00267971
1.969616413116455, 91.079511409979, -174.39822083865266, -125.48098953690213, -26.78814626901918, -10.515371431490491, 13.579621970379202, 0.0128272, -0.0194772, 0.0287479, 0.164642, 0.130363, 0.0230043
1.970597267150879, 91.079511409979, -174.39822083865266, -125.48098953690213, -26.78814626901918, -10.515371431490491, 13.579621970379202, 0.0128272, -0.0194772, 0.0287479, 0.164642, 0.130363, 0.0230043
2.0601413249969482, 91.079511409979, -174.39822083865266, -125.48098953690213, -26.78814626901918, -10.515371431490491, 13.579621970379202, 0.00905835, -0.00941816, 0.0175328, 0.100535, 0.0802805, 0.00354329
2.0611085891723633, 91.079511409979, -174.39822083865266, -125.48098953690213, -26.78814626901918, -10.515371431490491, 13.579621970379202, 0.00905835, -0.00941816, 0.0175328, 0.100535, 0.0802805, 0.00354329
2.1336679458618164, 91.079511409979, -174.39822083865266, -125.48098953690213, -26.78814626901918, -10.515371431490491, 13.579621970379202, 0.00677335, -0.0179325, 0.0154173, 0.209712, 0.0596325, -0.00272575
2.1346309185028076, 91.079511409979, -174.39822083865266, -125.48098953690213, -26.78814626901918, -10.515371431490491, 13.579621970379202, 0.00677335, -0.0179325, 0.0154173, 0.209712, 0.0596325, -0.00272575
2.206944465637207, 91.079511409979, -174.39822083865266, -125.48098953690213, -26.78814626901918, -10.515371431490491, 13.579621970379202, 0.00838175, -0.00966252, 0.0157574, 0.161482, 0.0650876, -0.0227887
2.207914113998413, 91.079511409979, -174.39822083865266, -125.48098953690213, -26.78814626901918, -10.515371431490491, 13.579621970379202, 0.00838175, -0.00966252, 0.0157574, 0.161482, 0.0650876, -0.0227887
2.28017258644104, 91.079511409979, -174.39822083865266, -125.48098953690213, -26.78814626901918, -10.515371431490491, 13.579621970379202, 0.013063, -0.0186144, 0.0300083, 0.170219, 0.135506, 0.0168992
2.2812082767486572, 91.079511409979, -174.39822083865266, -125.48098953690213, -26.78814626901918, -10.515371431490491, 13.579621970379202, 0.013063, -0.0186144, 0.0300083, 0.170219, 0.135506, 0.0168992
2.353253126144409, 91.079511409979, -174.39822083865266, -125.48098953690213, -26.78814626901918, -10.515371431490491, 13.579621970379202, 0.0140862, -0.0149618, 0.031133, 0.161873, 0.141992, 0.00381917
2.354175567626953, 91.079511409979, -174.39822083865266, -125.48098953690213, -26.78814626901918, -10.515371431490491, 13.579621970379202, 0.0140862, -0.0149618, 0.031133, 0.161873, 0.141992, 0.00381917
2.427621364593506, 91.079511409979, -174.39822083865266, -125.48098953690213, -26.78814626901918, -10.515371431490491, 13.579621970379202, 0.00778557, -0.0118846, 0.0164874, 0.122755, 0.0734112, 0.00402635
2.4285948276519775, 91.079511409979, -174.39822083865266, -125.48098953690213, -26.78814626901918, -10.515371431490491, 13.579621970379202, 0.00778557, -0.0118846, 0.0164874, 0.122755, 0.0734112, 0.00402635
2.5009028911590576, 91.079511409979, -174.39822083865266, -125.48098953690213, -26.78814626901918, -10.515371431490491, 13.579621970379202, 0.0122553, -0.0183856, 0.027708, 0.13858, 0.126439, 0.0297402
2.5018718242645264, 91.079511409979, -174.39822083865266, -125.48098953690213, -26.78814626901918, -10.515371431490491, 13.579621970379202, 0.0122553, -0.0183856, 0.027708, 0.13858, 0.126439, 0.0297402
2.574293375015259, 91.079511409979, -174.39822083865266, -125.48098953690213, -26.78814626901918, -10.515371431490491, 13.579621970379202, 0.0151926, -0.009696, 0.0326438, 0.114572, 0.15433, -0.00247166
2.575268507003784, 91.079511409979, -174.39822083865266, -125.48098953690213, -26.78814626901918, -10.515371431490491, 13.579621970379202, 0.0151926, -0.009696, 0.0326438, 0.114572, 0.15433, -0.00247166
2.6483819484710693, 91.079511409979, -174.39822083865266, -125.48098953690213, -26.78814626901918, -10.515371431490491, 13.579621970379202, 0.0187589, -0.0141865, 0.0402448, 0.181577, 0.184566, -0.00988975
2.64935564994812, 91.079511409979, -174.39822083865266, -125.48098953690213, -26.78814626901918, -10.515371431490491, 13.579621970379202, 0.0187589, -0.0141865, 0.0402448, 0.181577, 0.184566, -0.00988975
2.7221994400024414, 91.079511409979, -174.39822083865266, -125.48098953690213, -26.78814626901918, -10.515371431490491, 13.579621970379202, 0.0130634, -0.00940214, 0.0276328, 0.125893, 0.130319, -0.00893572
2.7231693267822266, 91.079511409979, -174.39822083865266, -125.48098953690213, -26.78814626901918, -10.515371431490491, 13.579621970379202, 0.0130634, -0.00940214, 0.0276328, 0.125893, 0.130319, -0.00893572
2.7964885234832764, 91.079511409979, -174.39822083865266, -125.48098953690213, -26.78814626901918, -10.515371431490491, 13.579621970379202, 0.0138742, -0.0101712, 0.029858, 0.105258, 0.139505, 0.00397128
2.797462224960327, 91.079511409979, -174.39822083865266, -125.48098953690213, -26.78814626901918, -10.515371431490491, 13.579621970379202, 0.0138742, -0.0101712, 0.029858, 0.105258, 0.139505, 0.00397128
2.870513439178467, 91.079511409979, -174.39822083865266, -125.48098953690213, -26.78814626901918, -10.515371431490491, 13.579621970379202, 0.0154091, -0.0118955, 0.0326782, 0.10943, 0.154319, 0.0100341
2.871480703353882, 91.079511409979, -174.39822083865266, -125.48098953690213, -26.78814626901918, -10.515371431490491, 13.579621970379202, 0.0154091, -0.0118955, 0.0326782, 0.10943, 0.154319, 0.0100341
2.9446399211883545, 91.079511409979, -174.39822083865266, -125.48098953690213, -26.78814626901918, -10.515371431490491, 13.579621970379202, 0.011778, -0.0106492, 0.023626, 0.141744, 0.105874, -0.00979376
2.945608377456665, 91.079511409979, -174.39822083865266, -125.48098953690213, -26.78814626901918, -10.515371431490491, 13.579621970379202, 0.011778, -0.0106492, 0.023626, 0.141744, 0.105874, -0.00979376
3.0285534858703613, 91.079511409979, -174.39822083865266, -125.48098953690213, -26.78814626901918, -10.515371431490491, 13.579621970379202, 0.0119207, -0.00587289, 0.0232799, 0.0981808, 0.109839, -0.0159456
3.029529333114624, 91.079511409979, -174.39822083865266, -125.48098953690213, -26.78814626901918, -10.515371431490491, 13.579621970379202, 0.0119207, -0.00587289, 0.0232799, 0.0981808, 0.109839, -0.0159456
3.1030590534210205, 91.079511409979, -174.39822083865266, -125.48098953690213, -26.78814626901918, -10.515371431490491, 13.579621970379202, 0.00566977, -0.0138633, 0.0124862, 0.108363, 0.0547554, 0.0238084
3.104025363922119, 91.079511409979, -174.39822083865266, -125.48098953690213, -26.78814626901918, -10.515371431490491, 13.579621970379202, 0.00566977, -0.0138633, 0.0124862, 0.108363, 0.0547554, 0.0238084
3.177901029586792, 91.079511409979, -174.39822083865266, -125.48098953690213, -26.78814626901918, -10.515371431490491, 13.579621970379202, 0.00929491, -0.0146363, 0.0200031, 0.140956, 0.0879929, 0.0101833
3.178872585296631, 91.079511409979, -174.39822083865266, -125.48098953690213, -26.78814626901918, -10.515371431490491, 13.579621970379202, 0.00929491, -0.0146363, 0.0200031, 0.140956, 0.0879929, 0.0101833
3.2530338764190674, 91.079511409979, -174.39822083865266, -125.48098953690213, -26.78814626901918, -10.515371431490491, 13.579621970379202, 0.0115771, -0.0136717, 0.0246459, 0.146532, 0.111193, 0.00360134
3.254013776779175, 91.079511409979, -174.39822083865266, -125.48098953690213, -26.78814626901918, -10.515371431490491, 13.579621970379202, 0.0115771, -0.0136717, 0.0246459, 0.146532, 0.111193, 0.00360134
3.327202558517456, 91.079511409979, -174.39822083865266, -125.48098953690213, -26.78814626901918, -10.515371431490491, 13.579621970379202, 0.00942183, -0.00631495, 0.0178778, 0.109399, 0.0842764, -0.0156657
3.3281614780426025, 91.079511409979, -174.39822083865266, -125.48098953690213, -26.78814626901918, -10.515371431490491, 13.579621970379202, 0.00942183, -0.00631495, 0.0178778, 0.109399, 0.0842764, -0.0156657
3.4022281169891357, 91.079511409979, -174.39822083865266, -125.48098953690213, -26.78814626901918, -10.515371431490491, 13.579621970379202, 0.0137755, -0.0137657, 0.0295507, 0.161258, 0.13343, -0.00303578
3.403146505355835, 91.079511409979, -174.39822083865266, -125.48098953690213, -26.78814626901918, -10.515371431490491, 13.579621970379202, 0.0137755, -0.0137657, 0.0295507, 0.161258, 0.13343, -0.00303578
3.4752280712127686, 91.079511409979, -174.39822083865266, -125.48098953690213, -26.78814626901918, -10.515371431490491, 13.579621970379202, 0.0066276, -0.0183183, 0.0150481, 0.152324, 0.0630205, 0.0232913
3.476154088973999, 91.079511409979, -174.39822083865266, -125.48098953690213, -26.78814626901918, -10.515371431490491, 13.579621970379202, 0.0066276, -0.0183183, 0.0150481, 0.152324, 0.0630205, 0.0232913
3.5514464378356934, 91.079511409979, -174.39822083865266, -125.48098953690213, -26.78814626901918, -10.515371431490491, 13.579621970379202, 0.0112333, -0.0117035, 0.0242845, 0.12075, 0.11225, 0.00404733
3.552402973175049, 91.079511409979, -174.39822083865266, -125.48098953690213, -26.78814626901918, -10.515371431490491, 13.579621970379202, 0.0112333, -0.0117035, 0.0242845, 0.12075, 0.11225, 0.00404733
3.6267783641815186, 91.079511409979, -174.39822083865266, -125.48098953690213, -26.78814626901918, -10.515371431490491, 13.579621970379202, 0.0135223, -0.0118751, 0.0294323, 0.11347, 0.138128, 0.0105883
3.62774920463562, 91.079511409979, -174.39822083865266, -125.48098953690213, -26.78814626901918, -10.515371431490491, 13.579621970379202, 0.0135223, -0.0118751, 0.0294323, 0.11347, 0.138128, 0.0105883
3.702237129211426, 91.079511409979, -174.39822083865266, -125.48098953690213, -26.78814626901918, -10.515371431490491, 13.579621970379202, 0.00724899, -0.022496, 0.0171054, 0.187452, 0.0701306, 0.0296093
3.703205108642578, 91.079511409979, -174.39822083865266, -125.48098953690213, -26.78814626901918, -10.515371431490491, 13.579621970379202, 0.00724899, -0.022496, 0.0171054, 0.187452, 0.0701306, 0.0296093
3.7784323692321777, 91.079511409979, -174.39822083865266, -125.48098953690213, -26.78814626901918, -10.515371431490491, 13.579621970379202, 0.0141354, -0.0100664, 0.0293157, 0.130704, 0.134867, -0.00961959
3.779416084289551, 91.079511409979, -174.39822083865266, -125.48098953690213, -26.78814626901918, -10.515371431490491, 13.579621970379202, 0.0141354, -0.0100664, 0.0293157, 0.130704, 0.134867, -0.00961959
3.854001760482788, 91.079511409979, -174.39822083865266, -125.48098953690213, -26.78814626901918, -10.515371431490491, 13.579621970379202, 0.00981613, -0.0157732, 0.0211914, 0.167438, 0.0913489, 0.00348321
3.854983329772949, 91.079511409979, -174.39822083865266, -125.48098953690213, -26.78814626901918, -10.515371431490491, 13.579621970379202, 0.00981613, -0.0157732, 0.0211914, 0.167438, 0.0913489, 0.00348321
3.9309346675872803, 91.079511409979, -174.39822083865266, -125.48098953690213, -26.78814626901918, -10.515371431490491, 13.579621970379202, 0.00742554, -0.0173692, 0.0156153, 0.187207, 0.0619605, 0.00321814
3.9320287704467773, 91.079511409979, -174.39822083865266, -125.48098953690213, -26.78814626901918, -10.515371431490491, 13.579621970379202, 0.00742554, -0.0173692, 0.0156153, 0.187207, 0.0619605, 0.00321814
4.014345169067383, 91.079511409979, -174.39822083865266, -125.48098953690213, -26.78814626901918, -10.515371431490491, 13.579621970379202, 0.0138926, -0.0172199, 0.0310331, 0.148414, 0.142246, 0.0165893
4.015434741973877, 91.079511409979, -174.39822083865266, -125.48098953690213, -26.78814626901918, -10.515371431490491, 13.579621970379202, 0.0138926, -0.0172199, 0.0310331, 0.148414, 0.142246, 0.0165893
4.091641426086426, 91.079511409979, -174.39822083865266, -125.48098953690213, -26.78814626901918, -10.515371431490491, 13.579621970379202, 0.00663638, -0.0152007, 0.0144642, 0.148135, 0.0605643, 0.0103862
4.092619180679321, 91.079511409979, -174.39822083865266, -125.48098953690213, -26.78814626901918, -10.515371431490491, 13.579621970379202, 0.00663638, -0.0152007, 0.0144642, 0.148135, 0.0605643, 0.0103862
4.168939113616943, 91.079511409979, -174.39822083865266, -125.48098953690213, -26.78814626901918, -10.515371431490491, 13.579621970379202, 0.0107808, -0.0195791, 0.0253654, 0.164644, 0.112306, 0.0234812
4.169904708862305, 91.079511409979, -174.39822083865266, -125.48098953690213, -26.78814626901918, -10.515371431490491, 13.579621970379202, 0.0107808, -0.0195791, 0.0253654, 0.164644, 0.112306, 0.0234812
4.244613885879517, 91.079511409979, -174.39822083865266, -125.48098953690213, -26.78814626901918, -10.515371431490491, 13.579621970379202, 0.00820685, -0.0197477, 0.0185343, 0.214722, 0.0733111, 0.00340933
4.245533466339111, 91.079511409979, -174.39822083865266, -125.48098953690213, -26.78814626901918, -10.515371431490491, 13.579621970379202, 0.00820685, -0.0197477, 0.0185343, 0.214722, 0.0733111, 0.00340933
4.322202444076538, 91.079511409979, -174.39822083865266, -125.48098953690213, -26.78814626901918, -10.515371431490491, 13.579621970379202, 0.00516942, -0.0236112, 0.0138366, 0.196185, 0.0516789, 0.0299953
4.323120594024658, 91.079511409979, -174.39822083865266, -125.48098953690213, -26.78814626901918, -10.515371431490491, 13.579621970379202, 0.00516942, -0.0236112, 0.0138366, 0.196185, 0.0516789, 0.0299953
4.399230241775513, 91.079511409979, -174.39822083865266, -125.48098953690213, -26.78814626901918, -10.515371431490491, 13.579621970379202, 0.00785259, -0.0159387, 0.0174699, 0.140135, 0.0767701, 0.0169532
4.400192975997925, 91.079511409979, -174.39822083865266, -125.48098953690213, -26.78814626901918, -10.515371431490491, 13.579621970379202, 0.00785259, -0.0159387, 0.0174699, 0.140135, 0.0767701, 0.0169532
4.477609634399414, 91.079511409979, -174.39822083865266, -125.48098953690213, -26.78814626901918, -10.515371431490491, 13.579621970379202, 0.0141765, -0.00705788, 0.0285414, 0.0996323, 0.135322, -0.00949571
4.478582143783569, 91.079511409979, -174.39822083865266, -125.48098953690213, -26.78814626901918, -10.515371431490491, 13.579621970379202, 0.0141765, -0.00705788, 0.0285414, 0.0996323, 0.135322, -0.00949571
4.55581259727478, 91.079511409979, -174.39822083865266, -125.48098953690213, -26.78814626901918, -10.515371431490491, 13.579621970379202, 0.00885748, -0.0124406, 0.0185527, 0.105324, 0.0855997, 0.0169384
4.556769371032715, 91.079511409979, -174.39822083865266, -125.48098953690213, -26.78814626901918, -10.515371431490491, 13.579621970379202, 0.00885748, -0.0124406, 0.0185527, 0.105324, 0.0855997, 0.0169384
4.6346306800842285, 91.079511409979, -174.39822083865266, -125.48098953690213, -26.78814626901918, -10.515371431490491, 13.579621970379202, 0.00728356, -0.0166741, 0.016551, 0.157583, 0.0702813, 0.0104062
4.635602712631226, 91.079511409979, -174.39822083865266, -125.48098953690213, -26.78814626901918, -10.515371431490491, 13.579621970379202, 0.00728356, -0.0166741, 0.016551, 0.157583, 0.0702813, 0.0104062
4.713343143463135, 91.079511409979, -174.39822083865266, -125.48098953690213, -26.78814626901918, -10.515371431490491, 13.579621970379202, 0.00891941, -0.0203169, 0.020317, 0.188555, 0.0863335, 0.0165493
4.714324951171875, 91.079511409979, -174.39822083865266, -125.48098953690213, -26.78814626901918, -10.515371431490491, 13.579621970379202, 0.00891941, -0.0203169, 0.020317, 0.188555, 0.0863335, 0.0165493
4.792292356491089, 91.079511409979, -174.39822083865266, -125.48098953690213, -26.78814626901918, -10.515371431490491, 13.579621970379202, 0.0095402, -0.0167367, 0.0218893, 0.177186, 0.0932486, 0.00391835
4.793260335922241, 91.079511409979, -174.39822083865266, -125.48098953690213, -26.78814626901918, -10.515371431490491, 13.579621970379202, 0.0095402, -0.0167367, 0.0218893, 0.177186, 0.0932486, 0.00391835
4.871485948562622, 91.079511409979, -174.39822083865266, -125.48098953690213, -26.78814626901918, -10.515371431490491, 13.579621970379202, 0.0127678, -0.0226402, 0.0294802, 0.16925, 0.132251, 0.0359454
4.872451305389404, 91.079511409979, -174.39822083865266, -125.48098953690213, -26.78814626901918, -10.515371431490491, 13.579621970379202, 0.0127678, -0.0226402, 0.0294802, 0.16925, 0.132251, 0.0359454
4.950735092163086, 91.079511409979, -174.39822083865266, -125.48098953690213, -26.78814626901918, -10.515371431490491, 13.579621970379202, 0.0115942, -0.023852, 0.0269867, 0.199172, 0.116553, 0.0293093
4.951699733734131, 91.079511409979, -174.39822083865266, -125.48098953690213, -26.78814626901918, -10.515371431490491, 13.579621970379202, 0.0115942, -0.023852, 0.0269867, 0.199172, 0.116553, 0.0293093
5.032145738601685, 91.079511409979, -174.39822083865266, -125.48098953690213, -26.78814626901918, -10.515371431490491, 13.579621970379202, 0.0085136, -0.0122578, 0.017084, 0.113441, 0.0766423, 0.00999215
5.033110857009888, 91.079511409979, -174.39822083865266, -125.48098953690213, -26.78814626901918, -10.515371431490491, 13.579621970379202, 0.0085136, -0.0122578, 0.017084, 0.113441, 0.0766423, 0.00999215
5.110755205154419, 91.079511409979, -174.39822083865266, -125.48098953690213, -26.78814626901918, -10.515371431490491, 13.579621970379202, 0.0167527, -0.0124023, 0.0360111, 0.132353, 0.16948, 0.00364935
5.111723184585571, 91.079511409979, -174.39822083865266, -125.48098953690213, -26.78814626901918, -10.515371431490491, 13.579621970379202, 0.0167527, -0.0124023, 0.0360111, 0.132353, 0.16948, 0.00364935
5.189916372299194, 91.079511409979, -174.39822083865266, -125.48098953690213, -26.78814626901918, -10.515371431490491, 13.579621970379202, 0.0109808, -0.017679, 0.0242687, 0.141703, 0.109503, 0.0230241
5.190944671630859, 91.079511409979, -174.39822083865266, -125.48098953690213, -26.78814626901918, -10.515371431490491, 13.579621970379202, 0.0109808, -0.017679, 0.0242687, 0.141703, 0.109503, 0.0230241
5.268911600112915, 91.079511409979, -174.39822083865266, -125.48098953690213, -26.78814626901918, -10.515371431490491, 13.579621970379202, 0.00963189, -0.0154681, 0.0198594, 0.179593, 0.0842574, -0.00338575
5.269835472106934, 91.079511409979, -174.39822083865266, -125.48098953690213, -26.78814626901918, -10.515371431490491, 13.579621970379202, 0.00963189, -0.0154681, 0.0198594, 0.179593, 0.0842574, -0.00338575
5.347266435623169, 91.079511409979, -174.39822083865266, -125.48098953690213, -26.78814626901918, -10.515371431490491, 13.579621970379202, 0.0120791, -0.0160854, 0.0257154, 0.128395, 0.119408, 0.0229044
5.3482208251953125, 91.079511409979, -174.39822083865266, -125.48098953690213, -26.78814626901918, -10.515371431490491, 13.579621970379202, 0.0120791, -0.0160854, 0.0257154, 0.128395, 0.119408, 0.0229044
5.425668001174927, 91.079511409979, -174.39822083865266, -125.48098953690213, -26.78814626901918, -10.515371431490491, 13.579621970379202, 0.0102092, -0.0110606, 0.0208427, 0.128152, 0.0931809, -0.00300971
5.426587343215942, 91.079511409979, -174.39822083865266, -125.48098953690213, -26.78814626901918, -10.515371431490491, 13.579621970379202, 0.0102092, -0.0110606, 0.0208427, 0.128152, 0.0931809, -0.00300971
5.504616022109985, 91.079511409979, -174.39822083865266, -125.48098953690213, -26.78814626901918, -10.515371431490491, 13.579621970379202, 0.0132551, -0.0187096, 0.0295723, 0.16962, 0.132643, 0.0164092
5.505574703216553, 91.079511409979, -174.39822083865266, -125.48098953690213, -26.78814626901918, -10.515371431490491, 13.579621970379202, 0.0132551, -0.0187096, 0.0295723, 0.16962, 0.132643, 0.0164092
5.584659576416016, 91.079511409979, -174.39822083865266, -125.48098953690213, -26.78814626901918, -10.515371431490491, 13.579621970379202, 0.012761, -0.0143007, 0.0278422, 0.165416, 0.124488, -0.00286084
5.585633039474487, 91.079511409979, -174.39822083865266, -125.48098953690213, -26.78814626901918, -10.515371431490491, 13.579621970379202, 0.012761, -0.0143007, 0.0278422, 0.165416, 0.124488, -0.00286084
5.6649415493011475, 91.079511409979, -174.39822083865266, -125.48098953690213, -26.78814626901918, -10.515371431490491, 13.579621970379202, 0.0105119, -0.0142519, 0.0230856, 0.151107, 0.101683, 0.00381228
5.665912389755249, 91.079511409979, -174.39822083865266, -125.48098953690213, -26.78814626901918, -10.515371431490491, 13.579621970379202, 0.0105119, -0.0142519, 0.0230856, 0.151107, 0.101683, 0.00381228
5.746000289916992, 91.079511409979, -174.39822083865266, -125.48098953690213, -26.78814626901918, -10.515371431490491, 13.579621970379202, 0.011812, -0.0139313, 0.0258295, 0.133957, 0.118852, 0.0104342
5.746960401535034, 91.079511409979, -174.39822083865266, -125.48098953690213, -26.78814626901918, -10.515371431490491, 13.579621970379202, 0.011812, -0.0139313, 0.0258295, 0.133957, 0.118852, 0.0104342
5.82685399055481, 91.079511409979, -174.39822083865266, -125.48098953690213, -26.78814626901918, -10.515371431490491, 13.579621970379202, 0.0108385, -0.0132429, 0.0222393, 0.140938, 0.100351, 0.00334117
5.827819108963013, 91.079511409979, -174.39822083865266, -125.48098953690213, -26.78814626901918, -10.515371431490491, 13.579621970379202, 0.0108385, -0.0132429, 0.0222393, 0.140938, 0.100351, 0.00334117
5.907225847244263, 91.079511409979, -174.39822083865266, -125.48098953690213, -26.78814626901918, -10.515371431490491, 13.579621970379202, 0.00977629, -0.00844696, 0.019667, 0.172334, 0.0831912, -0.0354137
5.908143043518066, 91.079511409979, -174.39822083865266, -125.48098953690213, -26.78814626901918, -10.515371431490491, 13.579621970379202, 0.00977629, -0.00844696, 0.019667, 0.172334, 0.0831912, -0.0354137
5.9867613315582275, 91.079511409979, -174.39822083865266, -125.48098953690213, -26.78814626901918, -10.515371431490491, 13.579621970379202, 0.0171717, -0.0147524, 0.0374193, 0.14152, 0.174216, 0.00995916
5.987714052200317, 91.079511409979, -174.39822083865266, -125.48098953690213, -26.78814626901918, -10.515371431490491, 13.579621970379202, 0.0171717, -0.0147524, 0.0374193, 0.14152, 0.174216, 0.00995916
6.067497968673706, 91.079511409979, -174.39822083865266, -125.48098953690213, -26.78814626901918, -10.515371431490491, 13.579621970379202, 0.0108385, -0.0132429, 0.0222393, 0.140938, 0.100351, 0.00334117
6.068450927734375, 91.079511409979, -174.39822083865266, -125.48098953690213, -26.78814626901918, -10.515371431490491, 13.579621970379202, 0.0108385, -0.0132429, 0.0222393, 0.140938, 0.100351, 0.00334117
6.149750232696533, 91.079511409979, -174.39822083865266, -125.48098953690213, -26.78814626901918, -10.515371431490491, 13.579621970379202, 0.0155209, -0.0136456, 0.0330842, 0.157399, 0.153052, -0.00313571
6.15071964263916, 91.079511409979, -174.39822083865266, -125.48098953690213, -26.78814626901918, -10.515371431490491, 13.579621970379202, 0.0155209, -0.0136456, 0.0330842, 0.157399, 0.153052, -0.00313571
6.230738639831543, 91.079511409979, -174.39822083865266, -125.48098953690213, -26.78814626901918, -10.515371431490491, 13.579621970379202, 0.0111241, -0.0134573, 0.0232745, 0.127945, 0.108577, 0.0101383
6.231906175613403, 91.079511409979, -174.39822083865266, -125.48098953690213, -26.78814626901918, -10.515371431490491, 13.579621970379202, 0.0111241, -0.0134573, 0.0232745, 0.127945, 0.108577, 0.0101383
6.3110411167144775, 91.079511409979, -174.39822083865266, -125.48098953690213, -26.78814626901918, -10.515371431490491, 13.579621970379202, 0.0127279, -0.0153141, 0.0279558, 0.174148, 0.124093, -0.00295174
6.312012434005737, 91.079511409979, -174.39822083865266, -125.48098953690213, -26.78814626901918, -10.515371431490491, 13.579621970379202, 0.0127279, -0.0153141, 0.0279558, 0.174148, 0.124093, -0.00295174
6.392301559448242, 91.079511409979, -174.39822083865266, -125.48098953690213, -26.78814626901918, -10.515371431490491, 13.579621970379202, 0.0110487, -0.0206108, 0.0253281, 0.177235, 0.110346, 0.0230133
6.3932578563690186, 91.079511409979, -174.39822083865266, -125.48098953690213, -26.78814626901918, -10.515371431490491, 13.579621970379202, 0.0110487, -0.0206108, 0.0253281, 0.177235, 0.110346, 0.0230133
6.4715256690979, 91.079511409979, -174.39822083865266, -125.48098953690213, -26.78814626901918, -10.515371431490491, 13.579621970379202, 0.0120954, -0.020185, 0.0268464, 0.146194, 0.122199, 0.0358672
6.472501993179321, 91.079511409979, -174.39822083865266, -125.48098953690213, -26.78814626901918, -10.515371431490491, 13.579621970379202, 0.0120954, -0.020185, 0.0268464, 0.146194, 0.122199, 0.0358672
6.552892446517944, 91.079511409979, -174.39822083865266, -125.48098953690213, -26.78814626901918, -10.515371431490491, 13.579621970379202, 0.00690349, -0.0173547, 0.0143501, 0.142573, 0.0611203, 0.0228564
6.553858041763306, 91.079511409979, -174.39822083865266, -125.48098953690213, -26.78814626901918, -10.515371431490491, 13.579621970379202, 0.00690349, -0.0173547, 0.0143501, 0.142573, 0.0611203, 0.0228564
6.633680582046509, 91.079511409979, -174.39822083865266, -125.48098953690213, -26.78814626901918, -10.515371431490491, 13.579621970379202, 0.0142863, -0.0130618, 0.0300364, 0.138933, 0.139189, 0.00336215
6.634606122970581, 91.079511409979, -174.39822083865266, -125.48098953690213, -26.78814626901918, -10.515371431490491, 13.579621970379202, 0.0142863, -0.0130618, 0.0300364, 0.138933, 0.139189, 0.00336215
6.715532064437866, 91.079511409979, -174.39822083865266, -125.48098953690213, -26.78814626901918, -10.515371431490491, 13.579621970379202, 0.00977339, -0.0138233, 0.020679, 0.145514, 0.0908406, 0.0035522
6.716490983963013, 91.079511409979, -174.39822083865266, -125.48098953690213, -26.78814626901918, -10.515371431490491, 13.579621970379202, 0.00977339, -0.0138233, 0.020679, 0.145514, 0.0908406, 0.0035522
6.796536922454834, 91.079511409979, -174.39822083865266, -125.48098953690213, -26.78814626901918, -10.515371431490491, 13.579621970379202, 0.010051, -0.0160328, 0.0223749, 0.154861, 0.0990078, 0.0103163
6.79746675491333, 91.079511409979, -174.39822083865266, -125.48098953690213, -26.78814626901918, -10.515371431490491, 13.579621970379202, 0.010051, -0.0160328, 0.0223749, 0.154861, 0.0990078, 0.0103163
6.877606153488159, 91.079511409979, -174.39822083865266, -125.48098953690213, -26.78814626901918, -10.515371431490491, 13.579621970379202, 0.00927854, -0.0105367, 0.0188721, 0.123158, 0.0852015, -0.00277984
6.878563165664673, 91.079511409979, -174.39822083865266, -125.48098953690213, -26.78814626901918, -10.515371431490491, 13.579621970379202, 0.00927854, -0.0105367, 0.0188721, 0.123158, 0.0852015, -0.00277984
6.959947347640991, 91.079511409979, -174.39822083865266, -125.48098953690213, -26.78814626901918, -10.515371431490491, 13.579621970379202, 0.0154379, -0.0135819, 0.033423, 0.184701, 0.149573, -0.0161286
6.960946321487427, 91.079511409979, -174.39822083865266, -125.48098953690213, -26.78814626901918, -10.515371431490491, 13.579621970379202, 0.0154379, -0.0135819, 0.033423, 0.184701, 0.149573, -0.0161286
7.054046869277954, 91.079511409979, -174.39822083865266, -125.48098953690213, -26.78814626901918, -10.515371431490491, 13.579621970379202, 0.00938831, -0.0165407, 0.020367, 0.162458, 0.0890687, 0.0100783
7.05501127243042, 91.079511409979, -174.39822083865266, -125.48098953690213, -26.78814626901918, -10.515371431490491, 13.579621970379202, 0.00938831, -0.0165407, 0.020367, 0.162458, 0.0890687, 0.0100783
7.136173963546753, 91.079511409979, -174.39822083865266, -125.48098953690213, -26.78814626901918, -10.515371431490491, 13.579621970379202, 0.0137675, -0.015761, 0.0302115, 0.1836, 0.13337, -0.00306877
7.137129306793213, 91.079511409979, -174.39822083865266, -125.48098953690213, -26.78814626901918, -10.515371431490491, 13.579621970379202, 0.0137675, -0.015761, 0.0302115, 0.1836, 0.13337, -0.00306877
7.219094753265381, 91.079511409979, -174.39822083865266, -125.48098953690213, -26.78814626901918, -10.515371431490491, 13.579621970379202, 0.0114342, -0.00868104, 0.0232647, 0.115963, 0.106931, -0.00934777
7.22006630897522, 91.079511409979, -174.39822083865266, -125.48098953690213, -26.78814626901918, -10.515371431490491, 13.579621970379202, 0.0114342, -0.00868104, 0.0232647, 0.115963, 0.106931, -0.00934777
7.302236080169678, 91.079511409979, -174.39822083865266, -125.48098953690213, -26.78814626901918, -10.515371431490491, 13.579621970379202, 0.00985966, -0.0166005, 0.0217805, 0.20751, 0.0893409, -0.00952387
7.303212881088257, 91.079511409979, -174.39822083865266, -125.48098953690213, -26.78814626901918, -10.515371431490491, 13.579621970379202, 0.00985966, -0.0166005, 0.0217805, 0.20751, 0.0893409, -0.00952387
7.385737657546997, 91.079511409979, -174.39822083865266, -125.48098953690213, -26.78814626901918, -10.515371431490491, 13.579621970379202, 0.0120137, -0.0169896, 0.0260194, 0.164011, 0.116102, 0.00978425
7.386656999588013, 91.079511409979, -174.39822083865266, -125.48098953690213, -26.78814626901918, -10.515371431490491, 13.579621970379202, 0.0120137, -0.0169896, 0.0260194, 0.164011, 0.116102, 0.00978425
7.468384265899658, 91.079511409979, -174.39822083865266, -125.48098953690213, -26.78814626901918, -10.515371431490491, 13.579621970379202, 0.00911238, -0.0175042, 0.0210649, 0.172209, 0.0909684, 0.0105132
7.469303369522095, 91.079511409979, -174.39822083865266, -125.48098953690213, -26.78814626901918, -10.515371431490491, 13.579621970379202, 0.00911238, -0.0175042, 0.0210649, 0.172209, 0.0909684, 0.0105132
7.5511064529418945, 91.079511409979, -174.39822083865266, -125.48098953690213, -26.78814626901918, -10.515371431490491, 13.579621970379202, 0.0122905, -0.0131184, 0.0265054, 0.138515, 0.1217, 0.00380328
7.552021741867065, 91.079511409979, -174.39822083865266, -125.48098953690213, -26.78814626901918, -10.515371431490491, 13.579621970379202, 0.0122905, -0.0131184, 0.0265054, 0.138515, 0.1217, 0.00380328
7.635462522506714, 91.079511409979, -174.39822083865266, -125.48098953690213, -26.78814626901918, -10.515371431490491, 13.579621970379202, 0.0154945, -0.0157951, 0.0337028, 0.153274, 0.155335, 0.00989616
7.636426210403442, 91.079511409979, -174.39822083865266, -125.48098953690213, -26.78814626901918, -10.515371431490491, 13.579621970379202, 0.0154945, -0.0157951, 0.0337028, 0.153274, 0.155335, 0.00989616
7.7200539112091064, 91.079511409979, -174.39822083865266, -125.48098953690213, -26.78814626901918, -10.515371431490491, 13.579621970379202, 0.0137512, -0.0116614, 0.0290805, 0.165802, 0.130579, -0.0160317
7.721073389053345, 91.079511409979, -174.39822083865266, -125.48098953690213, -26.78814626901918, -10.515371431490491, 13.579621970379202, 0.0137512, -0.0116614, 0.0290805, 0.165802, 0.130579, -0.0160317
7.804148197174072, 91.079511409979, -174.39822083865266, -125.48098953690213, -26.78814626901918, -10.515371431490491, 13.579621970379202, 0.0110323, -0.0165113, 0.0241972, 0.159437, 0.107555, 0.0100502
7.805117845535278, 91.079511409979, -174.39822083865266, -125.48098953690213, -26.78814626901918, -10.515371431490491, 13.579621970379202, 0.0110323, -0.0165113, 0.0241972, 0.159437, 0.107555, 0.0100502
7.888889789581299, 91.079511409979, -174.39822083865266, -125.48098953690213, -26.78814626901918, -10.515371431490491, 13.579621970379202, 0.0129939, -0.0188144, 0.0301146, 0.144174, 0.137281, 0.0300004
7.889865398406982, 91.079511409979, -174.39822083865266, -125.48098953690213, -26.78814626901918, -10.515371431490491, 13.579621970379202, 0.0129939, -0.0188144, 0.0301146, 0.144174, 0.137281, 0.0300004
7.974035978317261, 91.079511409979, -174.39822083865266, -125.48098953690213, -26.78814626901918, -10.515371431490491, 13.579621970379202, 0.0132542, -0.0126288, 0.0283624, 0.134777, 0.130074, 0.00366434
7.97499942779541, 91.079511409979, -174.39822083865266, -125.48098953690213, -26.78814626901918, -10.515371431490491, 13.579621970379202, 0.0132542, -0.0126288, 0.0283624, 0.134777, 0.130074, 0.00366434
8.072407245635986, 91.079511409979, -174.39822083865266, -125.48098953690213, -26.78814626901918, -10.515371431490491, 13.579621970379202, 0.0110503, -0.0255692, 0.0266148, 0.230229, 0.110399, 0.0228201
8.073381423950195, 91.079511409979, -174.39822083865266, -125.48098953690213, -26.78814626901918, -10.515371431490491, 13.579621970379202, 0.0110503, -0.0255692, 0.0266148, 0.230229, 0.110399, 0.0228201
8.157581090927124, 91.079511409979, -174.39822083865266, -125.48098953690213, -26.78814626901918, -10.515371431490491, 13.579621970379202, 0.0133145, -0.0155466, 0.02884, 0.165012, 0.130755, 0.00346819
8.15855598449707, 91.079511409979, -174.39822083865266, -125.48098953690213, -26.78814626901918, -10.515371431490491, 13.579621970379202, 0.0133145, -0.0155466, 0.02884, 0.165012, 0.130755, 0.00346819
8.243044137954712, 91.079511409979, -174.39822083865266, -125.48098953690213, -26.78814626901918, -10.515371431490491, 13.579621970379202, 0.0149645, -0.0177759, 0.0330983, 0.130982, 0.154434, 0.0295013
8.244015455245972, 91.079511409979, -174.39822083865266, -125.48098953690213, -26.78814626901918, -10.515371431490491, 13.579621970379202, 0.0149645, -0.0177759, 0.0330983, 0.130982, 0.154434, 0.0295013
8.328030824661255, 91.079511409979, -174.39822083865266, -125.48098953690213, -26.78814626901918, -10.515371431490491, 13.579621970379202, 0.0160062, -0.0139688, 0.0342652, 0.149101, 0.158578, 0.00335616
8.328979015350342, 91.079511409979, -174.39822083865266, -125.48098953690213, -26.78814626901918, -10.515371431490491, 13.579621970379202, 0.0160062, -0.0139688, 0.0342652, 0.149101, 0.158578, 0.00335616
8.412131786346436, 91.079511409979, -174.39822083865266, -125.48098953690213, -26.78814626901918, -10.515371431490491, 13.579621970379202, 0.0125584, -0.01415, 0.0264681, 0.151106, 0.11974, 0.00333515
8.413100242614746, 91.079511409979, -174.39822083865266, -125.48098953690213, -26.78814626901918, -10.515371431490491, 13.579621970379202, 0.0125584, -0.01415, 0.0264681, 0.151106, 0.11974, 0.00333515
8.497329950332642, 91.079511409979, -174.39822083865266, -125.48098953690213, -26.78814626901918, -10.515371431490491, 13.579621970379202, 0.00889302, -0.0224665, 0.0209356, 0.18443, 0.0886166, 0.0295812
8.4983229637146, 91.079511409979, -174.39822083865266, -125.48098953690213, -26.78814626901918, -10.515371431490491, 13.579621970379202, 0.00889302, -0.0224665, 0.0209356, 0.18443, 0.0886166, 0.0295812
8.580469131469727, 91.079511409979, -174.39822083865266, -125.48098953690213, -26.78814626901918, -10.515371431490491, 13.579621970379202, 0.00589868, -0.0136496, 0.0121344, 0.160693, 0.0472066, -0.0028117
8.581473350524902, 91.079511409979, -174.39822083865266, -125.48098953690213, -26.78814626901918, -10.515371431490491, 13.579621970379202, 0.00589868, -0.0136496, 0.0121344, 0.160693, 0.0472066, -0.0028117
8.664191246032715, 91.079511409979, -174.39822083865266, -125.48098953690213, -26.78814626901918, -10.515371431490491, 13.579621970379202, 0.0119689, -0.0192938, 0.026596, 0.133422, 0.120728, 0.0358813
8.665224552154541, 91.079511409979, -174.39822083865266, -125.48098953690213, -26.78814626901918, -10.515371431490491, 13.579621970379202, 0.0119689, -0.0192938, 0.026596, 0.133422, 0.120728, 0.0358813
8.74969744682312, 91.079511409979, -174.39822083865266, -125.48098953690213, -26.78814626901918, -10.515371431490491, 13.579621970379202, 0.0105191, -0.0133792, 0.0223482, 0.110615, 0.104259, 0.0167834
8.750728368759155, 91.079511409979, -174.39822083865266, -125.48098953690213, -26.78814626901918, -10.515371431490491, 13.579621970379202, 0.0105191, -0.0133792, 0.0223482, 0.110615, 0.104259, 0.0167834
8.836369514465332, 91.079511409979, -174.39822083865266, -125.48098953690213, -26.78814626901918, -10.515371431490491, 13.579621970379202, 0.0127271, -0.0164364, 0.027879, 0.155995, 0.126609, 0.00998631
8.8373384475708, 91.079511409979, -174.39822083865266, -125.48098953690213, -26.78814626901918, -10.515371431490491, 13.579621970379202, 0.0127271, -0.0164364, 0.027879, 0.155995, 0.126609, 0.00998631
8.921536684036255, 91.079511409979, -174.39822083865266, -125.48098953690213, -26.78814626901918, -10.515371431490491, 13.579621970379202, 0.0126174, -0.0201994, 0.0281114, 0.190827, 0.123039, 0.0162293
8.922524690628052, 91.079511409979, -174.39822083865266, -125.48098953690213, -26.78814626901918, -10.515371431490491, 13.579621970379202, 0.0126174, -0.0201994, 0.0281114, 0.190827, 0.123039, 0.0162293
9.023361682891846, 91.079511409979, -174.39822083865266, -125.48098953690213, -26.78814626901918, -10.515371431490491, 13.579621970379202, 0.00740122, -0.0152649, 0.015145, 0.19175, 0.0591094, -0.00977769
9.02432918548584, 91.079511409979, -174.39822083865266, -125.48098953690213, -26.78814626901918, -10.515371431490491, 13.579621970379202, 0.00740122, -0.0152649, 0.015145, 0.19175, 0.0591094, -0.00977769
9.108028411865234, 91.079511409979, -174.39822083865266, -125.48098953690213, -26.78814626901918, -10.515371431490491, 13.579621970379202, 0.0144725, -0.00911296, 0.0302794, 0.135445, 0.141146, -0.0157967
9.10898733139038, 91.079511409979, -174.39822083865266, -125.48098953690213, -26.78814626901918, -10.515371431490491, 13.579621970379202, 0.0144725, -0.00911296, 0.0302794, 0.135445, 0.141146, -0.0157967
9.19271969795227, 91.079511409979, -174.39822083865266, -125.48098953690213, -26.78814626901918, -10.515371431490491, 13.579621970379202, 0.0132718, -0.0135968, 0.0283277, 0.143091, 0.130247, 0.00353721
9.193709135055542, 91.079511409979, -174.39822083865266, -125.48098953690213, -26.78814626901918, -10.515371431490491, 13.579621970379202, 0.0132718, -0.0135968, 0.0283277, 0.143091, 0.130247, 0.00353721
9.27892017364502, 91.079511409979, -174.39822083865266, -125.48098953690213, -26.78814626901918, -10.515371431490491, 13.579621970379202, 0.0139756, -0.0100803, 0.0295612, 0.104421, 0.14064, 0.00389928
9.279902219772339, 91.079511409979, -174.39822083865266, -125.48098953690213, -26.78814626901918, -10.515371431490491, 13.579621970379202, 0.0139756, -0.0100803, 0.0295612, 0.104421, 0.14064, 0.00389928
9.365992307662964, 91.079511409979, -174.39822083865266, -125.48098953690213, -26.78814626901918, -10.515371431490491, 13.579621970379202, 0.0132387, -0.0146102, 0.0284413, 0.151823, 0.129852, 0.00344631
9.366966962814331, 91.079511409979, -174.39822083865266, -125.48098953690213, -26.78814626901918, -10.515371431490491, 13.579621970379202, 0.0132387, -0.0146102, 0.0284413, 0.151823, 0.129852, 0.00344631
9.451912641525269, 91.079511409979, -174.39822083865266, -125.48098953690213, -26.78814626901918, -10.515371431490491, 13.579621970379202, 0.0107715, -0.00918892, 0.0212567, 0.12356, 0.0969918, -0.00958568
9.452873706817627, 91.079511409979, -174.39822083865266, -125.48098953690213, -26.78814626901918, -10.515371431490491, 13.579621970379202, 0.0107715, -0.00918892, 0.0212567, 0.12356, 0.0969918, -0.00958568
9.53919267654419, 91.079511409979, -174.39822083865266, -125.48098953690213, -26.78814626901918, -10.515371431490491, 13.579621970379202, 0.0115343, -0.0117218, 0.0241335, 0.124609, 0.110685, 0.00367033
9.540157794952393, 91.079511409979, -174.39822083865266, -125.48098953690213, -26.78814626901918, -10.515371431490491, 13.579621970379202, 0.0115343, -0.0117218, 0.0241335, 0.124609, 0.110685, 0.00367033
9.625699520111084, 91.079511409979, -174.39822083865266, -125.48098953690213, -26.78814626901918, -10.515371431490491, 13.579621970379202, 0.011879, -0.0179854, 0.026812, 0.151336, 0.122211, 0.0233614
9.626664400100708, 91.079511409979, -174.39822083865266, -125.48098953690213, -26.78814626901918, -10.515371431490491, 13.579621970379202, 0.011879, -0.0179854, 0.026812, 0.151336, 0.122211, 0.0233614
9.711965799331665, 91.079511409979, -174.39822083865266, -125.48098953690213, -26.78814626901918, -10.515371431490491, 13.579621970379202, 0.0155444, -0.00966903, 0.0323446, 0.118013, 0.153334, -0.00288466
9.712878465652466, 91.079511409979, -174.39822083865266, -125.48098953690213, -26.78814626901918, -10.515371431490491, 13.579621970379202, 0.0155444, -0.00966903, 0.0323446, 0.118013, 0.153334, -0.00288466
9.797972202301025, 91.079511409979, -174.39822083865266, -125.48098953690213, -26.78814626901918, -10.515371431490491, 13.579621970379202, 0.0080887, -0.00764887, 0.0152476, 0.135281, 0.0667126, -0.0223787
9.79893946647644, 91.079511409979, -174.39822083865266, -125.48098953690213, -26.78814626901918, -10.515371431490491, 13.579621970379202, 0.0080887, -0.00764887, 0.0152476, 0.135281, 0.0667126, -0.0223787
9.884222507476807, 91.079511409979, -174.39822083865266, -125.48098953690213, -26.78814626901918, -10.515371431490491, 13.579621970379202, 0.00593099, -0.0137587, 0.0119441, 0.13381, 0.0501177, 0.0102172
9.88515019416809, 91.079511409979, -174.39822083865266, -125.48098953690213, -26.78814626901918, -10.515371431490491, 13.579621970379202, 0.00593099, -0.0137587, 0.0119441, 0.13381, 0.0501177, 0.0102172
9.970328092575073, 91.079511409979, -174.39822083865266, -125.48098953690213, -26.78814626901918, -10.515371431490491, 13.579621970379202, 0.0142619, -0.0109576, 0.029566, 0.143476, 0.136338, -0.00963369
9.971367120742798, 91.079511409979, -174.39822083865266, -125.48098953690213, -26.78814626901918, -10.515371431490491, 13.579621970379202, 0.0142619, -0.0109576, 0.029566, 0.143476, 0.136338, -0.00963369
