# Timestamp, Flexion, Adduction, Rotation, Translation_ap, Translation_ml, Translation_pd, Tx, Ty, Tz, Fx, Fy, Fz
0.01071786880493164, 43.644418479660736, 0.9217679814219136, 15.692743173215094, -8.277269559640084, -9.955961918769598, 11.044003781493284, 0.0, 0.0, 0.0, 0.0, 0.0, 0.0
0.017214536666870117, 43.644418479660736, 0.9217679814219136, 15.692743173215094, -8.277269559640084, -9.955961918769598, 11.044003781493284, 0.0, 0.0, 0.0, 0.0, 0.0, 0.0
0.029146432876586914, 43.644418479660736, 0.9217679814219136, 15.692743173215094, -8.277269559640084, -9.955961918769598, 11.044003781493284, 0.0, 0.0, 0.0, 0.0, 0.0, 0.0
0.03540968894958496, 43.644418479660736, 0.9217679814219136, 15.692743173215094, -8.277269559640084, -9.955961918769598, 11.044003781493284, 0.0, 0.0, 0.0, 0.0, 0.0, 0.0
0.04955935478210449, 43.644418479660736, 0.9217679814219136, 15.692743173215094, -8.277269559640084, -9.955961918769598, 11.044003781493284, 0.0, 0.0, 0.0, 0.0, 0.0, 0.0
0.05572509765625, 43.644418479660736, 0.9217679814219136, 15.692743173215094, -8.277269559640084, -9.955961918769598, 11.044003781493284, 0.0, 0.0, 0.0, 0.0, 0.0, 0.0
0.0697164535522461, 43.644418479660736, 0.9217679814219136, 15.692743173215094, -8.277269559640084, -9.955961918769598, 11.044003781493284, 0.0, 0.0, 0.0, 0.0, 0.0, 0.0
0.07584619522094727, 43.644418479660736, 0.9217679814219136, 15.692743173215094, -8.277269559640084, -9.955961918769598, 11.044003781493284, 0.0, 0.0, 0.0, 0.0, 0.0, 0.0
0.08989644050598145, 43.644418479660736, 0.9217679814219136, 15.692743173215094, -8.277269559640084, -9.955961918769598, 11.044003781493284, 0.0, 0.0, 0.0, 0.0, 0.0, 0.0
0.09598278999328613, 43.644418479660736, 0.9217679814219136, 15.692743173215094, -8.277269559640084, -9.955961918769598, 11.044003781493284, 0.0, 0.0, 0.0, 0.0, 0.0, 0.0
0.10981416702270508, 43.644418479660736, 0.9217679814219136, 15.692743173215094, -8.277269559640084, -9.955961918769598, 11.044003781493284, 0.0, 0.0, 0.0, 0.0, 0.0, 0.0
0.11603903770446777, 43.644418479660736, 0.9217679814219136, 15.692743173215094, -8.277269559640084, -9.955961918769598, 11.044003781493284, 0.0, 0.0, 0.0, 0.0, 0.0, 0.0
0.13890337944030762, 43.644418479660736, 0.9217679814219136, 15.692743173215094, -8.277269559640084, -9.955961918769598, 11.044003781493284, 0.0, 0.0, 0.0, 0.0, 0.0, 0.0
0.14793848991394043, 43.644418479660736, 0.9217679814219136, 15.692743173215094, -8.277269559640084, -9.955961918769598, 11.044003781493284, 0.0, 0.0, 0.0, 0.0, 0.0, 0.0
0.15977048873901367, 43.644418479660736, 0.9217679814219136, 15.692743173215094, -8.277269559640084, -9.955961918769598, 11.044003781493284, 0.0, 0.0, 0.0, 0.0, 0.0, 0.0
0.16603970527648926, 43.644418479660736, 0.9217679814219136, 15.692743173215094, -8.277269559640084, -9.955961918769598, 11.044003781493284, 0.0, 0.0, 0.0, 0.0, 0.0, 0.0
0.17671728134155273, 43.644418479660736, 0.9217679814219136, 15.692743173215094, -8.277269559640084, -9.955961918769598, 11.044003781493284, 0.0, 0.0, 0.0, 0.0, 0.0, 0.0
0.1829066276550293, 43.644418479660736, 0.9217679814219136, 15.692743173215094, -8.277269559640084, -9.955961918769598, 11.044003781493284, 0.0, 0.0, 0.0, 0.0, 0.0, 0.0
0.19374561309814453, 43.644418479660736, 0.9217679814219136, 15.692743173215094, -8.277269559640084, -9.955961918769598, 11.044003781493284, 0.0, 0.0, 0.0, 0.0, 0.0, 0.0
0.19988727569580078, 43.644418479660736, 0.9217679814219136, 15.692743173215094, -8.277269559640084, -9.955961918769598, 11.044003781493284, 0.0, 0.0, 0.0, 0.0, 0.0, 0.0
0.21064376831054688, 43.644418479660736, 0.9217679814219136, 15.692743173215094, -8.277269559640084, -9.955961918769598, 11.044003781493284, 0.0, 0.0, 0.0, 0.0, 0.0, 0.0
0.21682476997375488, 43.644418479660736, 0.9217679814219136, 15.692743173215094, -8.277269559640084, -9.955961918769598, 11.044003781493284, 0.0, 0.0, 0.0, 0.0, 0.0, 0.0
0.22966790199279785, 43.644418479660736, 0.9217679814219136, 15.692743173215094, -8.277269559640084, -9.955961918769598, 11.044003781493284, 0.0, 0.0, 0.0, 0.0, 0.0, 0.0
0.23579025268554688, 43.644418479660736, 0.9217679814219136, 15.692743173215094, -8.277269559640084, -9.955961918769598, 11.044003781493284, 0.0, 0.0, 0.0, 0.0, 0.0, 0.0
0.2588484287261963, 43.644418479660736, 0.9217679814219136, 15.692743173215094, -8.277269559640084, -9.955961918769598, 11.044003781493284, 0.0, 0.0, 0.0, 0.0, 0.0, 0.0
0.2678868770599365, 43.644418479660736, 0.9217679814219136, 15.692743173215094, -8.277269559640084, -9.955961918769598, 11.044003781493284, 0.0, 0.0, 0.0, 0.0, 0.0, 0.0
0.27980732917785645, 43.644418479660736, 0.9217679814219136, 15.692743173215094, -8.277269559640084, -9.955961918769598, 11.044003781493284, 0.0, 0.0, 0.0, 0.0, 0.0, 0.0
0.28596949577331543, 43.644418479660736, 0.9217679814219136, 15.692743173215094, -8.277269559640084, -9.955961918769598, 11.044003781493284, 0.0, 0.0, 0.0, 0.0, 0.0, 0.0
0.2967536449432373, 43.644418479660736, 0.9217679814219136, 15.692743173215094, -8.277269559640084, -9.955961918769598, 11.044003781493284, 0.0, 0.0, 0.0, 0.0, 0.0, 0.0
0.3030252456665039, 43.644418479660736, 0.9217679814219136, 15.692743173215094, -8.277269559640084, -9.955961918769598, 11.044003781493284, 0.0, 0.0, 0.0, 0.0, 0.0, 0.0
0.3137054443359375, 43.644418479660736, 0.9217679814219136, 15.692743173215094, -8.277269559640084, -9.955961918769598, 11.044003781493284, 0.0, 0.0, 0.0, 0.0, 0.0, 0.0
0.3198378086090088, 43.644418479660736, 0.9217679814219136, 15.692743173215094, -8.277269559640084, -9.955961918769598, 11.044003781493284, 0.0, 0.0, 0.0, 0.0, 0.0, 0.0
0.3306424617767334, 43.644418479660736, 0.9217679814219136, 15.692743173215094, -8.277269559640084, -9.955961918769598, 11.044003781493284, 0.0, 0.0, 0.0, 0.0, 0.0, 0.0
0.33693480491638184, 43.644418479660736, 0.9217679814219136, 15.692743173215094, -8.277269559640084, -9.955961918769598, 11.044003781493284, 0.0, 0.0, 0.0, 0.0, 0.0, 0.0
0.3496270179748535, 43.644418479660736, 0.9217679814219136, 15.692743173215094, -8.277269559640084, -9.955961918769598, 11.044003781493284, 0.0, 0.0, 0.0, 0.0, 0.0, 0.0
0.3557465076446533, 43.644418479660736, 0.9217679814219136, 15.692743173215094, -8.277269559640084, -9.955961918769598, 11.044003781493284, 0.0, 0.0, 0.0, 0.0, 0.0, 0.0
0.36995959281921387, 43.644418479660736, 0.9217679814219136, 15.692743173215094, -8.277269559640084, -9.955961918769598, 11.044003781493284, 0.0, 0.0, 0.0, 0.0, 0.0, 0.0
0.376065731048584, 43.644418479660736, 0.9217679814219136, 15.692743173215094, -8.277269559640084, -9.955961918769598, 11.044003781493284, 0.0, 0.0, 0.0, 0.0, 0.0, 0.0
0.3898184299468994, 43.644418479660736, 0.9217679814219136, 15.692743173215094, -8.277269559640084, -9.955961918769598, 11.044003781493284, 0.0, 0.0, 0.0, 0.0, 0.0, 0.0
0.3959159851074219, 43.644418479660736, 0.9217679814219136, 15.692743173215094, -8.277269559640084, -9.955961918769598, 11.044003781493284, 0.0, 0.0, 0.0, 0.0, 0.0, 0.0
0.41912198066711426, 43.644418479660736, 0.9217679814219136, 15.692743173215094, -8.277269559640084, -9.955961918769598, 11.044003781493284, 0.0, 0.0, 0.0, 0.0, 0.0, 0.0
0.4285871982574463, 43.644418479660736, 0.9217679814219136, 15.692743173215094, -8.277269559640084, -9.955961918769598, 11.044003781493284, 0.0, 0.0, 0.0, 0.0, 0.0, 0.0
0.44057798385620117, 43.644418479660736, 0.9217679814219136, 15.692743173215094, -8.277269559640084, -9.955961918769598, 11.044003781493284, 0.0, 0.0, 0.0, 0.0, 0.0, 0.0
0.447223424911499, 43.644418479660736, 0.9217679814219136, 15.692743173215094, -8.277269559640084, -9.955961918769598, 11.044003781493284, 0.0, 0.0, 0.0, 0.0, 0.0, 0.0
0.4581427574157715, 43.644418479660736, 0.9217679814219136, 15.692743173215094, -8.277269559640084, -9.955961918769598, 11.044003781493284, 0.0, 0.0, 0.0, 0.0, 0.0, 0.0
0.46429896354675293, 43.644418479660736, 0.9217679814219136, 15.692743173215094, -8.277269559640084, -9.955961918769598, 11.044003781493284, 0.0, 0.0, 0.0, 0.0, 0.0, 0.0
0.4750971794128418, 43.644418479660736, 0.9217679814219136, 15.692743173215094, -8.277269559640084, -9.955961918769598, 11.044003781493284, 0.0, 0.0, 0.0, 0.0, 0.0, 0.0
0.48136258125305176, 43.644418479660736, 0.9217679814219136, 15.692743173215094, -8.277269559640084, -9.955961918769598, 11.044003781493284, 0.0, 0.0, 0.0, 0.0, 0.0, 0.0
0.4922518730163574, 43.644418479660736, 0.9217679814219136, 15.692743173215094, -8.277269559640084, -9.955961918769598, 11.044003781493284, 0.0, 0.0, 0.0, 0.0, 0.0, 0.0
0.49838829040527344, 43.644418479660736, 0.9217679814219136, 15.692743173215094, -8.277269559640084, -9.955961918769598, 11.044003781493284, 0.0, 0.0, 0.0, 0.0, 0.0, 0.0
0.5091938972473145, 43.644418479660736, 0.9217679814219136, 15.692743173215094, -8.277269559640084, -9.955961918769598, 11.044003781493284, 0.0, 0.0, 0.0, 0.0, 0.0, 0.0
0.5154449939727783, 43.644418479660736, 0.9217679814219136, 15.692743173215094, -8.277269559640084, -9.955961918769598, 11.044003781493284, 0.0, 0.0, 0.0, 0.0, 0.0, 0.0
0.5293111801147461, 43.644418479660736, 0.9217679814219136, 15.692743173215094, -8.277269559640084, -9.955961918769598, 11.044003781493284, 0.0, 0.0, 0.0, 0.0, 0.0, 0.0
0.5354278087615967, 43.644418479660736, 0.9217679814219136, 15.692743173215094, -8.277269559640084, -9.955961918769598, 11.044003781493284, 0.0, 0.0, 0.0, 0.0, 0.0, 0.0
0.5494496822357178, 43.644418479660736, 0.9217679814219136, 15.692743173215094, -8.277269559640084, -9.955961918769598, 11.044003781493284, 0.0, 0.0, 0.0, 0.0, 0.0, 0.0
0.5555431842803955, 43.644418479660736, 0.9217679814219136, 15.692743173215094, -8.277269559640084, -9.955961918769598, 11.044003781493284, 0.0, 0.0, 0.0, 0.0, 0.0, 0.0
0.5787675380706787, 43.644418479660736, 0.9217679814219136, 15.692743173215094, -8.277269559640084, -9.955961918769598, 11.044003781493284, 0.0, 0.0, 0.0, 0.0, 0.0, 0.0
0.5878515243530273, 43.644418479660736, 0.9217679814219136, 15.692743173215094, -8.277269559640084, -9.955961918769598, 11.044003781493284, 0.0, 0.0, 0.0, 0.0, 0.0, 0.0
0.5998191833496094, 43.644418479660736, 0.9217679814219136, 15.692743173215094, -8.277269559640084, -9.955961918769598, 11.044003781493284, 0.0, 0.0, 0.0, 0.0, 0.0, 0.0
0.605961799621582, 43.644418479660736, 0.9217679814219136, 15.692743173215094, -8.277269559640084, -9.955961918769598, 11.044003781493284, 0.0, 0.0, 0.0, 0.0, 0.0, 0.0
0.616741418838501, 43.644418479660736, 0.9217679814219136, 15.692743173215094, -8.277269559640084, -9.955961918769598, 11.044003781493284, 0.0, 0.0, 0.0, 0.0, 0.0, 0.0
0.6229181289672852, 43.644418479660736, 0.9217679814219136, 15.692743173215094, -8.277269559640084, -9.955961918769598, 11.044003781493284, 0.0, 0.0, 0.0, 0.0, 0.0, 0.0
0.6338551044464111, 43.644418479660736, 0.9217679814219136, 15.692743173215094, -8.277269559640084, -9.955961918769598, 11.044003781493284, 0.0, 0.0, 0.0, 0.0, 0.0, 0.0
0.6399552822113037, 43.644418479660736, 0.9217679814219136, 15.692743173215094, -8.277269559640084, -9.955961918769598, 11.044003781493284, 0.0, 0.0, 0.0, 0.0, 0.0, 0.0
0.6507523059844971, 43.644418479660736, 0.9217679814219136, 15.692743173215094, -8.277269559640084, -9.955961918769598, 11.044003781493284, 0.0, 0.0, 0.0, 0.0, 0.0, 0.0
0.6569535732269287, 43.644418479660736, 0.9217679814219136, 15.692743173215094, -8.277269559640084, -9.955961918769598, 11.044003781493284, 0.0, 0.0, 0.0, 0.0, 0.0, 0.0
0.6697328090667725, 43.644418479660736, 0.9217679814219136, 15.692743173215094, -8.277269559640084, -9.955961918769598, 11.044003781493284, 0.0, 0.0, 0.0, 0.0, 0.0, 0.0
0.6758570671081543, 43.644418479660736, 0.9217679814219136, 15.692743173215094, -8.277269559640084, -9.955961918769598, 11.044003781493284, 0.0, 0.0, 0.0, 0.0, 0.0, 0.0
0.689805269241333, 43.644418479660736, 0.9217679814219136, 15.692743173215094, -8.277269559640084, -9.955961918769598, 11.044003781493284, 0.0, 0.0, 0.0, 0.0, 0.0, 0.0
0.6960387229919434, 43.644418479660736, 0.9217679814219136, 15.692743173215094, -8.277269559640084, -9.955961918769598, 11.044003781493284, 0.0, 0.0, 0.0, 0.0, 0.0, 0.0
0.7099752426147461, 43.644418479660736, 0.9217679814219136, 15.692743173215094, -8.277269559640084, -9.955961918769598, 11.044003781493284, 0.0, 0.0, 0.0, 0.0, 0.0, 0.0
0.7160935401916504, 43.644418479660736, 0.9217679814219136, 15.692743173215094, -8.277269559640084, -9.955961918769598, 11.044003781493284, 0.0, 0.0, 0.0, 0.0, 0.0, 0.0
0.72998046875, 43.644418479660736, 0.9217679814219136, 15.692743173215094, -8.277269559640084, -9.955961918769598, 11.044003781493284, 0.0, 0.0, 0.0, 0.0, 0.0, 0.0
0.736088752746582, 43.644418479660736, 0.9217679814219136, 15.692743173215094, -8.277269559640084, -9.955961918769598, 11.044003781493284, 0.0, 0.0, 0.0, 0.0, 0.0, 0.0
0.7500402927398682, 43.644418479660736, 0.9217679814219136, 15.692743173215094, -8.277269559640084, -9.955961918769598, 11.044003781493284, 0.0, 0.0, 0.0, 0.0, 0.0, 0.0
0.7560257911682129, 43.644418479660736, 0.9217679814219136, 15.692743173215094, -8.277269559640084, -9.955961918769598, 11.044003781493284, 0.0, 0.0, 0.0, 0.0, 0.0, 0.0
0.7700786590576172, 43.644418479660736, 0.9217679814219136, 15.692743173215094, -8.277269559640084, -9.955961918769598, 11.044003781493284, 0.0, 0.0, 0.0, 0.0, 0.0, 0.0
0.7761521339416504, 43.644418479660736, 0.9217679814219136, 15.692743173215094, -8.277269559640084, -9.955961918769598, 11.044003781493284, 0.0, 0.0, 0.0, 0.0, 0.0, 0.0
0.7900466918945312, 43.644418479660736, 0.9217679814219136, 15.692743173215094, -8.277269559640084, -9.955961918769598, 11.044003781493284, 0.0, 0.0, 0.0, 0.0, 0.0, 0.0
0.7964506149291992, 43.644418479660736, 0.9217679814219136, 15.692743173215094, -8.277269559640084, -9.955961918769598, 11.044003781493284, 0.0, 0.0, 0.0, 0.0, 0.0, 0.0
0.809194803237915, 43.644418479660736, 0.9217679814219136, 15.692743173215094, -8.277269559640084, -9.955961918769598, 11.044003781493284, 0.0, 0.0, 0.0, 0.0, 0.0, 0.0
0.8151707649230957, 43.644418479660736, 0.9217679814219136, 15.692743173215094, -8.277269559640084, -9.955961918769598, 11.044003781493284, 0.0, 0.0, 0.0, 0.0, 0.0, 0.0
0.8294405937194824, 43.644418479660736, 0.9217679814219136, 15.692743173215094, -8.277269559640084, -9.955961918769598, 11.044003781493284, 0.0, 0.0, 0.0, 0.0, 0.0, 0.0
0.8354203701019287, 43.644418479660736, 0.9217679814219136, 15.692743173215094, -8.277269559640084, -9.955961918769598, 11.044003781493284, 0.0, 0.0, 0.0, 0.0, 0.0, 0.0
0.8490886688232422, 43.644418479660736, 0.9217679814219136, 15.692743173215094, -8.277269559640084, -9.955961918769598, 11.044003781493284, 0.0, 0.0, 0.0, 0.0, 0.0, 0.0
0.8550729751586914, 43.644418479660736, 0.9217679814219136, 15.692743173215094, -8.277269559640084, -9.955961918769598, 11.044003781493284, 0.0, 0.0, 0.0, 0.0, 0.0, 0.0
0.8700029850006104, 43.644418479660736, 0.9217679814219136, 15.692743173215094, -8.277269559640084, -9.955961918769598, 11.044003781493284, 0.0, 0.0, 0.0, 0.0, 0.0, 0.0
0.8760654926300049, 43.644418479660736, 0.9217679814219136, 15.692743173215094, -8.277269559640084, -9.955961918769598, 11.044003781493284, 0.0, 0.0, 0.0, 0.0, 0.0, 0.0
0.8898561000823975, 43.644418479660736, 0.9217679814219136, 15.692743173215094, -8.277269559640084, -9.955961918769598, 11.044003781493284, 0.0, 0.0, 0.0, 0.0, 0.0, 0.0
0.8959169387817383, 43.644418479660736, 0.9217679814219136, 15.692743173215094, -8.277269559640084, -9.955961918769598, 11.044003781493284, 0.0, 0.0, 0.0, 0.0, 0.0, 0.0
0.9099433422088623, 43.644418479660736, 0.9217679814219136, 15.692743173215094, -8.277269559640084, -9.955961918769598, 11.044003781493284, 0.0, 0.0, 0.0, 0.0, 0.0, 0.0
0.915989875793457, 43.644418479660736, 0.9217679814219136, 15.692743173215094, -8.277269559640084, -9.955961918769598, 11.044003781493284, 0.0, 0.0, 0.0, 0.0, 0.0, 0.0
0.9297356605529785, 43.644418479660736, 0.9217679814219136, 15.692743173215094, -8.277269559640084, -9.955961918769598, 11.044003781493284, 0.0, 0.0, 0.0, 0.0, 0.0, 0.0
0.9357750415802002, 43.644418479660736, 0.9217679814219136, 15.692743173215094, -8.277269559640084, -9.955961918769598, 11.044003781493284, 0.0, 0.0, 0.0, 0.0, 0.0, 0.0
0.9496722221374512, 43.644418479660736, 0.9217679814219136, 15.692743173215094, -8.277269559640084, -9.955961918769598, 11.044003781493284, 0.0, 0.0, 0.0, 0.0, 0.0, 0.0
0.9557867050170898, 43.644418479660736, 0.9217679814219136, 15.692743173215094, -8.277269559640084, -9.955961918769598, 11.044003781493284, 0.0, 0.0, 0.0, 0.0, 0.0, 0.0
0.9697823524475098, 43.644418479660736, 0.9217679814219136, 15.692743173215094, -8.277269559640084, -9.955961918769598, 11.044003781493284, 0.0, 0.0, 0.0, 0.0, 0.0, 0.0
0.976036548614502, 43.644418479660736, 0.9217679814219136, 15.692743173215094, -8.277269559640084, -9.955961918769598, 11.044003781493284, 0.0, 0.0, 0.0, 0.0, 0.0, 0.0
0.9899182319641113, 43.644418479660736, 0.9217679814219136, 15.692743173215094, -8.277269559640084, -9.955961918769598, 11.044003781493284, 0.0, 0.0, 0.0, 0.0, 0.0, 0.0
0.996018648147583, 43.644418479660736, 0.9217679814219136, 15.692743173215094, -8.277269559640084, -9.955961918769598, 11.044003781493284, 0.0, 0.0, 0.0, 0.0, 0.0, 0.0
1.0099384784698486, 43.644418479660736, 0.9217679814219136, 15.692743173215094, -8.277269559640084, -9.955961918769598, 11.044003781493284, 0.0, 0.0, 0.0, 0.0, 0.0, 0.0
1.0162324905395508, 43.644418479660736, 0.9217679814219136, 15.692743173215094, -8.277269559640084, -9.955961918769598, 11.044003781493284, 0.0, 0.0, 0.0, 0.0, 0.0, 0.0
1.0294904708862305, 43.644418479660736, 0.9217679814219136, 15.692743173215094, -8.277269559640084, -9.955961918769598, 11.044003781493284, 0.0, 0.0, 0.0, 0.0, 0.0, 0.0
1.0355198383331299, 43.644418479660736, 0.9217679814219136, 15.692743173215094, -8.277269559640084, -9.955961918769598, 11.044003781493284, 0.0, 0.0, 0.0, 0.0, 0.0, 0.0
1.0495519638061523, 43.644418479660736, 0.9217679814219136, 15.692743173215094, -8.277269559640084, -9.955961918769598, 11.044003781493284, 0.0, 0.0, 0.0, 0.0, 0.0, 0.0
1.0555906295776367, 43.644418479660736, 0.9217679814219136, 15.692743173215094, -8.277269559640084, -9.955961918769598, 11.044003781493284, 0.0, 0.0, 0.0, 0.0, 0.0, 0.0
1.070019006729126, 43.644418479660736, 0.9217679814219136, 15.692743173215094, -8.277269559640084, -9.955961918769598, 11.044003781493284, 0.0, 0.0, 0.0, 0.0, 0.0, 0.0
1.0761017799377441, 43.644418479660736, 0.9217679814219136, 15.692743173215094, -8.277269559640084, -9.955961918769598, 11.044003781493284, 0.0, 0.0, 0.0, 0.0, 0.0, 0.0
1.089909553527832, 43.644418479660736, 0.9217679814219136, 15.692743173215094, -8.277269559640084, -9.955961918769598, 11.044003781493284, 0.0, 0.0, 0.0, 0.0, 0.0, 0.0
1.0960843563079834, 43.644418479660736, 0.9217679814219136, 15.692743173215094, -8.277269559640084, -9.955961918769598, 11.044003781493284, 0.0, 0.0, 0.0, 0.0, 0.0, 0.0
1.109924077987671, 43.644418479660736, 0.9217679814219136, 15.692743173215094, -8.277269559640084, -9.955961918769598, 11.044003781493284, 0.0, 0.0, 0.0, 0.0, 0.0, 0.0
1.1160039901733398, 43.644418479660736, 0.9217679814219136, 15.692743173215094, -8.277269559640084, -9.955961918769598, 11.044003781493284, 0.0, 0.0, 0.0, 0.0, 0.0, 0.0
1.1299452781677246, 43.644418479660736, 0.9217679814219136, 15.692743173215094, -8.277269559640084, -9.955961918769598, 11.044003781493284, 0.0, 0.0, 0.0, 0.0, 0.0, 0.0
1.1360011100769043, 43.644418479660736, 0.9217679814219136, 15.692743173215094, -8.277269559640084, -9.955961918769598, 11.044003781493284, 0.0, 0.0, 0.0, 0.0, 0.0, 0.0
1.1499536037445068, 43.644418479660736, 0.9217679814219136, 15.692743173215094, -8.277269559640084, -9.955961918769598, 11.044003781493284, 0.0, 0.0, 0.0, 0.0, 0.0, 0.0
1.1559836864471436, 43.644418479660736, 0.9217679814219136, 15.692743173215094, -8.277269559640084, -9.955961918769598, 11.044003781493284, 0.0, 0.0, 0.0, 0.0, 0.0, 0.0
1.1698968410491943, 43.644418479660736, 0.9217679814219136, 15.692743173215094, -8.277269559640084, -9.955961918769598, 11.044003781493284, 0.0, 0.0, 0.0, 0.0, 0.0, 0.0
1.175734043121338, 43.644418479660736, 0.9217679814219136, 15.692743173215094, -8.277269559640084, -9.955961918769598, 11.044003781493284, 0.0, 0.0, 0.0, 0.0, 0.0, 0.0
1.1896414756774902, 43.644418479660736, 0.9217679814219136, 15.692743173215094, -8.277269559640084, -9.955961918769598, 11.044003781493284, 0.0, 0.0, 0.0, 0.0, 0.0, 0.0
1.1957006454467773, 43.644418479660736, 0.9217679814219136, 15.692743173215094, -8.277269559640084, -9.955961918769598, 11.044003781493284, 0.0, 0.0, 0.0, 0.0, 0.0, 0.0
1.2093610763549805, 43.644418479660736, 0.9217679814219136, 15.692743173215094, -8.277269559640084, -9.955961918769598, 11.044003781493284, 0.0, 0.0, 0.0, 0.0, 0.0, 0.0
1.2153732776641846, 43.644418479660736, 0.9217679814219136, 15.692743173215094, -8.277269559640084, -9.955961918769598, 11.044003781493284, 0.0, 0.0, 0.0, 0.0, 0.0, 0.0
1.2296245098114014, 43.644418479660736, 0.9217679814219136, 15.692743173215094, -8.277269559640084, -9.955961918769598, 11.044003781493284, 0.0, 0.0, 0.0, 0.0, 0.0, 0.0
1.2353711128234863, 43.644418479660736, 0.9217679814219136, 15.692743173215094, -8.277269559640084, -9.955961918769598, 11.044003781493284, 0.0, 0.0, 0.0, 0.0, 0.0, 0.0
1.2489125728607178, 43.644418479660736, 0.9217679814219136, 15.692743173215094, -8.277269559640084, -9.955961918769598, 11.044003781493284, 0.0, 0.0, 0.0, 0.0, 0.0, 0.0
1.2551591396331787, 43.644418479660736, 0.9217679814219136, 15.692743173215094, -8.277269559640084, -9.955961918769598, 11.044003781493284, 0.0, 0.0, 0.0, 0.0, 0.0, 0.0
1.2701702117919922, 43.644418479660736, 0.9217679814219136, 15.692743173215094, -8.277269559640084, -9.955961918769598, 11.044003781493284, 0.0, 0.0, 0.0, 0.0, 0.0, 0.0
1.276230812072754, 43.644418479660736, 0.9217679814219136, 15.692743173215094, -8.277269559640084, -9.955961918769598, 11.044003781493284, 0.0, 0.0, 0.0, 0.0, 0.0, 0.0
1.290043830871582, 43.644418479660736, 0.9217679814219136, 15.692743173215094, -8.277269559640084, -9.955961918769598, 11.044003781493284, 0.0, 0.0, 0.0, 0.0, 0.0, 0.0
1.2960875034332275, 43.644418479660736, 0.9217679814219136, 15.692743173215094, -8.277269559640084, -9.955961918769598, 11.044003781493284, 0.0, 0.0, 0.0, 0.0, 0.0, 0.0
1.3099498748779297, 43.644418479660736, 0.9217679814219136, 15.692743173215094, -8.277269559640084, -9.955961918769598, 11.044003781493284, 0.0, 0.0, 0.0, 0.0, 0.0, 0.0
1.316002368927002, 43.644418479660736, 0.9217679814219136, 15.692743173215094, -8.277269559640084, -9.955961918769598, 11.044003781493284, 0.0, 0.0, 0.0, 0.0, 0.0, 0.0
1.3297770023345947, 43.644418479660736, 0.9217679814219136, 15.692743173215094, -8.277269559640084, -9.955961918769598, 11.044003781493284, 0.0, 0.0, 0.0, 0.0, 0.0, 0.0
1.3359439373016357, 43.644418479660736, 0.9217679814219136, 15.692743173215094, -8.277269559640084, -9.955961918769598, 11.044003781493284, 0.0, 0.0, 0.0, 0.0, 0.0, 0.0
1.3498830795288086, 43.644418479660736, 0.9217679814219136, 15.692743173215094, -8.277269559640084, -9.955961918769598, 11.044003781493284, 0.0, 0.0, 0.0, 0.0, 0.0, 0.0
1.35595703125, 43.644418479660736, 0.9217679814219136, 15.692743173215094, -8.277269559640084, -9.955961918769598, 11.044003781493284, 0.0, 0.0, 0.0, 0.0, 0.0, 0.0
1.3697764873504639, 43.644418479660736, 0.9217679814219136, 15.692743173215094, -8.277269559640084, -9.955961918769598, 11.044003781493284, 0.0, 0.0, 0.0, 0.0, 0.0, 0.0
1.375967264175415, 43.644418479660736, 0.9217679814219136, 15.692743173215094, -8.277269559640084, -9.955961918769598, 11.044003781493284, 0.0, 0.0, 0.0, 0.0, 0.0, 0.0
1.398747444152832, 43.644418479660736, 0.9217679814219136, 15.692743173215094, -8.277269559640084, -9.955961918769598, 11.044003781493284, 0.0, 0.0, 0.0, 0.0, 0.0, 0.0
1.4077153205871582, 43.644418479660736, 0.9217679814219136, 15.692743173215094, -8.277269559640084, -9.955961918769598, 11.044003781493284, 0.0, 0.0, 0.0, 0.0, 0.0, 0.0
1.4195454120635986, 43.644418479660736, 0.9217679814219136, 15.692743173215094, -8.277269559640084, -9.955961918769598, 11.044003781493284, 0.0, 0.0, 0.0, 0.0, 0.0, 0.0
1.425682544708252, 43.644418479660736, 0.9217679814219136, 15.692743173215094, -8.277269559640084, -9.955961918769598, 11.044003781493284, 0.0, 0.0, 0.0, 0.0, 0.0, 0.0
1.4363644123077393, 43.644418479660736, 0.9217679814219136, 15.692743173215094, -8.277269559640084, -9.955961918769598, 11.044003781493284, 0.0, 0.0, 0.0, 0.0, 0.0, 0.0
1.4424397945404053, 43.644418479660736, 0.9217679814219136, 15.692743173215094, -8.277269559640084, -9.955961918769598, 11.044003781493284, 0.0, 0.0, 0.0, 0.0, 0.0, 0.0
1.453566312789917, 43.644418479660736, 0.9217679814219136, 15.692743173215094, -8.277269559640084, -9.955961918769598, 11.044003781493284, 0.0, 0.0, 0.0, 0.0, 0.0, 0.0
1.4598150253295898, 43.644418479660736, 0.9217679814219136, 15.692743173215094, -8.277269559640084, -9.955961918769598, 11.044003781493284, 0.0, 0.0, 0.0, 0.0, 0.0, 0.0
1.4707005023956299, 43.644418479660736, 0.9217679814219136, 15.692743173215094, -8.277269559640084, -9.955961918769598, 11.044003781493284, 0.0, 0.0, 0.0, 0.0, 0.0, 0.0
1.4768023490905762, 43.644418479660736, 0.9217679814219136, 15.692743173215094, -8.277269559640084, -9.955961918769598, 11.044003781493284, 0.0, 0.0, 0.0, 0.0, 0.0, 0.0
1.489778995513916, 43.644418479660736, 0.9217679814219136, 15.692743173215094, -8.277269559640084, -9.955961918769598, 11.044003781493284, 0.0, 0.0, 0.0, 0.0, 0.0, 0.0
1.4958584308624268, 43.644418479660736, 0.9217679814219136, 15.692743173215094, -8.277269559640084, -9.955961918769598, 11.044003781493284, 0.0, 0.0, 0.0, 0.0, 0.0, 0.0
1.5098531246185303, 43.644418479660736, 0.9217679814219136, 15.692743173215094, -8.277269559640084, -9.955961918769598, 11.044003781493284, 0.0, 0.0, 0.0, 0.0, 0.0, 0.0
1.5160651206970215, 43.644418479660736, 0.9217679814219136, 15.692743173215094, -8.277269559640084, -9.955961918769598, 11.044003781493284, 0.0, 0.0, 0.0, 0.0, 0.0, 0.0
1.529813528060913, 43.644418479660736, 0.9217679814219136, 15.692743173215094, -8.277269559640084, -9.955961918769598, 11.044003781493284, 0.0, 0.0, 0.0, 0.0, 0.0, 0.0
1.5358664989471436, 43.644418479660736, 0.9217679814219136, 15.692743173215094, -8.277269559640084, -9.955961918769598, 11.044003781493284, 0.0, 0.0, 0.0, 0.0, 0.0, 0.0
1.5497832298278809, 43.644418479660736, 0.9217679814219136, 15.692743173215094, -8.277269559640084, -9.955961918769598, 11.044003781493284, 0.0, 0.0, 0.0, 0.0, 0.0, 0.0
1.5559563636779785, 43.644418479660736, 0.9217679814219136, 15.692743173215094, -8.277269559640084, -9.955961918769598, 11.044003781493284, 0.0, 0.0, 0.0, 0.0, 0.0, 0.0
1.5699043273925781, 43.644418479660736, 0.9217679814219136, 15.692743173215094, -8.277269559640084, -9.955961918769598, 11.044003781493284, 0.0, 0.0, 0.0, 0.0, 0.0, 0.0
1.5759599208831787, 43.644418479660736, 0.9217679814219136, 15.692743173215094, -8.277269559640084, -9.955961918769598, 11.044003781493284, 0.0, 0.0, 0.0, 0.0, 0.0, 0.0
1.589928388595581, 43.644418479660736, 0.9217679814219136, 15.692743173215094, -8.277269559640084, -9.955961918769598, 11.044003781493284, 0.0, 0.0, 0.0, 0.0, 0.0, 0.0
1.5959985256195068, 43.644418479660736, 0.9217679814219136, 15.692743173215094, -8.277269559640084, -9.955961918769598, 11.044003781493284, 0.0, 0.0, 0.0, 0.0, 0.0, 0.0
1.609842300415039, 43.644418479660736, 0.9217679814219136, 15.692743173215094, -8.277269559640084, -9.955961918769598, 11.044003781493284, 0.0, 0.0, 0.0, 0.0, 0.0, 0.0
1.6159107685089111, 43.644418479660736, 0.9217679814219136, 15.692743173215094, -8.277269559640084, -9.955961918769598, 11.044003781493284, 0.0, 0.0, 0.0, 0.0, 0.0, 0.0
1.6389448642730713, 43.644418479660736, 0.9217679814219136, 15.692743173215094, -8.277269559640084, -9.955961918769598, 11.044003781493284, 0.0, 0.0, 0.0, 0.0, 0.0, 0.0
1.6479012966156006, 43.644418479660736, 0.9217679814219136, 15.692743173215094, -8.277269559640084, -9.955961918769598, 11.044003781493284, 0.0, 0.0, 0.0, 0.0, 0.0, 0.0
1.6596109867095947, 43.644418479660736, 0.9217679814219136, 15.692743173215094, -8.277269559640084, -9.955961918769598, 11.044003781493284, 0.0, 0.0, 0.0, 0.0, 0.0, 0.0
1.6659877300262451, 43.644418479660736, 0.9217679814219136, 15.692743173215094, -8.277269559640084, -9.955961918769598, 11.044003781493284, 0.0, 0.0, 0.0, 0.0, 0.0, 0.0
1.6767346858978271, 43.644418479660736, 0.9217679814219136, 15.692743173215094, -8.277269559640084, -9.955961918769598, 11.044003781493284, 0.0, 0.0, 0.0, 0.0, 0.0, 0.0
1.6828348636627197, 43.644418479660736, 0.9217679814219136, 15.692743173215094, -8.277269559640084, -9.955961918769598, 11.044003781493284, 0.0, 0.0, 0.0, 0.0, 0.0, 0.0
1.6935043334960938, 43.644418479660736, 0.9217679814219136, 15.692743173215094, -8.277269559640084, -9.955961918769598, 11.044003781493284, 0.0, 0.0, 0.0, 0.0, 0.0, 0.0
1.6996936798095703, 43.644418479660736, 0.9217679814219136, 15.692743173215094, -8.277269559640084, -9.955961918769598, 11.044003781493284, 0.0, 0.0, 0.0, 0.0, 0.0, 0.0
1.7103753089904785, 43.644418479660736, 0.9217679814219136, 15.692743173215094, -8.277269559640084, -9.955961918769598, 11.044003781493284, 0.0, 0.0, 0.0, 0.0, 0.0, 0.0
1.716444969177246, 43.644418479660736, 0.9217679814219136, 15.692743173215094, -8.277269559640084, -9.955961918769598, 11.044003781493284, 0.0, 0.0, 0.0, 0.0, 0.0, 0.0
1.729426622390747, 43.644418479660736, 0.9217679814219136, 15.692743173215094, -8.277269559640084, -9.955961918769598, 11.044003781493284, 0.0, 0.0, 0.0, 0.0, 0.0, 0.0
1.7354910373687744, 43.644418479660736, 0.9217679814219136, 15.692743173215094, -8.277269559640084, -9.955961918769598, 11.044003781493284, 0.0, 0.0, 0.0, 0.0, 0.0, 0.0
1.7493374347686768, 43.644418479660736, 0.9217679814219136, 15.692743173215094, -8.277269559640084, -9.955961918769598, 11.044003781493284, 0.0, 0.0, 0.0, 0.0, 0.0, 0.0
1.7554283142089844, 43.644418479660736, 0.9217679814219136, 15.692743173215094, -8.277269559640084, -9.955961918769598, 11.044003781493284, 0.0, 0.0, 0.0, 0.0, 0.0, 0.0
1.769425392150879, 43.644418479660736, 0.9217679814219136, 15.692743173215094, -8.277269559640084, -9.955961918769598, 11.044003781493284, 0.0, 0.0, 0.0, 0.0, 0.0, 0.0
1.775463581085205, 43.644418479660736, 0.9217679814219136, 15.692743173215094, -8.277269559640084, -9.955961918769598, 11.044003781493284, 0.0, 0.0, 0.0, 0.0, 0.0, 0.0
1.7893004417419434, 43.644418479660736, 0.9217679814219136, 15.692743173215094, -8.277269559640084, -9.955961918769598, 11.044003781493284, 0.0, 0.0, 0.0, 0.0, 0.0, 0.0
1.7953927516937256, 43.644418479660736, 0.9217679814219136, 15.692743173215094, -8.277269559640084, -9.955961918769598, 11.044003781493284, 0.0, 0.0, 0.0, 0.0, 0.0, 0.0
1.8093483448028564, 43.644418479660736, 0.9217679814219136, 15.692743173215094, -8.277269559640084, -9.955961918769598, 11.044003781493284, 0.0, 0.0, 0.0, 0.0, 0.0, 0.0
1.8153831958770752, 43.644418479660736, 0.9217679814219136, 15.692743173215094, -8.277269559640084, -9.955961918769598, 11.044003781493284, 0.0, 0.0, 0.0, 0.0, 0.0, 0.0
1.8387160301208496, 43.644418479660736, 0.9217679814219136, 15.692743173215094, -8.277269559640084, -9.955961918769598, 11.044003781493284, 0.0, 0.0, 0.0, 0.0, 0.0, 0.0
1.8478639125823975, 43.644418479660736, 0.9217679814219136, 15.692743173215094, -8.277269559640084, -9.955961918769598, 11.044003781493284, 0.0, 0.0, 0.0, 0.0, 0.0, 0.0
1.8595855236053467, 43.644418479660736, 0.9217679814219136, 15.692743173215094, -8.277269559640084, -9.955961918769598, 11.044003781493284, 0.0, 0.0, 0.0, 0.0, 0.0, 0.0
1.8656706809997559, 43.644418479660736, 0.9217679814219136, 15.692743173215094, -8.277269559640084, -9.955961918769598, 11.044003781493284, 0.0, 0.0, 0.0, 0.0, 0.0, 0.0
1.8763792514801025, 43.644418479660736, 0.9217679814219136, 15.692743173215094, -8.277269559640084, -9.955961918769598, 11.044003781493284, 0.0, 0.0, 0.0, 0.0, 0.0, 0.0
1.882601022720337, 43.644418479660736, 0.9217679814219136, 15.692743173215094, -8.277269559640084, -9.955961918769598, 11.044003781493284, 0.0, 0.0, 0.0, 0.0, 0.0, 0.0
1.8932960033416748, 43.644418479660736, 0.9217679814219136, 15.692743173215094, -8.277269559640084, -9.955961918769598, 11.044003781493284, 0.0, 0.0, 0.0, 0.0, 0.0, 0.0
1.899390697479248, 43.644418479660736, 0.9217679814219136, 15.692743173215094, -8.277269559640084, -9.955961918769598, 11.044003781493284, 0.0, 0.0, 0.0, 0.0, 0.0, 0.0
1.9102051258087158, 43.644418479660736, 0.9217679814219136, 15.692743173215094, -8.277269559640084, -9.955961918769598, 11.044003781493284, 0.0, 0.0, 0.0, 0.0, 0.0, 0.0
1.9163165092468262, 43.644418479660736, 0.9217679814219136, 15.692743173215094, -8.277269559640084, -9.955961918769598, 11.044003781493284, 0.0, 0.0, 0.0, 0.0, 0.0, 0.0
1.9292705059051514, 43.644418479660736, 0.9217679814219136, 15.692743173215094, -8.277269559640084, -9.955961918769598, 11.044003781493284, 0.0, 0.0, 0.0, 0.0, 0.0, 0.0
1.9353771209716797, 43.644418479660736, 0.9217679814219136, 15.692743173215094, -8.277269559640084, -9.955961918769598, 11.044003781493284, 0.0, 0.0, 0.0, 0.0, 0.0, 0.0
1.9493684768676758, 43.644418479660736, 0.9217679814219136, 15.692743173215094, -8.277269559640084, -9.955961918769598, 11.044003781493284, 0.0, 0.0, 0.0, 0.0, 0.0, 0.0
1.9554810523986816, 43.644418479660736, 0.9217679814219136, 15.692743173215094, -8.277269559640084, -9.955961918769598, 11.044003781493284, 0.0, 0.0, 0.0, 0.0, 0.0, 0.0
1.9694781303405762, 43.644418479660736, 0.9217679814219136, 15.692743173215094, -8.277269559640084, -9.955961918769598, 11.044003781493284, 0.0, 0.0, 0.0, 0.0, 0.0, 0.0
1.975569486618042, 43.644418479660736, 0.9217679814219136, 15.692743173215094, -8.277269559640084, -9.955961918769598, 11.044003781493284, 0.0, 0.0, 0.0, 0.0, 0.0, 0.0
1.9895102977752686, 43.644418479660736, 0.9217679814219136, 15.692743173215094, -8.277269559640084, -9.955961918769598, 11.044003781493284, 0.0, 0.0, 0.0, 0.0, 0.0, 0.0
1.995595932006836, 43.644418479660736, 0.9217679814219136, 15.692743173215094, -8.277269559640084, -9.955961918769598, 11.044003781493284, 0.0, 0.0, 0.0, 0.0, 0.0, 0.0
2.009385347366333, 43.644418479660736, 0.9217679814219136, 15.692743173215094, -8.277269559640084, -9.955961918769598, 11.044003781493284, 0.0, 0.0, 0.0, 0.0, 0.0, 0.0
2.015592336654663, 43.644418479660736, 0.9217679814219136, 15.692743173215094, -8.277269559640084, -9.955961918769598, 11.044003781493284, 0.0, 0.0, 0.0, 0.0, 0.0, 0.0
2.0386033058166504, 43.644418479660736, 0.9217679814219136, 15.692743173215094, -8.277269559640084, -9.955961918769598, 11.044003781493284, 0.0, 0.0, 0.0, 0.0, 0.0, 0.0
2.0476508140563965, 43.644418479660736, 0.9217679814219136, 15.692743173215094, -8.277269559640084, -9.955961918769598, 11.044003781493284, 0.0, 0.0, 0.0, 0.0, 0.0, 0.0
2.059420108795166, 43.644418479660736, 0.9217679814219136, 15.692743173215094, -8.277269559640084, -9.955961918769598, 11.044003781493284, 0.0, 0.0, 0.0, 0.0, 0.0, 0.0
2.0656182765960693, 43.644418479660736, 0.9217679814219136, 15.692743173215094, -8.277269559640084, -9.955961918769598, 11.044003781493284, 0.0, 0.0, 0.0, 0.0, 0.0, 0.0
2.076253652572632, 43.644418479660736, 0.9217679814219136, 15.692743173215094, -8.277269559640084, -9.955961918769598, 11.044003781493284, 0.0, 0.0, 0.0, 0.0, 0.0, 0.0
2.0823121070861816, 43.644418479660736, 0.9217679814219136, 15.692743173215094, -8.277269559640084, -9.955961918769598, 11.044003781493284, 0.0, 0.0, 0.0, 0.0, 0.0, 0.0
2.0933215618133545, 43.644418479660736, 0.9217679814219136, 15.692743173215094, -8.277269559640084, -9.955961918769598, 11.044003781493284, 0.0, 0.0, 0.0, 0.0, 0.0, 0.0
2.099360704421997, 43.644418479660736, 0.9217679814219136, 15.692743173215094, -8.277269559640084, -9.955961918769598, 11.044003781493284, 0.0, 0.0, 0.0, 0.0, 0.0, 0.0
2.1105170249938965, 43.644418479660736, 0.9217679814219136, 15.692743173215094, -8.277269559640084, -9.955961918769598, 11.044003781493284, 0.0, 0.0, 0.0, 0.0, 0.0, 0.0
2.1166090965270996, 43.644418479660736, 0.9217679814219136, 15.692743173215094, -8.277269559640084, -9.955961918769598, 11.044003781493284, 0.0, 0.0, 0.0, 0.0, 0.0, 0.0
2.1294949054718018, 43.644418479660736, 0.9217679814219136, 15.692743173215094, -8.277269559640084, -9.955961918769598, 11.044003781493284, 0.0, 0.0, 0.0, 0.0, 0.0, 0.0
2.135573387145996, 43.644418479660736, 0.9217679814219136, 15.692743173215094, -8.277269559640084, -9.955961918769598, 11.044003781493284, 0.0, 0.0, 0.0, 0.0, 0.0, 0.0
2.149648666381836, 43.644418479660736, 0.9217679814219136, 15.692743173215094, -8.277269559640084, -9.955961918769598, 11.044003781493284, 0.0, 0.0, 0.0, 0.0, 0.0, 0.0
2.155818462371826, 43.644418479660736, 0.9217679814219136, 15.692743173215094, -8.277269559640084, -9.955961918769598, 11.044003781493284, 0.0, 0.0, 0.0, 0.0, 0.0, 0.0
2.1697964668273926, 43.644418479660736, 0.9217679814219136, 15.692743173215094, -8.277269559640084, -9.955961918769598, 11.044003781493284, 0.0, 0.0, 0.0, 0.0, 0.0, 0.0
2.176011562347412, 43.644418479660736, 0.9217679814219136, 15.692743173215094, -8.277269559640084, -9.955961918769598, 11.044003781493284, 0.0, 0.0, 0.0, 0.0, 0.0, 0.0
2.189952850341797, 43.644418479660736, 0.9217679814219136, 15.692743173215094, -8.277269559640084, -9.955961918769598, 11.044003781493284, 0.0, 0.0, 0.0, 0.0, 0.0, 0.0
2.1961967945098877, 43.644418479660736, 0.9217679814219136, 15.692743173215094, -8.277269559640084, -9.955961918769598, 11.044003781493284, 0.0, 0.0, 0.0, 0.0, 0.0, 0.0
2.209195375442505, 43.644418479660736, 0.9217679814219136, 15.692743173215094, -8.277269559640084, -9.955961918769598, 11.044003781493284, 0.0, 0.0, 0.0, 0.0, 0.0, 0.0
2.2152814865112305, 43.644418479660736, 0.9217679814219136, 15.692743173215094, -8.277269559640084, -9.955961918769598, 11.044003781493284, 0.0, 0.0, 0.0, 0.0, 0.0, 0.0
2.229518175125122, 43.644418479660736, 0.9217679814219136, 15.692743173215094, -8.277269559640084, -9.955961918769598, 11.044003781493284, 0.0, 0.0, 0.0, 0.0, 0.0, 0.0
2.235757350921631, 43.644418479660736, 0.9217679814219136, 15.692743173215094, -8.277269559640084, -9.955961918769598, 11.044003781493284, 0.0, 0.0, 0.0, 0.0, 0.0, 0.0
2.2497026920318604, 43.644418479660736, 0.9217679814219136, 15.692743173215094, -8.277269559640084, -9.955961918769598, 11.044003781493284, 0.0, 0.0, 0.0, 0.0, 0.0, 0.0
2.255774974822998, 43.644418479660736, 0.9217679814219136, 15.692743173215094, -8.277269559640084, -9.955961918769598, 11.044003781493284, 0.0, 0.0, 0.0, 0.0, 0.0, 0.0
2.2788729667663574, 43.644418479660736, 0.9217679814219136, 15.692743173215094, -8.277269559640084, -9.955961918769598, 11.044003781493284, 0.0, 0.0, 0.0, 0.0, 0.0, 0.0
2.287879705429077, 43.644418479660736, 0.9217679814219136, 15.692743173215094, -8.277269559640084, -9.955961918769598, 11.044003781493284, 0.0, 0.0, 0.0, 0.0, 0.0, 0.0
2.299622058868408, 43.644418479660736, 0.9217679814219136, 15.692743173215094, -8.277269559640084, -9.955961918769598, 11.044003781493284, 0.0, 0.0, 0.0, 0.0, 0.0, 0.0
2.3057024478912354, 43.644418479660736, 0.9217679814219136, 15.692743173215094, -8.277269559640084, -9.955961918769598, 11.044003781493284, 0.0, 0.0, 0.0, 0.0, 0.0, 0.0
2.3165907859802246, 43.644418479660736, 0.9217679814219136, 15.692743173215094, -8.277269559640084, -9.955961918769598, 11.044003781493284, 0.0, 0.0, 0.0, 0.0, 0.0, 0.0
2.3226494789123535, 43.644418479660736, 0.9217679814219136, 15.692743173215094, -8.277269559640084, -9.955961918769598, 11.044003781493284, 0.0, 0.0, 0.0, 0.0, 0.0, 0.0
2.3333356380462646, 43.644418479660736, 0.9217679814219136, 15.692743173215094, -8.277269559640084, -9.955961918769598, 11.044003781493284, 0.0, 0.0, 0.0, 0.0, 0.0, 0.0
2.3394417762756348, 43.644418479660736, 0.9217679814219136, 15.692743173215094, -8.277269559640084, -9.955961918769598, 11.044003781493284, 0.0, 0.0, 0.0, 0.0, 0.0, 0.0
2.3503246307373047, 43.644418479660736, 0.9217679814219136, 15.692743173215094, -8.277269559640084, -9.955961918769598, 11.044003781493284, 0.0, 0.0, 0.0, 0.0, 0.0, 0.0
2.356433868408203, 43.644418479660736, 0.9217679814219136, 15.692743173215094, -8.277269559640084, -9.955961918769598, 11.044003781493284, 0.0, 0.0, 0.0, 0.0, 0.0, 0.0
2.3693008422851562, 43.644418479660736, 0.9217679814219136, 15.692743173215094, -8.277269559640084, -9.955961918769598, 11.044003781493284, 0.0, 0.0, 0.0, 0.0, 0.0, 0.0
2.3754794597625732, 43.644418479660736, 0.9217679814219136, 15.692743173215094, -8.277269559640084, -9.955961918769598, 11.044003781493284, 0.0, 0.0, 0.0, 0.0, 0.0, 0.0
2.3893139362335205, 43.644418479660736, 0.9217679814219136, 15.692743173215094, -8.277269559640084, -9.955961918769598, 11.044003781493284, 0.0, 0.0, 0.0, 0.0, 0.0, 0.0
2.3954129219055176, 43.644418479660736, 0.9217679814219136, 15.692743173215094, -8.277269559640084, -9.955961918769598, 11.044003781493284, 0.0, 0.0, 0.0, 0.0, 0.0, 0.0
2.409275770187378, 43.644418479660736, 0.9217679814219136, 15.692743173215094, -8.277269559640084, -9.955961918769598, 11.044003781493284, 0.0, 0.0, 0.0, 0.0, 0.0, 0.0
2.4154562950134277, 43.644418479660736, 0.9217679814219136, 15.692743173215094, -8.277269559640084, -9.955961918769598, 11.044003781493284, 0.0, 0.0, 0.0, 0.0, 0.0, 0.0
2.4293861389160156, 43.644418479660736, 0.9217679814219136, 15.692743173215094, -8.277269559640084, -9.955961918769598, 11.044003781493284, 0.0, 0.0, 0.0, 0.0, 0.0, 0.0
2.435450315475464, 43.644418479660736, 0.9217679814219136, 15.692743173215094, -8.277269559640084, -9.955961918769598, 11.044003781493284, 0.0, 0.0, 0.0, 0.0, 0.0, 0.0
2.4494452476501465, 43.644418479660736, 0.9217679814219136, 15.692743173215094, -8.277269559640084, -9.955961918769598, 11.044003781493284, 0.0, 0.0, 0.0, 0.0, 0.0, 0.0
2.455505609512329, 43.644418479660736, 0.9217679814219136, 15.692743173215094, -8.277269559640084, -9.955961918769598, 11.044003781493284, 0.0, 0.0, 0.0, 0.0, 0.0, 0.0
2.4693610668182373, 43.644418479660736, 0.9217679814219136, 15.692743173215094, -8.277269559640084, -9.955961918769598, 11.044003781493284, 0.0, 0.0, 0.0, 0.0, 0.0, 0.0
2.4754388332366943, 43.644418479660736, 0.9217679814219136, 15.692743173215094, -8.277269559640084, -9.955961918769598, 11.044003781493284, 0.0, 0.0, 0.0, 0.0, 0.0, 0.0
2.48930025100708, 43.644418479660736, 0.9217679814219136, 15.692743173215094, -8.277269559640084, -9.955961918769598, 11.044003781493284, 0.0, 0.0, 0.0, 0.0, 0.0, 0.0
2.495388984680176, 43.644418479660736, 0.9217679814219136, 15.692743173215094, -8.277269559640084, -9.955961918769598, 11.044003781493284, 0.0, 0.0, 0.0, 0.0, 0.0, 0.0
2.5091726779937744, 43.644418479660736, 0.9217679814219136, 15.692743173215094, -8.277269559640084, -9.955961918769598, 11.044003781493284, 0.0, 0.0, 0.0, 0.0, 0.0, 0.0
2.5155584812164307, 43.644418479660736, 0.9217679814219136, 15.692743173215094, -8.277269559640084, -9.955961918769598, 11.044003781493284, 0.0, 0.0, 0.0, 0.0, 0.0, 0.0
2.5385568141937256, 43.644418479660736, 0.9217679814219136, 15.692743173215094, -8.277269559640084, -9.955961918769598, 11.044003781493284, 0.0, 0.0, 0.0, 0.0, 0.0, 0.0
2.5475924015045166, 43.644418479660736, 0.9217679814219136, 15.692743173215094, -8.277269559640084, -9.955961918769598, 11.044003781493284, 0.0, 0.0, 0.0, 0.0, 0.0, 0.0
2.5594043731689453, 43.644418479660736, 0.9217679814219136, 15.692743173215094, -8.277269559640084, -9.955961918769598, 11.044003781493284, 0.0, 0.0, 0.0, 0.0, 0.0, 0.0
2.565586805343628, 43.644418479660736, 0.9217679814219136, 15.692743173215094, -8.277269559640084, -9.955961918769598, 11.044003781493284, 0.0, 0.0, 0.0, 0.0, 0.0, 0.0
2.5762505531311035, 43.644418479660736, 0.9217679814219136, 15.692743173215094, -8.277269559640084, -9.955961918769598, 11.044003781493284, 0.0, 0.0, 0.0, 0.0, 0.0, 0.0
2.582306385040283, 43.644418479660736, 0.9217679814219136, 15.692743173215094, -8.277269559640084, -9.955961918769598, 11.044003781493284, 0.0, 0.0, 0.0, 0.0, 0.0, 0.0
2.593108654022217, 43.644418479660736, 0.9217679814219136, 15.692743173215094, -8.277269559640084, -9.955961918769598, 11.044003781493284, 0.0, 0.0, 0.0, 0.0, 0.0, 0.0
2.599165916442871, 43.644418479660736, 0.9217679814219136, 15.692743173215094, -8.277269559640084, -9.955961918769598, 11.044003781493284, 0.0, 0.0, 0.0, 0.0, 0.0, 0.0
2.6098380088806152, 43.644418479660736, 0.9217679814219136, 15.692743173215094, -8.277269559640084, -9.955961918769598, 11.044003781493284, 0.0, 0.0, 0.0, 0.0, 0.0, 0.0
2.615889549255371, 43.644418479660736, 0.9217679814219136, 15.692743173215094, -8.277269559640084, -9.955961918769598, 11.044003781493284, 0.0, 0.0, 0.0, 0.0, 0.0, 0.0
2.629934072494507, 43.644418479660736, 0.9217679814219136, 15.692743173215094, -8.277269559640084, -9.955961918769598, 11.044003781493284, 0.0, 0.0, 0.0, 0.0, 0.0, 0.0
2.6359903812408447, 43.644418479660736, 0.9217679814219136, 15.692743173215094, -8.277269559640084, -9.955961918769598, 11.044003781493284, 0.0, 0.0, 0.0, 0.0, 0.0, 0.0
2.6587350368499756, 43.644418479660736, 0.9217679814219136, 15.692743173215094, -8.277269559640084, -9.955961918769598, 11.044003781493284, 0.0, 0.0, 0.0, 0.0, 0.0, 0.0
2.6677329540252686, 43.644418479660736, 0.9217679814219136, 15.692743173215094, -8.277269559640084, -9.955961918769598, 11.044003781493284, 0.0, 0.0, 0.0, 0.0, 0.0, 0.0
2.679600954055786, 43.644418479660736, 0.9217679814219136, 15.692743173215094, -8.277269559640084, -9.955961918769598, 11.044003781493284, 0.0, 0.0, 0.0, 0.0, 0.0, 0.0
2.685698986053467, 43.644418479660736, 0.9217679814219136, 15.692743173215094, -8.277269559640084, -9.955961918769598, 11.044003781493284, 0.0, 0.0, 0.0, 0.0, 0.0, 0.0
2.696448564529419, 43.644418479660736, 0.9217679814219136, 15.692743173215094, -8.277269559640084, -9.955961918769598, 11.044003781493284, 0.0, 0.0, 0.0, 0.0, 0.0, 0.0
2.7026889324188232, 43.644418479660736, 0.9217679814219136, 15.692743173215094, -8.277269559640084, -9.955961918769598, 11.044003781493284, 0.0, 0.0, 0.0, 0.0, 0.0, 0.0
2.7134718894958496, 43.644418479660736, 0.9217679814219136, 15.692743173215094, -8.277269559640084, -9.955961918769598, 11.044003781493284, 0.0, 0.0, 0.0, 0.0, 0.0, 0.0
2.7195205688476562, 43.644418479660736, 0.9217679814219136, 15.692743173215094, -8.277269559640084, -9.955961918769598, 11.044003781493284, 0.0, 0.0, 0.0, 0.0, 0.0, 0.0
2.7302355766296387, 43.644418479660736, 0.9217679814219136, 15.692743173215094, -8.277269559640084, -9.955961918769598, 11.044003781493284, 0.0, 0.0, 0.0, 0.0, 0.0, 0.0
2.736429452896118, 43.644418479660736, 0.9217679814219136, 15.692743173215094, -8.277269559640084, -9.955961918769598, 11.044003781493284, 0.0, 0.0, 0.0, 0.0, 0.0, 0.0
2.7491273880004883, 43.644418479660736, 0.9217679814219136, 15.692743173215094, -8.277269559640084, -9.955961918769598, 11.044003781493284, 0.0, 0.0, 0.0, 0.0, 0.0, 0.0
2.7551822662353516, 43.644418479660736, 0.9217679814219136, 15.692743173215094, -8.277269559640084, -9.955961918769598, 11.044003781493284, 0.0, 0.0, 0.0, 0.0, 0.0, 0.0
2.77016282081604, 43.644418479660736, 0.9217679814219136, 15.692743173215094, -8.277269559640084, -9.955961918769598, 11.044003781493284, 0.0, 0.0, 0.0, 0.0, 0.0, 0.0
2.776230812072754, 43.644418479660736, 0.9217679814219136, 15.692743173215094, -8.277269559640084, -9.955961918769598, 11.044003781493284, 0.0, 0.0, 0.0, 0.0, 0.0, 0.0
2.7890655994415283, 43.644418479660736, 0.9217679814219136, 15.692743173215094, -8.277269559640084, -9.955961918769598, 11.044003781493284, 0.0, 0.0, 0.0, 0.0, 0.0, 0.0
2.7951416969299316, 43.644418479660736, 0.9217679814219136, 15.692743173215094, -8.277269559640084, -9.955961918769598, 11.044003781493284, 0.0, 0.0, 0.0, 0.0, 0.0, 0.0
2.8101367950439453, 43.644418479660736, 0.9217679814219136, 15.692743173215094, -8.277269559640084, -9.955961918769598, 11.044003781493284, 0.0, 0.0, 0.0, 0.0, 0.0, 0.0
2.8162026405334473, 43.644418479660736, 0.9217679814219136, 15.692743173215094, -8.277269559640084, -9.955961918769598, 11.044003781493284, 0.0, 0.0, 0.0, 0.0, 0.0, 0.0
2.829019546508789, 43.644418479660736, 0.9217679814219136, 15.692743173215094, -8.277269559640084, -9.955961918769598, 11.044003781493284, 0.0, 0.0, 0.0, 0.0, 0.0, 0.0
2.83510422706604, 43.644418479660736, 0.9217679814219136, 15.692743173215094, -8.277269559640084, -9.955961918769598, 11.044003781493284, 0.0, 0.0, 0.0, 0.0, 0.0, 0.0
2.8501083850860596, 43.644418479660736, 0.9217679814219136, 15.692743173215094, -8.277269559640084, -9.955961918769598, 11.044003781493284, 0.0, 0.0, 0.0, 0.0, 0.0, 0.0
2.8561525344848633, 43.644418479660736, 0.9217679814219136, 15.692743173215094, -8.277269559640084, -9.955961918769598, 11.044003781493284, 0.0, 0.0, 0.0, 0.0, 0.0, 0.0
2.8699240684509277, 43.644418479660736, 0.9217679814219136, 15.692743173215094, -8.277269559640084, -9.955961918769598, 11.044003781493284, 0.0, 0.0, 0.0, 0.0, 0.0, 0.0
2.8761162757873535, 43.644418479660736, 0.9217679814219136, 15.692743173215094, -8.277269559640084, -9.955961918769598, 11.044003781493284, 0.0, 0.0, 0.0, 0.0, 0.0, 0.0
2.8899974822998047, 43.644418479660736, 0.9217679814219136, 15.692743173215094, -8.277269559640084, -9.955961918769598, 11.044003781493284, 0.0, 0.0, 0.0, 0.0, 0.0, 0.0
2.8960607051849365, 43.644418479660736, 0.9217679814219136, 15.692743173215094, -8.277269559640084, -9.955961918769598, 11.044003781493284, 0.0, 0.0, 0.0, 0.0, 0.0, 0.0
2.909886598587036, 43.644418479660736, 0.9217679814219136, 15.692743173215094, -8.277269559640084, -9.955961918769598, 11.044003781493284, 0.0, 0.0, 0.0, 0.0, 0.0, 0.0
2.916081190109253, 43.644418479660736, 0.9217679814219136, 15.692743173215094, -8.277269559640084, -9.955961918769598, 11.044003781493284, 0.0, 0.0, 0.0, 0.0, 0.0, 0.0
2.9298644065856934, 43.644418479660736, 0.9217679814219136, 15.692743173215094, -8.277269559640084, -9.955961918769598, 11.044003781493284, 0.0, 0.0, 0.0, 0.0, 0.0, 0.0
2.935971736907959, 43.644418479660736, 0.9217679814219136, 15.692743173215094, -8.277269559640084, -9.955961918769598, 11.044003781493284, 0.0, 0.0, 0.0, 0.0, 0.0, 0.0
2.959261417388916, 43.644418479660736, 0.9217679814219136, 15.692743173215094, -8.277269559640084, -9.955961918769598, 11.044003781493284, 0.0, 0.0, 0.0, 0.0, 0.0, 0.0
2.9681336879730225, 43.644418479660736, 0.9217679814219136, 15.692743173215094, -8.277269559640084, -9.955961918769598, 11.044003781493284, 0.0, 0.0, 0.0, 0.0, 0.0, 0.0
2.9797613620758057, 43.644418479660736, 0.9217679814219136, 15.692743173215094, -8.277269559640084, -9.955961918769598, 11.044003781493284, 0.0, 0.0, 0.0, 0.0, 0.0, 0.0
2.9858574867248535, 43.644418479660736, 0.9217679814219136, 15.692743173215094, -8.277269559640084, -9.955961918769598, 11.044003781493284, 0.0, 0.0, 0.0, 0.0, 0.0, 0.0
2.9968342781066895, 43.644418479660736, 0.9217679814219136, 15.692743173215094, -8.277269559640084, -9.955961918769598, 11.044003781493284, 0.0, 0.0, 0.0, 0.0, 0.0, 0.0
3.002974033355713, 43.644418479660736, 0.9217679814219136, 15.692743173215094, -8.277269559640084, -9.955961918769598, 11.044003781493284, 0.0, 0.0, 0.0, 0.0, 0.0, 0.0
3.01431941986084, 43.644418479660736, 0.9217679814219136, 15.692743173215094, -8.277269559640084, -9.955961918769598, 11.044003781493284, 0.0, 0.0, 0.0, 0.0, 0.0, 0.0
3.0204720497131348, 43.644418479660736, 0.9217679814219136, 15.692743173215094, -8.277269559640084, -9.955961918769598, 11.044003781493284, 0.0, 0.0, 0.0, 0.0, 0.0, 0.0
3.0314714908599854, 43.644418479660736, 0.9217679814219136, 15.692743173215094, -8.277269559640084, -9.955961918769598, 11.044003781493284, 0.0, 0.0, 0.0, 0.0, 0.0, 0.0
3.0376102924346924, 43.644418479660736, 0.9217679814219136, 15.692743173215094, -8.277269559640084, -9.955961918769598, 11.044003781493284, 0.0, 0.0, 0.0, 0.0, 0.0, 0.0
3.049499750137329, 43.644418479660736, 0.9217679814219136, 15.692743173215094, -8.277269559640084, -9.955961918769598, 11.044003781493284, 0.0, 0.0, 0.0, 0.0, 0.0, 0.0
3.0557303428649902, 43.644418479660736, 0.9217679814219136, 15.692743173215094, -8.277269559640084, -9.955961918769598, 11.044003781493284, 0.0, 0.0, 0.0, 0.0, 0.0, 0.0
3.069716453552246, 43.644418479660736, 0.9217679814219136, 15.692743173215094, -8.277269559640084, -9.955961918769598, 11.044003781493284, 0.0, 0.0, 0.0, 0.0, 0.0, 0.0
3.07585072517395, 43.644418479660736, 0.9217679814219136, 15.692743173215094, -8.277269559640084, -9.955961918769598, 11.044003781493284, 0.0, 0.0, 0.0, 0.0, 0.0, 0.0
3.0898289680480957, 43.644418479660736, 0.9217679814219136, 15.692743173215094, -8.277269559640084, -9.955961918769598, 11.044003781493284, 0.0, 0.0, 0.0, 0.0, 0.0, 0.0
3.096100330352783, 43.644418479660736, 0.9217679814219136, 15.692743173215094, -8.277269559640084, -9.955961918769598, 11.044003781493284, 0.0, 0.0, 0.0, 0.0, 0.0, 0.0
3.1100049018859863, 43.644418479660736, 0.9217679814219136, 15.692743173215094, -8.277269559640084, -9.955961918769598, 11.044003781493284, 0.0, 0.0, 0.0, 0.0, 0.0, 0.0
3.116112470626831, 43.644418479660736, 0.9217679814219136, 15.692743173215094, -8.277269559640084, -9.955961918769598, 11.044003781493284, 0.0, 0.0, 0.0, 0.0, 0.0, 0.0
3.1301472187042236, 43.644418479660736, 0.9217679814219136, 15.692743173215094, -8.277269559640084, -9.955961918769598, 11.044003781493284, 0.0, 0.0, 0.0, 0.0, 0.0, 0.0
3.1363003253936768, 43.644418479660736, 0.9217679814219136, 15.692743173215094, -8.277269559640084, -9.955961918769598, 11.044003781493284, 0.0, 0.0, 0.0, 0.0, 0.0, 0.0
3.1498405933380127, 43.644418479660736, 0.9217679814219136, 15.692743173215094, -8.277269559640084, -9.955961918769598, 11.044003781493284, 0.0, 0.0, 0.0, 0.0, 0.0, 0.0
3.1558268070220947, 43.644418479660736, 0.9217679814219136, 15.692743173215094, -8.277269559640084, -9.955961918769598, 11.044003781493284, 0.0, 0.0, 0.0, 0.0, 0.0, 0.0
3.169888496398926, 43.644418479660736, 0.9217679814219136, 15.692743173215094, -8.277269559640084, -9.955961918769598, 11.044003781493284, 0.0, 0.0, 0.0, 0.0, 0.0, 0.0
3.1760265827178955, 43.644418479660736, 0.9217679814219136, 15.692743173215094, -8.277269559640084, -9.955961918769598, 11.044003781493284, 0.0, 0.0, 0.0, 0.0, 0.0, 0.0
3.1896095275878906, 43.644418479660736, 0.9217679814219136, 15.692743173215094, -8.277269559640084, -9.955961918769598, 11.044003781493284, 0.0, 0.0, 0.0, 0.0, 0.0, 0.0
3.195549488067627, 43.644418479660736, 0.9217679814219136, 15.692743173215094, -8.277269559640084, -9.955961918769598, 11.044003781493284, 0.0, 0.0, 0.0, 0.0, 0.0, 0.0
3.209888458251953, 43.644418479660736, 0.9217679814219136, 15.692743173215094, -8.277269559640084, -9.955961918769598, 11.044003781493284, 0.0, 0.0, 0.0, 0.0, 0.0, 0.0
3.2159159183502197, 43.644418479660736, 0.9217679814219136, 15.692743173215094, -8.277269559640084, -9.955961918769598, 11.044003781493284, 0.0, 0.0, 0.0, 0.0, 0.0, 0.0
3.2300195693969727, 43.644418479660736, 0.9217679814219136, 15.692743173215094, -8.277269559640084, -9.955961918769598, 11.044003781493284, 0.0, 0.0, 0.0, 0.0, 0.0, 0.0
3.236130952835083, 43.644418479660736, 0.9217679814219136, 15.692743173215094, -8.277269559640084, -9.955961918769598, 11.044003781493284, 0.0, 0.0, 0.0, 0.0, 0.0, 0.0
3.2492644786834717, 43.644418479660736, 0.9217679814219136, 15.692743173215094, -8.277269559640084, -9.955961918769598, 11.044003781493284, 0.0, 0.0, 0.0, 0.0, 0.0, 0.0
3.2555811405181885, 43.644418479660736, 0.9217679814219136, 15.692743173215094, -8.277269559640084, -9.955961918769598, 11.044003781493284, 0.0, 0.0, 0.0, 0.0, 0.0, 0.0
3.269700050354004, 43.644418479660736, 0.9217679814219136, 15.692743173215094, -8.277269559640084, -9.955961918769598, 11.044003781493284, 0.0, 0.0, 0.0, 0.0, 0.0, 0.0
3.2761030197143555, 43.644418479660736, 0.9217679814219136, 15.692743173215094, -8.277269559640084, -9.955961918769598, 11.044003781493284, 0.0, 0.0, 0.0, 0.0, 0.0, 0.0
3.2900421619415283, 43.644418479660736, 0.9217679814219136, 15.692743173215094, -8.277269559640084, -9.955961918769598, 11.044003781493284, 0.0, 0.0, 0.0, 0.0, 0.0, 0.0
3.2961411476135254, 43.644418479660736, 0.9217679814219136, 15.692743173215094, -8.277269559640084, -9.955961918769598, 11.044003781493284, 0.0, 0.0, 0.0, 0.0, 0.0, 0.0
3.310180902481079, 43.644418479660736, 0.9217679814219136, 15.692743173215094, -8.277269559640084, -9.955961918769598, 11.044003781493284, 0.0, 0.0, 0.0, 0.0, 0.0, 0.0
3.3163905143737793, 43.644418479660736, 0.9217679814219136, 15.692743173215094, -8.277269559640084, -9.955961918769598, 11.044003781493284, 0.0, 0.0, 0.0, 0.0, 0.0, 0.0
3.3293039798736572, 43.644418479660736, 0.9217679814219136, 15.692743173215094, -8.277269559640084, -9.955961918769598, 11.044003781493284, 0.0, 0.0, 0.0, 0.0, 0.0, 0.0
3.33539080619812, 43.644418479660736, 0.9217679814219136, 15.692743173215094, -8.277269559640084, -9.955961918769598, 11.044003781493284, 0.0, 0.0, 0.0, 0.0, 0.0, 0.0
3.3495025634765625, 43.644418479660736, 0.9217679814219136, 15.692743173215094, -8.277269559640084, -9.955961918769598, 11.044003781493284, 0.0, 0.0, 0.0, 0.0, 0.0, 0.0
3.355705976486206, 43.644418479660736, 0.9217679814219136, 15.692743173215094, -8.277269559640084, -9.955961918769598, 11.044003781493284, 0.0, 0.0, 0.0, 0.0, 0.0, 0.0
3.3695907592773438, 43.644418479660736, 0.9217679814219136, 15.692743173215094, -8.277269559640084, -9.955961918769598, 11.044003781493284, 0.0, 0.0, 0.0, 0.0, 0.0, 0.0
3.376035213470459, 43.644418479660736, 0.9217679814219136, 15.692743173215094, -8.277269559640084, -9.955961918769598, 11.044003781493284, 0.0, 0.0, 0.0, 0.0, 0.0, 0.0
3.389955520629883, 43.644418479660736, 0.9217679814219136, 15.692743173215094, -8.277269559640084, -9.955961918769598, 11.044003781493284, 0.0, 0.0, 0.0, 0.0, 0.0, 0.0
3.3962292671203613, 43.644418479660736, 0.9217679814219136, 15.692743173215094, -8.277269559640084, -9.955961918769598, 11.044003781493284, 0.0, 0.0, 0.0, 0.0, 0.0, 0.0
3.4090826511383057, 43.644418479660736, 0.9217679814219136, 15.692743173215094, -8.277269559640084, -9.955961918769598, 11.044003781493284, 0.0, 0.0, 0.0, 0.0, 0.0, 0.0
3.415318489074707, 43.644418479660736, 0.9217679814219136, 15.692743173215094, -8.277269559640084, -9.955961918769598, 11.044003781493284, 0.0, 0.0, 0.0, 0.0, 0.0, 0.0
3.429388999938965, 43.644418479660736, 0.9217679814219136, 15.692743173215094, -8.277269559640084, -9.955961918769598, 11.044003781493284, 0.0, 0.0, 0.0, 0.0, 0.0, 0.0
3.4355645179748535, 43.644418479660736, 0.9217679814219136, 15.692743173215094, -8.277269559640084, -9.955961918769598, 11.044003781493284, 0.0, 0.0, 0.0, 0.0, 0.0, 0.0
3.4494118690490723, 43.644418479660736, 0.9217679814219136, 15.692743173215094, -8.277269559640084, -9.955961918769598, 11.044003781493284, 0.0, 0.0, 0.0, 0.0, 0.0, 0.0
3.455453872680664, 43.644418479660736, 0.9217679814219136, 15.692743173215094, -8.277269559640084, -9.955961918769598, 11.044003781493284, 0.0, 0.0, 0.0, 0.0, 0.0, 0.0
3.4693331718444824, 43.644418479660736, 0.9217679814219136, 15.692743173215094, -8.277269559640084, -9.955961918769598, 11.044003781493284, 0.0, 0.0, 0.0, 0.0, 0.0, 0.0
3.4754698276519775, 43.644418479660736, 0.9217679814219136, 15.692743173215094, -8.277269559640084, -9.955961918769598, 11.044003781493284, 0.0, 0.0, 0.0, 0.0, 0.0, 0.0
3.489351272583008, 43.644418479660736, 0.9217679814219136, 15.692743173215094, -8.277269559640084, -9.955961918769598, 11.044003781493284, 0.0, 0.0, 0.0, 0.0, 0.0, 0.0
3.4954185485839844, 43.644418479660736, 0.9217679814219136, 15.692743173215094, -8.277269559640084, -9.955961918769598, 11.044003781493284, 0.0, 0.0, 0.0, 0.0, 0.0, 0.0
3.509268045425415, 43.644418479660736, 0.9217679814219136, 15.692743173215094, -8.277269559640084, -9.955961918769598, 11.044003781493284, 0.0, 0.0, 0.0, 0.0, 0.0, 0.0
3.5154166221618652, 43.644418479660736, 0.9217679814219136, 15.692743173215094, -8.277269559640084, -9.955961918769598, 11.044003781493284, 0.0, 0.0, 0.0, 0.0, 0.0, 0.0
3.5293262004852295, 43.644418479660736, 0.9217679814219136, 15.692743173215094, -8.277269559640084, -9.955961918769598, 11.044003781493284, 0.0, 0.0, 0.0, 0.0, 0.0, 0.0
3.5353922843933105, 43.644418479660736, 0.9217679814219136, 15.692743173215094, -8.277269559640084, -9.955961918769598, 11.044003781493284, 0.0, 0.0, 0.0, 0.0, 0.0, 0.0
3.5492379665374756, 43.644418479660736, 0.9217679814219136, 15.692743173215094, -8.277269559640084, -9.955961918769598, 11.044003781493284, 0.0, 0.0, 0.0, 0.0, 0.0, 0.0
3.555514097213745, 43.644418479660736, 0.9217679814219136, 15.692743173215094, -8.277269559640084, -9.955961918769598, 11.044003781493284, 0.0, 0.0, 0.0, 0.0, 0.0, 0.0
3.5693321228027344, 43.644418479660736, 0.9217679814219136, 15.692743173215094, -8.277269559640084, -9.955961918769598, 11.044003781493284, 0.0, 0.0, 0.0, 0.0, 0.0, 0.0
3.5753116607666016, 43.644418479660736, 0.9217679814219136, 15.692743173215094, -8.277269559640084, -9.955961918769598, 11.044003781493284, 0.0, 0.0, 0.0, 0.0, 0.0, 0.0
3.5889699459075928, 43.644418479660736, 0.9217679814219136, 15.692743173215094, -8.277269559640084, -9.955961918769598, 11.044003781493284, 0.0, 0.0, 0.0, 0.0, 0.0, 0.0
3.595241069793701, 43.644418479660736, 0.9217679814219136, 15.692743173215094, -8.277269559640084, -9.955961918769598, 11.044003781493284, 0.0, 0.0, 0.0, 0.0, 0.0, 0.0
3.609282970428467, 43.644418479660736, 0.9217679814219136, 15.692743173215094, -8.277269559640084, -9.955961918769598, 11.044003781493284, 0.0, 0.0, 0.0, 0.0, 0.0, 0.0
3.6152799129486084, 43.644418479660736, 0.9217679814219136, 15.692743173215094, -8.277269559640084, -9.955961918769598, 11.044003781493284, 0.0, 0.0, 0.0, 0.0, 0.0, 0.0
3.6298906803131104, 43.644418479660736, 0.9217679814219136, 15.692743173215094, -8.277269559640084, -9.955961918769598, 11.044003781493284, 0.0, 0.0, 0.0, 0.0, 0.0, 0.0
3.636044502258301, 43.644418479660736, 0.9217679814219136, 15.692743173215094, -8.277269559640084, -9.955961918769598, 11.044003781493284, 0.0, 0.0, 0.0, 0.0, 0.0, 0.0
3.6669092178344727, 43.644418479660736, 0.9217679814219136, 15.692743173215094, -8.277269559640084, -9.955961918769598, 11.044003781493284, 0.0, 0.0, 0.0, 0.0, 0.0, 0.0
3.6776316165924072, 43.644418479660736, 0.9217679814219136, 15.692743173215094, -8.277269559640084, -9.955961918769598, 11.044003781493284, 0.0, 0.0, 0.0, 0.0, 0.0, 0.0
3.6906800270080566, 43.644418479660736, 0.9217679814219136, 15.692743173215094, -8.277269559640084, -9.955961918769598, 11.044003781493284, 0.0, 0.0, 0.0, 0.0, 0.0, 0.0
3.696934461593628, 43.644418479660736, 0.9217679814219136, 15.692743173215094, -8.277269559640084, -9.955961918769598, 11.044003781493284, 0.0, 0.0, 0.0, 0.0, 0.0, 0.0
3.7096807956695557, 43.644418479660736, 0.9217679814219136, 15.692743173215094, -8.277269559640084, -9.955961918769598, 11.044003781493284, 0.0, 0.0, 0.0, 0.0, 0.0, 0.0
3.715806722640991, 43.644418479660736, 0.9217679814219136, 15.692743173215094, -8.277269559640084, -9.955961918769598, 11.044003781493284, 0.0, 0.0, 0.0, 0.0, 0.0, 0.0
3.7299180030822754, 43.644418479660736, 0.9217679814219136, 15.692743173215094, -8.277269559640084, -9.955961918769598, 11.044003781493284, 0.0, 0.0, 0.0, 0.0, 0.0, 0.0
3.736046314239502, 43.644418479660736, 0.9217679814219136, 15.692743173215094, -8.277269559640084, -9.955961918769598, 11.044003781493284, 0.0, 0.0, 0.0, 0.0, 0.0, 0.0
3.749526262283325, 43.644418479660736, 0.9217679814219136, 15.692743173215094, -8.277269559640084, -9.955961918769598, 11.044003781493284, 0.0, 0.0, 0.0, 0.0, 0.0, 0.0
3.755751848220825, 43.644418479660736, 0.9217679814219136, 15.692743173215094, -8.277269559640084, -9.955961918769598, 11.044003781493284, 0.0, 0.0, 0.0, 0.0, 0.0, 0.0
3.780790328979492, 43.644418479660736, 0.9217679814219136, 15.692743173215094, -8.277269559640084, -9.955961918769598, 11.044003781493284, 0.0, 0.0, 0.0, 0.0, 0.0, 0.0
3.7951860427856445, 43.644418479660736, 0.9217679814219136, 15.692743173215094, -8.277269559640084, -9.955961918769598, 11.044003781493284, 0.0, 0.0, 0.0, 0.0, 0.0, 0.0
3.8104755878448486, 43.644418479660736, 0.9217679814219136, 15.692743173215094, -8.277269559640084, -9.955961918769598, 11.044003781493284, 0.0, 0.0, 0.0, 0.0, 0.0, 0.0
3.817476749420166, 43.644418479660736, 0.9217679814219136, 15.692743173215094, -8.277269559640084, -9.955961918769598, 11.044003781493284, 0.0, 0.0, 0.0, 0.0, 0.0, 0.0
3.828232526779175, 43.644418479660736, 0.9217679814219136, 15.692743173215094, -8.277269559640084, -9.955961918769598, 11.044003781493284, 0.0, 0.0, 0.0, 0.0, 0.0, 0.0
3.8343300819396973, 43.644418479660736, 0.9217679814219136, 15.692743173215094, -8.277269559640084, -9.955961918769598, 11.044003781493284, 0.0, 0.0, 0.0, 0.0, 0.0, 0.0
3.8454225063323975, 43.644418479660736, 0.9217679814219136, 15.692743173215094, -8.277269559640084, -9.955961918769598, 11.044003781493284, 0.0, 0.0, 0.0, 0.0, 0.0, 0.0
3.8515710830688477, 43.644418479660736, 0.9217679814219136, 15.692743173215094, -8.277269559640084, -9.955961918769598, 11.044003781493284, 0.0, 0.0, 0.0, 0.0, 0.0, 0.0
3.8622612953186035, 43.644418479660736, 0.9217679814219136, 15.692743173215094, -8.277269559640084, -9.955961918769598, 11.044003781493284, 0.0, 0.0, 0.0, 0.0, 0.0, 0.0
3.8683431148529053, 43.644418479660736, 0.9217679814219136, 15.692743173215094, -8.277269559640084, -9.955961918769598, 11.044003781493284, 0.0, 0.0, 0.0, 0.0, 0.0, 0.0
3.879122734069824, 43.644418479660736, 0.9217679814219136, 15.692743173215094, -8.277269559640084, -9.955961918769598, 11.044003781493284, 0.0, 0.0, 0.0, 0.0, 0.0, 0.0
3.8851876258850098, 43.644418479660736, 0.9217679814219136, 15.692743173215094, -8.277269559640084, -9.955961918769598, 11.044003781493284, 0.0, 0.0, 0.0, 0.0, 0.0, 0.0
3.8959555625915527, 43.644418479660736, 0.9217679814219136, 15.692743173215094, -8.277269559640084, -9.955961918769598, 11.044003781493284, 0.0, 0.0, 0.0, 0.0, 0.0, 0.0
3.902047634124756, 43.644418479660736, 0.9217679814219136, 15.692743173215094, -8.277269559640084, -9.955961918769598, 11.044003781493284, 0.0, 0.0, 0.0, 0.0, 0.0, 0.0
3.9128384590148926, 43.644418479660736, 0.9217679814219136, 15.692743173215094, -8.277269559640084, -9.955961918769598, 11.044003781493284, 0.0, 0.0, 0.0, 0.0, 0.0, 0.0
3.9189324378967285, 43.644418479660736, 0.9217679814219136, 15.692743173215094, -8.277269559640084, -9.955961918769598, 11.044003781493284, 0.0, 0.0, 0.0, 0.0, 0.0, 0.0
3.9297571182250977, 43.644418479660736, 0.9217679814219136, 15.692743173215094, -8.277269559640084, -9.955961918769598, 11.044003781493284, 0.0, 0.0, 0.0, 0.0, 0.0, 0.0
3.936006784439087, 43.644418479660736, 0.9217679814219136, 15.692743173215094, -8.277269559640084, -9.955961918769598, 11.044003781493284, 0.0, 0.0, 0.0, 0.0, 0.0, 0.0
3.958772897720337, 43.644418479660736, 0.9217679814219136, 15.692743173215094, -8.277269559640084, -9.955961918769598, 11.044003781493284, 0.0, 0.0, 0.0, 0.0, 0.0, 0.0
3.9677553176879883, 43.644418479660736, 0.9217679814219136, 15.692743173215094, -8.277269559640084, -9.955961918769598, 11.044003781493284, 0.0, 0.0, 0.0, 0.0, 0.0, 0.0
3.979513645172119, 43.644418479660736, 0.9217679814219136, 15.692743173215094, -8.277269559640084, -9.955961918769598, 11.044003781493284, 0.0, 0.0, 0.0, 0.0, 0.0, 0.0
3.9857375621795654, 43.644418479660736, 0.9217679814219136, 15.692743173215094, -8.277269559640084, -9.955961918769598, 11.044003781493284, 0.0, 0.0, 0.0, 0.0, 0.0, 0.0
3.9967708587646484, 43.644418479660736, 0.9217679814219136, 15.692743173215094, -8.277269559640084, -9.955961918769598, 11.044003781493284, 0.0, 0.0, 0.0, 0.0, 0.0, 0.0
4.002918004989624, 43.644418479660736, 0.9217679814219136, 15.692743173215094, -8.277269559640084, -9.955961918769598, 11.044003781493284, 0.0, 0.0, 0.0, 0.0, 0.0, 0.0
4.014019727706909, 43.644418479660736, 0.9217679814219136, 15.692743173215094, -8.277269559640084, -9.955961918769598, 11.044003781493284, 0.0, 0.0, 0.0, 0.0, 0.0, 0.0
4.020130634307861, 43.644418479660736, 0.9217679814219136, 15.692743173215094, -8.277269559640084, -9.955961918769598, 11.044003781493284, 0.0, 0.0, 0.0, 0.0, 0.0, 0.0
4.031195878982544, 43.644418479660736, 0.9217679814219136, 15.692743173215094, -8.277269559640084, -9.955961918769598, 11.044003781493284, 0.0, 0.0, 0.0, 0.0, 0.0, 0.0
4.037320852279663, 43.644418479660736, 0.9217679814219136, 15.692743173215094, -8.277269559640084, -9.955961918769598, 11.044003781493284, 0.0, 0.0, 0.0, 0.0, 0.0, 0.0
4.050346374511719, 43.644418479660736, 0.9217679814219136, 15.692743173215094, -8.277269559640084, -9.955961918769598, 11.044003781493284, 0.0, 0.0, 0.0, 0.0, 0.0, 0.0
4.056595087051392, 43.644418479660736, 0.9217679814219136, 15.692743173215094, -8.277269559640084, -9.955961918769598, 11.044003781493284, 0.0, 0.0, 0.0, 0.0, 0.0, 0.0
4.070251941680908, 43.644418479660736, 0.9217679814219136, 15.692743173215094, -8.277269559640084, -9.955961918769598, 11.044003781493284, 0.0, 0.0, 0.0, 0.0, 0.0, 0.0
4.076483726501465, 43.644418479660736, 0.9217679814219136, 15.692743173215094, -8.277269559640084, -9.955961918769598, 11.044003781493284, 0.0, 0.0, 0.0, 0.0, 0.0, 0.0
4.090655326843262, 43.644418479660736, 0.9217679814219136, 15.692743173215094, -8.277269559640084, -9.955961918769598, 11.044003781493284, 0.0, 0.0, 0.0, 0.0, 0.0, 0.0
4.096755504608154, 43.644418479660736, 0.9217679814219136, 15.692743173215094, -8.277269559640084, -9.955961918769598, 11.044003781493284, 0.0, 0.0, 0.0, 0.0, 0.0, 0.0
4.1096765995025635, 43.644418479660736, 0.9217679814219136, 15.692743173215094, -8.277269559640084, -9.955961918769598, 11.044003781493284, 0.0, 0.0, 0.0, 0.0, 0.0, 0.0
4.115887403488159, 43.644418479660736, 0.9217679814219136, 15.692743173215094, -8.277269559640084, -9.955961918769598, 11.044003781493284, 0.0, 0.0, 0.0, 0.0, 0.0, 0.0
4.138940095901489, 43.644418479660736, 0.9217679814219136, 15.692743173215094, -8.277269559640084, -9.955961918769598, 11.044003781493284, 0.0, 0.0, 0.0, 0.0, 0.0, 0.0
4.148075103759766, 43.644418479660736, 0.9217679814219136, 15.692743173215094, -8.277269559640084, -9.955961918769598, 11.044003781493284, 0.0, 0.0, 0.0, 0.0, 0.0, 0.0
4.160579442977905, 43.644418479660736, 0.9217679814219136, 15.692743173215094, -8.277269559640084, -9.955961918769598, 11.044003781493284, 0.0, 0.0, 0.0, 0.0, 0.0, 0.0
4.166831970214844, 43.644418479660736, 0.9217679814219136, 15.692743173215094, -8.277269559640084, -9.955961918769598, 11.044003781493284, 0.0, 0.0, 0.0, 0.0, 0.0, 0.0
4.1778388023376465, 43.644418479660736, 0.9217679814219136, 15.692743173215094, -8.277269559640084, -9.955961918769598, 11.044003781493284, 0.0, 0.0, 0.0, 0.0, 0.0, 0.0
4.183938980102539, 43.644418479660736, 0.9217679814219136, 15.692743173215094, -8.277269559640084, -9.955961918769598, 11.044003781493284, 0.0, 0.0, 0.0, 0.0, 0.0, 0.0
4.1950600147247314, 43.644418479660736, 0.9217679814219136, 15.692743173215094, -8.277269559640084, -9.955961918769598, 11.044003781493284, 0.0, 0.0, 0.0, 0.0, 0.0, 0.0
4.201188087463379, 43.644418479660736, 0.9217679814219136, 15.692743173215094, -8.277269559640084, -9.955961918769598, 11.044003781493284, 0.0, 0.0, 0.0, 0.0, 0.0, 0.0
4.212169647216797, 43.644418479660736, 0.9217679814219136, 15.692743173215094, -8.277269559640084, -9.955961918769598, 11.044003781493284, 0.0, 0.0, 0.0, 0.0, 0.0, 0.0
4.218275547027588, 43.644418479660736, 0.9217679814219136, 15.692743173215094, -8.277269559640084, -9.955961918769598, 11.044003781493284, 0.0, 0.0, 0.0, 0.0, 0.0, 0.0
4.230273246765137, 43.644418479660736, 0.9217679814219136, 15.692743173215094, -8.277269559640084, -9.955961918769598, 11.044003781493284, 0.0, 0.0, 0.0, 0.0, 0.0, 0.0
4.2363691329956055, 43.644418479660736, 0.9217679814219136, 15.692743173215094, -8.277269559640084, -9.955961918769598, 11.044003781493284, 0.0, 0.0, 0.0, 0.0, 0.0, 0.0
4.250401735305786, 43.644418479660736, 0.9217679814219136, 15.692743173215094, -8.277269559640084, -9.955961918769598, 11.044003781493284, 0.0, 0.0, 0.0, 0.0, 0.0, 0.0
4.256946802139282, 43.644418479660736, 0.9217679814219136, 15.692743173215094, -8.277269559640084, -9.955961918769598, 11.044003781493284, 0.0, 0.0, 0.0, 0.0, 0.0, 0.0
4.269691467285156, 43.644418479660736, 0.9217679814219136, 15.692743173215094, -8.277269559640084, -9.955961918769598, 11.044003781493284, 0.0, 0.0, 0.0, 0.0, 0.0, 0.0
4.275895595550537, 43.644418479660736, 0.9217679814219136, 15.692743173215094, -8.277269559640084, -9.955961918769598, 11.044003781493284, 0.0, 0.0, 0.0, 0.0, 0.0, 0.0
4.298935413360596, 43.644418479660736, 0.9217679814219136, 15.692743173215094, -8.277269559640084, -9.955961918769598, 11.044003781493284, 0.0, 0.0, 0.0, 0.0, 0.0, 0.0
4.30820369720459, 43.644418479660736, 0.9217679814219136, 15.692743173215094, -8.277269559640084, -9.955961918769598, 11.044003781493284, 0.0, 0.0, 0.0, 0.0, 0.0, 0.0
4.320096969604492, 43.644418479660736, 0.9217679814219136, 15.692743173215094, -8.277269559640084, -9.955961918769598, 11.044003781493284, 0.0, 0.0, 0.0, 0.0, 0.0, 0.0
4.326347827911377, 43.644418479660736, 0.9217679814219136, 15.692743173215094, -8.277269559640084, -9.955961918769598, 11.044003781493284, 0.0, 0.0, 0.0, 0.0, 0.0, 0.0
4.337342023849487, 43.644418479660736, 0.9217679814219136, 15.692743173215094, -8.277269559640084, -9.955961918769598, 11.044003781493284, 0.0, 0.0, 0.0, 0.0, 0.0, 0.0
4.343596935272217, 43.644418479660736, 0.9217679814219136, 15.692743173215094, -8.277269559640084, -9.955961918769598, 11.044003781493284, 0.0, 0.0, 0.0, 0.0, 0.0, 0.0
4.354413747787476, 43.644418479660736, 0.9217679814219136, 15.692743173215094, -8.277269559640084, -9.955961918769598, 11.044003781493284, 0.0, 0.0, 0.0, 0.0, 0.0, 0.0
4.360629081726074, 43.644418479660736, 0.9217679814219136, 15.692743173215094, -8.277269559640084, -9.955961918769598, 11.044003781493284, 0.0, 0.0, 0.0, 0.0, 0.0, 0.0
4.37167763710022, 43.644418479660736, 0.9217679814219136, 15.692743173215094, -8.277269559640084, -9.955961918769598, 11.044003781493284, 0.0, 0.0, 0.0, 0.0, 0.0, 0.0
4.3778369426727295, 43.644418479660736, 0.9217679814219136, 15.692743173215094, -8.277269559640084, -9.955961918769598, 11.044003781493284, 0.0, 0.0, 0.0, 0.0, 0.0, 0.0
4.389761209487915, 43.644418479660736, 0.9217679814219136, 15.692743173215094, -8.277269559640084, -9.955961918769598, 11.044003781493284, 0.0, 0.0, 0.0, 0.0, 0.0, 0.0
4.3956427574157715, 43.644418479660736, 0.9217679814219136, 15.692743173215094, -8.277269559640084, -9.955961918769598, 11.044003781493284, 0.0, 0.0, 0.0, 0.0, 0.0, 0.0
4.4190638065338135, 43.644418479660736, 0.9217679814219136, 15.692743173215094, -8.277269559640084, -9.955961918769598, 11.044003781493284, 0.0, 0.0, 0.0, 0.0, 0.0, 0.0
4.4284892082214355, 43.644418479660736, 0.9217679814219136, 15.692743173215094, -8.277269559640084, -9.955961918769598, 11.044003781493284, 0.0, 0.0, 0.0, 0.0, 0.0, 0.0
4.440706014633179, 43.644418479660736, 0.9217679814219136, 15.692743173215094, -8.277269559640084, -9.955961918769598, 11.044003781493284, 0.0, 0.0, 0.0, 0.0, 0.0, 0.0
4.446816444396973, 43.644418479660736, 0.9217679814219136, 15.692743173215094, -8.277269559640084, -9.955961918769598, 11.044003781493284, 0.0, 0.0, 0.0, 0.0, 0.0, 0.0
4.4584105014801025, 43.644418479660736, 0.9217679814219136, 15.692743173215094, -8.277269559640084, -9.955961918769598, 11.044003781493284, 0.0, 0.0, 0.0, 0.0, 0.0, 0.0
4.464548587799072, 43.644418479660736, 0.9217679814219136, 15.692743173215094, -8.277269559640084, -9.955961918769598, 11.044003781493284, 0.0, 0.0, 0.0, 0.0, 0.0, 0.0
4.4756104946136475, 43.644418479660736, 0.9217679814219136, 15.692743173215094, -8.277269559640084, -9.955961918769598, 11.044003781493284, 0.0, 0.0, 0.0, 0.0, 0.0, 0.0
4.481840133666992, 43.644418479660736, 0.9217679814219136, 15.692743173215094, -8.277269559640084, -9.955961918769598, 11.044003781493284, 0.0, 0.0, 0.0, 0.0, 0.0, 0.0
4.492868900299072, 43.644418479660736, 0.9217679814219136, 15.692743173215094, -8.277269559640084, -9.955961918769598, 11.044003781493284, 0.0, 0.0, 0.0, 0.0, 0.0, 0.0
4.498978853225708, 43.644418479660736, 0.9217679814219136, 15.692743173215094, -8.277269559640084, -9.955961918769598, 11.044003781493284, 0.0, 0.0, 0.0, 0.0, 0.0, 0.0
4.5100791454315186, 43.644418479660736, 0.9217679814219136, 15.692743173215094, -8.277269559640084, -9.955961918769598, 11.044003781493284, 0.0, 0.0, 0.0, 0.0, 0.0, 0.0
4.516197443008423, 43.644418479660736, 0.9217679814219136, 15.692743173215094, -8.277269559640084, -9.955961918769598, 11.044003781493284, 0.0, 0.0, 0.0, 0.0, 0.0, 0.0
4.529968023300171, 43.644418479660736, 0.9217679814219136, 15.692743173215094, -8.277269559640084, -9.955961918769598, 11.044003781493284, 0.0, 0.0, 0.0, 0.0, 0.0, 0.0
4.536058664321899, 43.644418479660736, 0.9217679814219136, 15.692743173215094, -8.277269559640084, -9.955961918769598, 11.044003781493284, 0.0, 0.0, 0.0, 0.0, 0.0, 0.0
4.5500547885894775, 43.644418479660736, 0.9217679814219136, 15.692743173215094, -8.277269559640084, -9.955961918769598, 11.044003781493284, 0.0, 0.0, 0.0, 0.0, 0.0, 0.0
4.556281566619873, 43.644418479660736, 0.9217679814219136, 15.692743173215094, -8.277269559640084, -9.955961918769598, 11.044003781493284, 0.0, 0.0, 0.0, 0.0, 0.0, 0.0
4.570081472396851, 43.644418479660736, 0.9217679814219136, 15.692743173215094, -8.277269559640084, -9.955961918769598, 11.044003781493284, 0.0, 0.0, 0.0, 0.0, 0.0, 0.0
4.576350450515747, 43.644418479660736, 0.9217679814219136, 15.692743173215094, -8.277269559640084, -9.955961918769598, 11.044003781493284, 0.0, 0.0, 0.0, 0.0, 0.0, 0.0
4.59053373336792, 43.644418479660736, 0.9217679814219136, 15.692743173215094, -8.277269559640084, -9.955961918769598, 11.044003781493284, 0.0, 0.0, 0.0, 0.0, 0.0, 0.0
4.596628904342651, 43.644418479660736, 0.9217679814219136, 15.692743173215094, -8.277269559640084, -9.955961918769598, 11.044003781493284, 0.0, 0.0, 0.0, 0.0, 0.0, 0.0
4.609554052352905, 43.644418479660736, 0.9217679814219136, 15.692743173215094, -8.277269559640084, -9.955961918769598, 11.044003781493284, 0.0, 0.0, 0.0, 0.0, 0.0, 0.0
4.61575722694397, 43.644418479660736, 0.9217679814219136, 15.692743173215094, -8.277269559640084, -9.955961918769598, 11.044003781493284, 0.0, 0.0, 0.0, 0.0, 0.0, 0.0
4.638828754425049, 43.644418479660736, 0.9217679814219136, 15.692743173215094, -8.277269559640084, -9.955961918769598, 11.044003781493284, 0.0, 0.0, 0.0, 0.0, 0.0, 0.0
4.648008584976196, 43.644418479660736, 0.9217679814219136, 15.692743173215094, -8.277269559640084, -9.955961918769598, 11.044003781493284, 0.0, 0.0, 0.0, 0.0, 0.0, 0.0
4.659988641738892, 43.644418479660736, 0.9217679814219136, 15.692743173215094, -8.277269559640084, -9.955961918769598, 11.044003781493284, 0.0, 0.0, 0.0, 0.0, 0.0, 0.0
4.666223764419556, 43.644418479660736, 0.9217679814219136, 15.692743173215094, -8.277269559640084, -9.955961918769598, 11.044003781493284, 0.0, 0.0, 0.0, 0.0, 0.0, 0.0
4.6772682666778564, 43.644418479660736, 0.9217679814219136, 15.692743173215094, -8.277269559640084, -9.955961918769598, 11.044003781493284, 0.0, 0.0, 0.0, 0.0, 0.0, 0.0
4.683358669281006, 43.644418479660736, 0.9217679814219136, 15.692743173215094, -8.277269559640084, -9.955961918769598, 11.044003781493284, 0.0, 0.0, 0.0, 0.0, 0.0, 0.0
4.69472599029541, 43.644418479660736, 0.9217679814219136, 15.692743173215094, -8.277269559640084, -9.955961918769598, 11.044003781493284, 0.0, 0.0, 0.0, 0.0, 0.0, 0.0
4.700819969177246, 43.644418479660736, 0.9217679814219136, 15.692743173215094, -8.277269559640084, -9.955961918769598, 11.044003781493284, 0.0, 0.0, 0.0, 0.0, 0.0, 0.0
4.711791276931763, 43.644418479660736, 0.9217679814219136, 15.692743173215094, -8.277269559640084, -9.955961918769598, 11.044003781493284, 0.0, 0.0, 0.0, 0.0, 0.0, 0.0
4.71790623664856, 43.644418479660736, 0.9217679814219136, 15.692743173215094, -8.277269559640084, -9.955961918769598, 11.044003781493284, 0.0, 0.0, 0.0, 0.0, 0.0, 0.0
4.729753494262695, 43.644418479660736, 0.9217679814219136, 15.692743173215094, -8.277269559640084, -9.955961918769598, 11.044003781493284, 0.0, 0.0, 0.0, 0.0, 0.0, 0.0
4.735807418823242, 43.644418479660736, 0.9217679814219136, 15.692743173215094, -8.277269559640084, -9.955961918769598, 11.044003781493284, 0.0, 0.0, 0.0, 0.0, 0.0, 0.0
4.76125431060791, 43.644418479660736, 0.9217679814219136, 15.692743173215094, -8.277269559640084, -9.955961918769598, 11.044003781493284, 0.0, 0.0, 0.0, 0.0, 0.0, 0.0
4.7705419063568115, 43.644418479660736, 0.9217679814219136, 15.692743173215094, -8.277269559640084, -9.955961918769598, 11.044003781493284, 0.0, 0.0, 0.0, 0.0, 0.0, 0.0
4.783004283905029, 43.644418479660736, 0.9217679814219136, 15.692743173215094, -8.277269559640084, -9.955961918769598, 11.044003781493284, 0.0, 0.0, 0.0, 0.0, 0.0, 0.0
4.789069175720215, 43.644418479660736, 0.9217679814219136, 15.692743173215094, -8.277269559640084, -9.955961918769598, 11.044003781493284, 0.0, 0.0, 0.0, 0.0, 0.0, 0.0
4.799918174743652, 43.644418479660736, 0.9217679814219136, 15.692743173215094, -8.277269559640084, -9.955961918769598, 11.044003781493284, 0.0, 0.0, 0.0, 0.0, 0.0, 0.0
4.80588960647583, 43.644418479660736, 0.9217679814219136, 15.692743173215094, -8.277269559640084, -9.955961918769598, 11.044003781493284, 0.0, 0.0, 0.0, 0.0, 0.0, 0.0
4.816590309143066, 43.644418479660736, 0.9217679814219136, 15.692743173215094, -8.277269559640084, -9.955961918769598, 11.044003781493284, 0.0, 0.0, 0.0, 0.0, 0.0, 0.0
4.822696685791016, 43.644418479660736, 0.9217679814219136, 15.692743173215094, -8.277269559640084, -9.955961918769598, 11.044003781493284, 0.0, 0.0, 0.0, 0.0, 0.0, 0.0
4.833488941192627, 43.644418479660736, 0.9217679814219136, 15.692743173215094, -8.277269559640084, -9.955961918769598, 11.044003781493284, 0.0, 0.0, 0.0, 0.0, 0.0, 0.0
4.839741468429565, 43.644418479660736, 0.9217679814219136, 15.692743173215094, -8.277269559640084, -9.955961918769598, 11.044003781493284, 0.0, 0.0, 0.0, 0.0, 0.0, 0.0
4.850325345993042, 43.644418479660736, 0.9217679814219136, 15.692743173215094, -8.277269559640084, -9.955961918769598, 11.044003781493284, 0.0, 0.0, 0.0, 0.0, 0.0, 0.0
4.856177091598511, 43.644418479660736, 0.9217679814219136, 15.692743173215094, -8.277269559640084, -9.955961918769598, 11.044003781493284, 0.0, 0.0, 0.0, 0.0, 0.0, 0.0
4.869882345199585, 43.644418479660736, 0.9217679814219136, 15.692743173215094, -8.277269559640084, -9.955961918769598, 11.044003781493284, 0.0, 0.0, 0.0, 0.0, 0.0, 0.0
4.875761270523071, 43.644418479660736, 0.9217679814219136, 15.692743173215094, -8.277269559640084, -9.955961918769598, 11.044003781493284, 0.0, 0.0, 0.0, 0.0, 0.0, 0.0
4.889402866363525, 43.644418479660736, 0.9217679814219136, 15.692743173215094, -8.277269559640084, -9.955961918769598, 11.044003781493284, 0.0, 0.0, 0.0, 0.0, 0.0, 0.0
4.8953211307525635, 43.644418479660736, 0.9217679814219136, 15.692743173215094, -8.277269559640084, -9.955961918769598, 11.044003781493284, 0.0, 0.0, 0.0, 0.0, 0.0, 0.0
4.910238981246948, 43.644418479660736, 0.9217679814219136, 15.692743173215094, -8.277269559640084, -9.955961918769598, 11.044003781493284, 0.0, 0.0, 0.0, 0.0, 0.0, 0.0
4.916327238082886, 43.644418479660736, 0.9217679814219136, 15.692743173215094, -8.277269559640084, -9.955961918769598, 11.044003781493284, 0.0, 0.0, 0.0, 0.0, 0.0, 0.0
4.93013858795166, 43.644418479660736, 0.9217679814219136, 15.692743173215094, -8.277269559640084, -9.955961918769598, 11.044003781493284, 0.0, 0.0, 0.0, 0.0, 0.0, 0.0
4.936167001724243, 43.644418479660736, 0.9217679814219136, 15.692743173215094, -8.277269559640084, -9.955961918769598, 11.044003781493284, 0.0, 0.0, 0.0, 0.0, 0.0, 0.0
4.9503333568573, 43.644418479660736, 0.9217679814219136, 15.692743173215094, -8.277269559640084, -9.955961918769598, 11.044003781493284, 0.0, 0.0, 0.0, 0.0, 0.0, 0.0
4.956503868103027, 43.644418479660736, 0.9217679814219136, 15.692743173215094, -8.277269559640084, -9.955961918769598, 11.044003781493284, 0.0, 0.0, 0.0, 0.0, 0.0, 0.0
4.970284700393677, 43.644418479660736, 0.9217679814219136, 15.692743173215094, -8.277269559640084, -9.955961918769598, 11.044003781493284, 0.0, 0.0, 0.0, 0.0, 0.0, 0.0
4.976646184921265, 43.644418479660736, 0.9217679814219136, 15.692743173215094, -8.277269559640084, -9.955961918769598, 11.044003781493284, 0.0, 0.0, 0.0, 0.0, 0.0, 0.0
4.990518569946289, 43.644418479660736, 0.9217679814219136, 15.692743173215094, -8.277269559640084, -9.955961918769598, 11.044003781493284, 0.0, 0.0, 0.0, 0.0, 0.0, 0.0
4.996610641479492, 43.644418479660736, 0.9217679814219136, 15.692743173215094, -8.277269559640084, -9.955961918769598, 11.044003781493284, 0.0, 0.0, 0.0, 0.0, 0.0, 0.0
5.009489297866821, 43.644418479660736, 0.9217679814219136, 15.692743173215094, -8.277269559640084, -9.955961918769598, 11.044003781493284, 0.0, 0.0, 0.0, 0.0, 0.0, 0.0
5.015778303146362, 43.644418479660736, 0.9217679814219136, 15.692743173215094, -8.277269559640084, -9.955961918769598, 11.044003781493284, 0.0, 0.0, 0.0, 0.0, 0.0, 0.0
5.038846015930176, 43.644418479660736, 0.9217679814219136, 15.692743173215094, -8.277269559640084, -9.955961918769598, 11.044003781493284, 0.0, 0.0, 0.0, 0.0, 0.0, 0.0
5.04797625541687, 43.644418479660736, 0.9217679814219136, 15.692743173215094, -8.277269559640084, -9.955961918769598, 11.044003781493284, 0.0, 0.0, 0.0, 0.0, 0.0, 0.0
5.06018590927124, 43.644418479660736, 0.9217679814219136, 15.692743173215094, -8.277269559640084, -9.955961918769598, 11.044003781493284, 0.0, 0.0, 0.0, 0.0, 0.0, 0.0
5.066297292709351, 43.644418479660736, 0.9217679814219136, 15.692743173215094, -8.277269559640084, -9.955961918769598, 11.044003781493284, 0.0, 0.0, 0.0, 0.0, 0.0, 0.0
5.077300310134888, 43.644418479660736, 0.9217679814219136, 15.692743173215094, -8.277269559640084, -9.955961918769598, 11.044003781493284, 0.0, 0.0, 0.0, 0.0, 0.0, 0.0
5.083388328552246, 43.644418479660736, 0.9217679814219136, 15.692743173215094, -8.277269559640084, -9.955961918769598, 11.044003781493284, 0.0, 0.0, 0.0, 0.0, 0.0, 0.0
5.09458065032959, 43.644418479660736, 0.9217679814219136, 15.692743173215094, -8.277269559640084, -9.955961918769598, 11.044003781493284, 0.0, 0.0, 0.0, 0.0, 0.0, 0.0
5.1006691455841064, 43.644418479660736, 0.9217679814219136, 15.692743173215094, -8.277269559640084, -9.955961918769598, 11.044003781493284, 0.0, 0.0, 0.0, 0.0, 0.0, 0.0
5.111632823944092, 43.644418479660736, 0.9217679814219136, 15.692743173215094, -8.277269559640084, -9.955961918769598, 11.044003781493284, 0.0, 0.0, 0.0, 0.0, 0.0, 0.0
5.118042945861816, 43.644418479660736, 0.9217679814219136, 15.692743173215094, -8.277269559640084, -9.955961918769598, 11.044003781493284, 0.0, 0.0, 0.0, 0.0, 0.0, 0.0
5.129797697067261, 43.644418479660736, 0.9217679814219136, 15.692743173215094, -8.277269559640084, -9.955961918769598, 11.044003781493284, 0.0, 0.0, 0.0, 0.0, 0.0, 0.0
5.1358559131622314, 43.644418479660736, 0.9217679814219136, 15.692743173215094, -8.277269559640084, -9.955961918769598, 11.044003781493284, 0.0, 0.0, 0.0, 0.0, 0.0, 0.0
