# Timestamp, Fx, Fy, Fz, Tx, Ty, Tz, FemurPosX, FemurPosY, FemurPosZ, FemurQuatW, FemurQuatX, FemurQuatY, FemurQuatZ, TibiaPosX, TibiaPosY, TibiaPosZ, TibiaQuatW, TibiaQuatX, TibiaQuatY, TibiaQuatZ, Flexion, Adduction, Rotation, Anterior_Posterior, Medial_Lateral, Proximal_Distal
0.16014432907104492,-5.42027,4.19018,0.858346,0.324089,0.342893,0.791389,0.036816,0.456092,0.328136,0.343964,0.649514,0.583405,-0.345628,0.04658,0.278711,-0.114602,0.72514,0.18191,0.209229,-0.63032,85.28398113191273,3.303979692419262,-46.972325229130234,-17.646761496987004,-10.40380465610217,10.827277866474926
0.16109943389892578,-5.42027,4.19018,0.858346,0.324089,0.342893,0.791389,0.036816,0.456092,0.328136,0.343964,0.649514,0.583405,-0.345628,0.04658,0.278711,-0.114602,0.72514,0.18191,0.209229,-0.63032,85.28398113191273,3.303979692419262,-46.972325229130234,-17.646761496987004,-10.40380465610217,10.827277866474926
0.3255038261413574,-5.45067,4.24532,0.806431,0.330121,0.356033,0.802104,0.0368381,0.456103,0.328145,0.343491,0.649754,0.583181,-0.346026,0.0465233,0.278727,-0.114599,0.724275,0.182241,0.20891,-0.631324,85.30800028202898,3.2584053921993217,-46.64200135412483,-17.679840880740556,-10.120154560919909,10.881349589965517
0.32646822929382324,-5.45067,4.24532,0.806431,0.330121,0.356033,0.802104,0.0368381,0.456103,0.328145,0.343491,0.649754,0.583181,-0.346026,0.0465233,0.278727,-0.114599,0.724275,0.182241,0.20891,-0.631324,85.30800028202898,3.2584053921993217,-46.64200135412483,-17.679840880740556,-10.120154560919909,10.881349589965517
0.4898805618286133,-5.4309,4.21593,0.806166,0.327731,0.354436,0.796528,0.0368104,0.456104,0.328135,0.343926,0.649664,0.583232,-0.345676,0.0465201,0.278729,-0.1146,0.724251,0.182259,0.208924,-0.631343,85.28948319757649,3.1936890612013333,-46.014150935792664,-17.636522962058777,-10.37696667678433,10.842466295630349
0.4908266067504883,-5.4309,4.21593,0.806166,0.327731,0.354436,0.796528,0.0368104,0.456104,0.328135,0.343926,0.649664,0.583232,-0.345676,0.0465201,0.278729,-0.1146,0.724251,0.182259,0.208924,-0.631343,85.28948319757649,3.1936890612013333,-46.014150935792664,-17.636522962058777,-10.37696667678433,10.842466295630349
0.6552658081054688,-5.50961,4.22168,0.832742,0.32735,0.356096,0.796082,0.0368097,0.456102,0.328135,0.343924,0.649657,0.583239,-0.345679,0.0465816,0.278709,-0.1146,0.725178,0.181901,0.209236,-0.630277,85.28000981503244,3.3270072348997872,-47.159374089639684,-17.651107222736634,-10.353686222097403,10.83375418871655
0.6562221050262451,-5.50961,4.22168,0.832742,0.32735,0.356096,0.796082,0.0368097,0.456102,0.328135,0.343924,0.649657,0.583239,-0.345679,0.0465816,0.278709,-0.1146,0.725178,0.181901,0.209236,-0.630277,85.28000981503244,3.3270072348997872,-47.159374089639684,-17.651107222736634,-10.353686222097403,10.83375418871655
0.8210024833679199,-5.4592,4.1867,0.825952,0.324467,0.352828,0.789986,0.0368103,0.456104,0.328135,0.34392,0.649675,0.58322,-0.345681,0.0465371,0.278799,-0.114601,0.723675,0.18313,0.208817,-0.631786,85.23753550559975,3.1453445696604256,-45.21486520284186,-17.774819654801114,-10.536065804613983,10.956125370837617
0.821958065032959,-5.4592,4.1867,0.825952,0.324467,0.352828,0.789986,0.0368103,0.456104,0.328135,0.34392,0.649675,0.58322,-0.345681,0.0465371,0.278799,-0.114601,0.723675,0.18313,0.208817,-0.631786,85.23753550559975,3.1453445696604256,-45.21486520284186,-17.774819654801114,-10.536065804613983,10.956125370837617
0.9859628677368164,-5.49495,4.23917,0.800168,0.329584,0.361269,0.799784,0.0368092,0.456101,0.328134,0.34393,0.649652,0.583219,-0.345716,0.0465281,0.278801,-0.114606,0.723677,0.183082,0.208976,-0.631745,85.22273695679245,3.144449024989324,-45.13893057793566,-17.78145628701144,-10.476055301183667,10.980168020715091
0.9869134426116943,-5.49495,4.23917,0.800168,0.329584,0.361269,0.799784,0.0368092,0.456101,0.328134,0.34393,0.649652,0.583219,-0.345716,0.0465281,0.278801,-0.114606,0.723677,0.183082,0.208976,-0.631745,85.22273695679245,3.144449024989324,-45.13893057793566,-17.78145628701144,-10.476055301183667,10.980168020715091
1.1522951126098633,-5.49144,4.22486,0.826169,0.327854,0.355927,0.797305,0.0368417,0.456105,0.328146,0.343485,0.649758,0.583178,-0.346029,0.0465818,0.278712,-0.114603,0.725167,0.181944,0.209238,-0.630277,85.29287704116258,3.389885140091691,-47.722754529893926,-17.7092635803491,-10.110231281073908,10.892064711607132
1.1532468795776367,-5.49144,4.22486,0.826169,0.327854,0.355927,0.797305,0.0368417,0.456105,0.328146,0.343485,0.649758,0.583178,-0.346029,0.0465818,0.278712,-0.114603,0.725167,0.181944,0.209238,-0.630277,85.29287704116258,3.389885140091691,-47.722754529893926,-17.7092635803491,-10.110231281073908,10.892064711607132
1.3269047737121582,-5.44904,4.20609,0.825946,0.326186,0.351921,0.794215,0.0368122,0.456101,0.328137,0.343956,0.649679,0.583188,-0.345693,0.0465836,0.278707,-0.114599,0.725175,0.181885,0.209225,-0.630289,85.27698978454593,3.3272637151070126,-47.149613538926886,-17.62499263047758,-10.350999594640145,10.821094281785289
1.32785964012146,-5.44904,4.20609,0.825946,0.326186,0.351921,0.794215,0.0368122,0.456101,0.328137,0.343956,0.649679,0.583188,-0.345693,0.0465836,0.278707,-0.114599,0.725175,0.181885,0.209225,-0.630289,85.27698978454593,3.3272637151070126,-47.149613538926886,-17.62499263047758,-10.350999594640145,10.821094281785289
1.4945874214172363,-5.45741,4.20118,0.800136,0.326204,0.358156,0.793047,0.0368171,0.456093,0.328137,0.343989,0.649516,0.583397,-0.345614,0.0465402,0.278703,-0.114618,0.724839,0.182622,0.208687,-0.630641,85.28156536678777,3.289013033419356,-46.72497650198452,-17.66191836771919,-10.7730517464999,10.842287109997255
1.495544672012329,-5.45741,4.20118,0.800136,0.326204,0.358156,0.793047,0.0368171,0.456093,0.328137,0.343989,0.649516,0.583397,-0.345614,0.0465402,0.278703,-0.114618,0.724839,0.182622,0.208687,-0.630641,85.28156536678777,3.289013033419356,-46.72497650198452,-17.66191836771919,-10.7730517464999,10.842287109997255
1.6626009941101074,-5.43691,4.1876,0.806347,0.324997,0.354809,0.79059,0.0368271,0.456092,0.328138,0.344666,0.648096,0.584286,-0.346103,0.0465233,0.278724,-0.114598,0.724308,0.182249,0.208945,-0.631273,85.20962942910299,3.1003129413725645,-44.598492044998856,-17.216871394297588,-10.57567224985397,10.677615517750876
1.663567066192627,-5.43691,4.1876,0.806347,0.324997,0.354809,0.79059,0.0368271,0.456092,0.328138,0.344666,0.648096,0.584286,-0.346103,0.0465233,0.278724,-0.114598,0.724308,0.182249,0.208945,-0.631273,85.20962942910299,3.1003129413725645,-44.598492044998856,-17.216871394297588,-10.57567224985397,10.677615517750876
1.8306758403778076,-5.44692,4.24265,0.812935,0.329661,0.354252,0.801393,0.0368337,0.456116,0.328145,0.343415,0.649922,0.582991,-0.346107,0.046537,0.278702,-0.114617,0.724876,0.182603,0.208696,-0.630601,85.29280946660191,3.3992439727788697,-47.70882885438261,-17.72521748612869,-10.376279775440626,10.909661756918844
1.8316407203674316,-5.44692,4.24265,0.812935,0.329661,0.354252,0.801393,0.0368337,0.456116,0.328145,0.343415,0.649922,0.582991,-0.346107,0.046537,0.278702,-0.114617,0.724876,0.182603,0.208696,-0.630601,85.29280946660191,3.3992439727788697,-47.70882885438261,-17.72521748612869,-10.376279775440626,10.909661756918844
1.9989452362060547,-5.41858,4.26522,0.806356,0.331884,0.353176,0.806845,0.0368101,0.456101,0.328135,0.343919,0.649677,0.583218,-0.345683,0.0465388,0.278699,-0.114617,0.724864,0.182581,0.208695,-0.630621,85.2813571389482,3.31282644169642,-46.94300213568891,-17.664584779447768,-10.691898514629822,10.84685534993952
1.9998981952667236,-5.41858,4.26522,0.806356,0.331884,0.353176,0.806845,0.0368101,0.456101,0.328135,0.343919,0.649677,0.583218,-0.345683,0.0465388,0.278699,-0.114617,0.724864,0.182581,0.208695,-0.630621,85.2813571389482,3.31282644169642,-46.94300213568891,-17.664584779447768,-10.691898514629822,10.84685534993952
2.168436050415039,-5.50004,4.1615,0.819753,0.322234,0.35799,0.783985,0.0368361,0.456114,0.328143,0.34345,0.649917,0.582949,-0.346151,0.0465988,0.27868,-0.114634,0.725751,0.182349,0.209037,-0.629554,85.26524537848996,3.5320246958522485,-48.69375857879686,-17.73099012355074,-10.364536074006667,10.929192910503465
2.16939640045166,-5.50004,4.1615,0.819753,0.322234,0.35799,0.783985,0.0368361,0.456114,0.328143,0.34345,0.649917,0.582949,-0.346151,0.0465988,0.27868,-0.114634,0.725751,0.182349,0.209037,-0.629554,85.26524537848996,3.5320246958522485,-48.69375857879686,-17.73099012355074,-10.364536074006667,10.929192910503465
2.3438799381256104,-5.42776,4.18664,0.806292,0.324913,0.35375,0.790852,0.0368113,0.456105,0.328135,0.343922,0.649681,0.583224,-0.345661,0.0465972,0.278682,-0.114633,0.725748,0.182357,0.209046,-0.629552,85.2594896876217,3.443900873911645,-47.96511465045359,-17.716518947734222,-10.712482345734403,10.887722032289304
2.344837188720703,-5.42776,4.18664,0.806292,0.324913,0.35375,0.790852,0.0368113,0.456105,0.328135,0.343922,0.649681,0.583224,-0.345661,0.0465972,0.278682,-0.114633,0.725748,0.182357,0.209046,-0.629552,85.2594896876217,3.443900873911645,-47.96511465045359,-17.716518947734222,-10.712482345734403,10.887722032289304
2.5126030445098877,-5.38696,4.2185,0.799284,0.328186,0.351273,0.797943,0.0368106,0.456104,0.328134,0.343957,0.649695,0.58318,-0.345674,0.0465991,0.278763,-0.114654,0.724998,0.183373,0.209132,-0.630092,85.17476112694494,3.3730023850808797,-46.814723375714195,-17.894158730595947,-10.848905454617043,11.07800157926956
2.5135622024536133,-5.38696,4.2185,0.799284,0.328186,0.351273,0.797943,0.0368106,0.456104,0.328134,0.343957,0.649695,0.58318,-0.345674,0.0465991,0.278763,-0.114654,0.724998,0.183373,0.209132,-0.630092,85.17476112694494,3.3730023850808797,-46.814723375714195,-17.894158730595947,-10.848905454617043,11.07800157926956
2.682699680328369,-5.42793,4.25705,0.799592,0.331606,0.355385,0.805149,0.0368096,0.456102,0.328135,0.343948,0.649662,0.583211,-0.345693,0.0465815,0.278711,-0.114602,0.725173,0.181906,0.209226,-0.630285,85.27662023004342,3.327143996046809,-47.14186527495924,-17.631602756222676,-10.356444926359087,10.825575722082418
2.6836814880371094,-5.42793,4.25705,0.799592,0.331606,0.355385,0.805149,0.0368096,0.456102,0.328135,0.343948,0.649662,0.583211,-0.345693,0.0465815,0.278711,-0.114602,0.725173,0.181906,0.209226,-0.630285,85.27662023004342,3.327143996046809,-47.14186527495924,-17.631602756222676,-10.356444926359087,10.825575722082418
2.852543592453003,-5.45253,4.20805,0.806787,0.326373,0.35587,0.794458,0.0368359,0.456116,0.328144,0.343449,0.649932,0.582968,-0.346092,0.0465241,0.278731,-0.114589,0.724317,0.182157,0.208882,-0.63131,85.31106145866896,3.28248758932621,-46.88823749394723,-17.655862775655883,-10.046421913235037,10.854495992353616
2.853511333465576,-5.45253,4.20805,0.806787,0.326373,0.35587,0.794458,0.0368359,0.456116,0.328144,0.343449,0.649932,0.582968,-0.346092,0.0465241,0.278731,-0.114589,0.724317,0.182157,0.208882,-0.63131,85.31106145866896,3.28248758932621,-46.88823749394723,-17.655862775655883,-10.046421913235037,10.854495992353616
3.0235917568206787,-5.47832,4.23908,0.799777,0.330011,0.36036,0.799884,0.0368332,0.456114,0.328145,0.343435,0.649919,0.583,-0.346077,0.0465954,0.278682,-0.114635,0.725694,0.182395,0.209015,-0.629614,85.27227741380669,3.5182481752264088,-48.61850020927378,-17.764869327198834,-10.40019081301132,10.945974519651909
3.0245490074157715,-5.47832,4.23908,0.799777,0.330011,0.36036,0.799884,0.0368332,0.456114,0.328145,0.343435,0.649919,0.583,-0.346077,0.0465954,0.278682,-0.114635,0.725694,0.182395,0.209015,-0.629614,85.27227741380669,3.5182481752264088,-48.61850020927378,-17.764869327198834,-10.40019081301132,10.945974519651909
3.1974401473999023,-5.47636,4.25985,0.793154,0.332083,0.361156,0.804538,0.0368453,0.456085,0.328143,0.345218,0.648272,0.583827,-0.345997,0.0465977,0.278682,-0.114636,0.725749,0.182357,0.209064,-0.629545,85.12207309712386,3.319303619768433,-46.06734971852805,-17.070481247543405,-11.097847220096785,10.616602805147064
3.1983985900878906,-5.47636,4.25985,0.793154,0.332083,0.361156,0.804538,0.0368453,0.456085,0.328143,0.345218,0.648272,0.583827,-0.345997,0.0465977,0.278682,-0.114636,0.725749,0.182357,0.209064,-0.629545,85.12207309712386,3.319303619768433,-46.06734971852805,-17.070481247543405,-11.097847220096785,10.616602805147064
3.368645191192627,-5.4858,4.25627,0.799636,0.331547,0.360312,0.803429,0.0368107,0.456104,0.328133,0.343935,0.649684,0.583215,-0.345658,0.0465391,0.278705,-0.114619,0.724851,0.182577,0.208705,-0.630634,85.28097811872686,3.307722956408484,-46.90189159649359,-17.665975224845397,-10.69912237922686,10.846343769094707
3.3696088790893555,-5.4858,4.25627,0.799636,0.331547,0.360312,0.803429,0.0368107,0.456104,0.328133,0.343935,0.649684,0.583215,-0.345658,0.0465391,0.278705,-0.114619,0.724851,0.182577,0.208705,-0.630634,85.28097811872686,3.307722956408484,-46.90189159649359,-17.665975224845397,-10.69912237922686,10.846343769094707
3.540160655975342,-5.47518,4.19173,0.80038,0.325147,0.359571,0.790826,0.0368365,0.456086,0.328144,0.344545,0.649716,0.582893,-0.345533,0.0465243,0.27873,-0.114587,0.724325,0.182145,0.208923,-0.63129,85.23971805728553,3.161744630602192,-45.52945208191989,-17.385639550374677,-10.60542164304919,10.689579937079378
3.5411219596862793,-5.47518,4.19173,0.80038,0.325147,0.359571,0.790826,0.0368365,0.456086,0.328144,0.344545,0.649716,0.582893,-0.345533,0.0465243,0.27873,-0.114587,0.724325,0.182145,0.208923,-0.63129,85.23971805728553,3.161744630602192,-45.52945208191989,-17.385639550374677,-10.60542164304919,10.689579937079378
3.7106807231903076,-5.46678,4.18731,0.787007,0.325424,0.361657,0.790205,0.0368339,0.456114,0.328144,0.343425,0.649921,0.582995,-0.346091,0.0465797,0.278713,-0.114602,0.725141,0.181931,0.209209,-0.63032,85.29384945184329,3.4057867947654605,-47.873730079446005,-17.704416746744975,-10.040132664534722,10.8905445948895
3.711639642715454,-5.46678,4.18731,0.787007,0.325424,0.361657,0.790205,0.0368339,0.456114,0.328144,0.343425,0.649921,0.582995,-0.346091,0.0465797,0.278713,-0.114602,0.725141,0.181931,0.209209,-0.63032,85.29384945184329,3.4057867947654605,-47.873730079446005,-17.704416746744975,-10.040132664534722,10.8905445948895
3.880765914916992,-5.44109,4.19085,0.799807,0.325508,0.356635,0.791153,0.0368095,0.456103,0.328137,0.343926,0.649663,0.583219,-0.3457,0.0465255,0.278729,-0.114584,0.724359,0.182115,0.208894,-0.631269,85.30036283091749,3.206646779988651,-46.197929043885956,-17.597574865687147,-10.344313074267152,10.791476199154374
3.8816816806793213,-5.44109,4.19085,0.799807,0.325508,0.356635,0.791153,0.0368095,0.456103,0.328137,0.343926,0.649663,0.583219,-0.3457,0.0465255,0.278729,-0.114584,0.724359,0.182115,0.208894,-0.631269,85.30036283091749,3.206646779988651,-46.197929043885956,-17.597574865687147,-10.344313074267152,10.791476199154374
4.050766468048096,-5.43474,4.2232,0.812908,0.327933,0.353163,0.797825,0.0368277,0.456103,0.328128,0.343981,0.649506,0.58319,-0.345988,0.0465975,0.278682,-0.114634,0.725725,0.18238,0.20906,-0.629567,85.22671467796013,3.459422526763297,-47.8734373466733,-17.59312053688452,-10.616970005372675,10.84592174109
4.051748275756836,-5.43474,4.2232,0.812908,0.327933,0.353163,0.797825,0.0368277,0.456103,0.328128,0.343981,0.649506,0.58319,-0.345988,0.0465975,0.278682,-0.114634,0.725725,0.18238,0.20906,-0.629567,85.22671467796013,3.459422526763297,-47.8734373466733,-17.59312053688452,-10.616970005372675,10.84592174109
4.232507705688477,-5.44065,4.19598,0.806208,0.32596,0.355298,0.792447,0.0368346,0.456114,0.328145,0.343412,0.649913,0.582997,-0.346115,0.0465831,0.278709,-0.114603,0.725212,0.181878,0.2092,-0.630257,85.29774655443367,3.4172045734700287,-47.992568921265516,-17.68798252639725,-10.026543511795001,10.879536586321823
4.233483791351318,-5.44065,4.19598,0.806208,0.32596,0.355298,0.792447,0.0368346,0.456114,0.328145,0.343412,0.649913,0.582997,-0.346115,0.0465831,0.278709,-0.114603,0.725212,0.181878,0.2092,-0.630257,85.29774655443367,3.4172045734700287,-47.992568921265516,-17.68798252639725,-10.026543511795001,10.879536586321823
4.403172254562378,-5.45034,4.24934,0.819713,0.329812,0.352933,0.802839,0.0368106,0.456103,0.328135,0.343943,0.649676,0.583217,-0.345661,0.0465358,0.278799,-0.114602,0.723649,0.183145,0.20884,-0.631804,85.23355969450381,3.1388130968808063,-45.13908325141993,-17.779853804147173,-10.545376564388109,10.963470948560266
4.404136657714844,-5.45034,4.24934,0.819713,0.329812,0.352933,0.802839,0.0368106,0.456103,0.328135,0.343943,0.649676,0.583217,-0.345661,0.0465358,0.278799,-0.114602,0.723649,0.183145,0.20884,-0.631804,85.23355969450381,3.1388130968808063,-45.13908325141993,-17.779853804147173,-10.545376564388109,10.963470948560266
4.5727527141571045,-5.43651,4.19939,0.799541,0.32649,0.356157,0.792975,0.0368339,0.456116,0.328145,0.343442,0.649898,0.582985,-0.346134,0.0465957,0.278684,-0.114632,0.725713,0.182373,0.209047,-0.629588,85.26566509464739,3.524197462739297,-48.62877073739433,-17.74776238672998,-10.36841532099148,10.94029032819183
4.5737221240997314,-5.43651,4.19939,0.799541,0.32649,0.356157,0.792975,0.0368339,0.456116,0.328145,0.343442,0.649898,0.582985,-0.346134,0.0465957,0.278684,-0.114632,0.725713,0.182373,0.209047,-0.629588,85.26566509464739,3.524197462739297,-48.62877073739433,-17.74776238672998,-10.36841532099148,10.94029032819183
4.747845411300659,-5.42439,4.16285,0.780419,0.323253,0.358942,0.785968,0.036815,0.456095,0.328136,0.34395,0.649527,0.58342,-0.345593,0.0465404,0.278703,-0.114618,0.724874,0.182622,0.208701,-0.630596,85.28579946006249,3.295136076775302,-46.80158037621699,-17.691533826238317,-10.773979863476455,10.855203594764287
4.7488250732421875,-5.42439,4.16285,0.780419,0.323253,0.358942,0.785968,0.036815,0.456095,0.328136,0.34395,0.649527,0.58342,-0.345593,0.0465404,0.278703,-0.114618,0.724874,0.182622,0.208701,-0.630596,85.28579946006249,3.295136076775302,-46.80158037621699,-17.691533826238317,-10.773979863476455,10.855203594764287
4.919834852218628,-5.4306,4.22661,0.806241,0.328462,0.354022,0.798353,0.0368328,0.456111,0.328145,0.343444,0.649894,0.583004,-0.346107,0.0465809,0.278709,-0.114604,0.725166,0.1819,0.209247,-0.630288,85.28965369957862,3.407078498537203,-47.86355931866862,-17.69212912737859,-10.024795449212608,10.891340204087577
4.920797824859619,-5.4306,4.22661,0.806241,0.328462,0.354022,0.798353,0.0368328,0.456111,0.328145,0.343444,0.649894,0.583004,-0.346107,0.0465809,0.278709,-0.114604,0.725166,0.1819,0.209247,-0.630288,85.28965369957862,3.407078498537203,-47.86355931866862,-17.69212912737859,-10.024795449212608,10.891340204087577
5.0939109325408936,-5.4586,4.25124,0.793387,0.331094,0.35964,0.803377,0.03681,0.456103,0.328132,0.34395,0.649673,0.583194,-0.345698,0.0465966,0.278685,-0.114636,0.725727,0.18236,0.209064,-0.629569,85.25163755285914,3.4425710605422633,-47.90993215442021,-17.693981276962752,-10.69444030237003,10.880865070899286
5.094871282577515,-5.4586,4.25124,0.793387,0.331094,0.35964,0.803377,0.03681,0.456103,0.328132,0.34395,0.649673,0.583194,-0.345698,0.0465966,0.278685,-0.114636,0.725727,0.18236,0.209064,-0.629569,85.25163755285914,3.4425710605422633,-47.90993215442021,-17.693981276962752,-10.69444030237003,10.880865070899286
5.283620357513428,-5.46753,4.18083,0.819714,0.323946,0.355087,0.788874,0.0368351,0.456114,0.328145,0.34348,0.649901,0.582966,-0.346123,0.0465268,0.278804,-0.114604,0.723668,0.183028,0.208944,-0.631781,85.23860644029286,3.2198381093917456,-45.86253347145969,-17.797612506127486,-10.159514406189496,11.008991833626071
5.284874677658081,-5.46753,4.18083,0.819714,0.323946,0.355087,0.788874,0.0368351,0.456114,0.328145,0.34348,0.649901,0.582966,-0.346123,0.0465268,0.278804,-0.114604,0.723668,0.183028,0.208944,-0.631781,85.23860644029286,3.2198381093917456,-45.86253347145969,-17.797612506127486,-10.159514406189496,11.008991833626071
5.458357095718384,-5.46411,4.17457,0.813073,0.323403,0.355379,0.78726,0.036816,0.456092,0.328135,0.343955,0.64951,0.583421,-0.345617,0.0465823,0.278711,-0.114604,0.725187,0.181896,0.209232,-0.630269,85.28641393810267,3.3099766348744355,-47.037921843090466,-17.651636498361768,-10.41095118509773,10.827017721846616
5.459315299987793,-5.46411,4.17457,0.813073,0.323403,0.355379,0.78726,0.036816,0.456092,0.328135,0.343955,0.64951,0.583421,-0.345617,0.0465823,0.278711,-0.114604,0.725187,0.181896,0.209232,-0.630269,85.28641393810267,3.3099766348744355,-47.037921843090466,-17.651636498361768,-10.41095118509773,10.827017721846616
5.630911588668823,-5.42591,4.22391,0.805936,0.328662,0.353913,0.798498,0.0368112,0.456106,0.328135,0.343951,0.649669,0.583207,-0.345685,0.0465821,0.278713,-0.114599,0.725188,0.181888,0.209238,-0.630269,85.27694694652851,3.3281946411494956,-47.15663899800338,-17.6354416171426,-10.355742945864266,10.824407988994372
5.631870269775391,-5.42591,4.22391,0.805936,0.328662,0.353913,0.798498,0.0368112,0.456106,0.328135,0.343951,0.649669,0.583207,-0.345685,0.0465821,0.278713,-0.114599,0.725188,0.181888,0.209238,-0.630269,85.27694694652851,3.3281946411494956,-47.15663899800338,-17.6354416171426,-10.355742945864266,10.824407988994372
5.803318023681641,-5.39906,4.14793,0.813232,0.320804,0.349888,0.783441,0.0368245,0.45611,0.328125,0.343985,0.649631,0.582971,-0.346119,0.0465405,0.278701,-0.114634,0.724811,0.182769,0.208754,-0.630607,85.21838516910229,3.351895844526754,-46.884550158012374,-17.542011044349515,-10.574816770450983,10.848483564246045
5.804278373718262,-5.39906,4.14793,0.813232,0.320804,0.349888,0.783441,0.0368245,0.45611,0.328125,0.343985,0.649631,0.582971,-0.346119,0.0465405,0.278701,-0.114634,0.724811,0.182769,0.208754,-0.630607,85.21838516910229,3.351895844526754,-46.884550158012374,-17.542011044349515,-10.574816770450983,10.848483564246045
5.97566819190979,-5.4146,4.17614,0.793584,0.323983,0.355396,0.788958,0.0368097,0.456103,0.328135,0.343926,0.649682,0.583199,-0.345697,0.0465976,0.278682,-0.114634,0.72572,0.182378,0.209023,-0.629585,85.25670707263326,3.444043877549341,-47.94554227158854,-17.699178718538292,-10.701463732037586,10.881757643098098
5.976627588272095,-5.4146,4.17614,0.793584,0.323983,0.355396,0.788958,0.0368097,0.456103,0.328135,0.343926,0.649682,0.583199,-0.345697,0.0465976,0.278682,-0.114634,0.72572,0.182378,0.209023,-0.629585,85.25670707263326,3.444043877549341,-47.94554227158854,-17.699178718538292,-10.701463732037586,10.881757643098098
6.148864030838013,-5.4664,4.20843,0.819384,0.326622,0.354684,0.794378,0.0368117,0.456105,0.328135,0.343925,0.649684,0.5832,-0.345694,0.0465861,0.278787,-0.114621,0.724486,0.182868,0.209298,-0.630772,85.20399671490448,3.2658194761303454,-46.13047183257335,-17.828257509561315,-10.483363000230288,11.017870148180002
6.149822235107422,-5.4664,4.20843,0.819384,0.326622,0.354684,0.794378,0.0368117,0.456105,0.328135,0.343925,0.649684,0.5832,-0.345694,0.0465861,0.278787,-0.114621,0.724486,0.182868,0.209298,-0.630772,85.20399671490448,3.2658194761303454,-46.13047183257335,-17.828257509561315,-10.483363000230288,11.017870148180002
6.320410966873169,-5.49792,4.19806,0.806742,0.325708,0.36032,0.791163,0.0368092,0.456104,0.328134,0.343944,0.649661,0.583208,-0.345703,0.0465241,0.27873,-0.114587,0.724339,0.182149,0.208887,-0.631285,85.29635437293594,3.2044490757813526,-46.15353723046348,-17.594975429195138,-10.357902593807214,10.793006782561719
6.32137131690979,-5.49792,4.19806,0.806742,0.325708,0.36032,0.791163,0.0368092,0.456104,0.328134,0.343944,0.649661,0.583208,-0.345703,0.0465241,0.27873,-0.114587,0.724339,0.182149,0.208887,-0.631285,85.29635437293594,3.2044490757813526,-46.15353723046348,-17.594975429195138,-10.357902593807214,10.793006782561719
6.491267681121826,-5.48073,4.17726,0.767302,0.325205,0.367029,0.787777,0.0368094,0.456105,0.328135,0.343937,0.649675,0.583203,-0.345694,0.0465249,0.27873,-0.114586,0.724343,0.182097,0.208846,-0.631309,85.30538275436719,3.2029013697964555,-46.19441336699187,-17.578453820611706,-10.350783944801012,10.775355158119151
6.492229223251343,-5.48073,4.17726,0.767302,0.325205,0.367029,0.787777,0.0368094,0.456105,0.328135,0.343937,0.649675,0.583203,-0.345694,0.0465249,0.27873,-0.114586,0.724343,0.182097,0.208846,-0.631309,85.30538275436719,3.2029013697964555,-46.19441336699187,-17.578453820611706,-10.350783944801012,10.775355158119151
6.662401437759399,-5.39454,4.21608,0.806364,0.327305,0.350387,0.797715,0.0368077,0.456112,0.328151,0.343791,0.649762,0.583333,-0.345457,0.0465962,0.278682,-0.114633,0.725736,0.182383,0.209002,-0.629573,85.29169584927179,3.434138748983288,-48.07249229722368,-17.82817654783473,-10.773667842712756,10.943323386215841
6.663356065750122,-5.39454,4.21608,0.806364,0.327305,0.350387,0.797715,0.0368077,0.456112,0.328151,0.343791,0.649762,0.583333,-0.345457,0.0465962,0.278682,-0.114633,0.725736,0.182383,0.209002,-0.629573,85.29169584927179,3.434138748983288,-48.07249229722368,-17.82817654783473,-10.773667842712756,10.943323386215841
6.834993600845337,-5.41304,4.22693,0.799178,0.329158,0.353758,0.79914,0.0367979,0.456103,0.328115,0.344484,0.649392,0.583174,-0.34573,0.0465803,0.278714,-0.114601,0.725181,0.181901,0.209272,-0.630261,85.21692454460143,3.2886201283715137,-46.48835237837041,-17.425840334043396,-10.495103186354724,10.720662797926586
6.8359599113464355,-5.41304,4.22693,0.799178,0.329158,0.353758,0.79914,0.0367979,0.456103,0.328115,0.344484,0.649392,0.583174,-0.34573,0.0465803,0.278714,-0.114601,0.725181,0.181901,0.209272,-0.630261,85.21692454460143,3.2886201283715137,-46.48835237837041,-17.425840334043396,-10.495103186354724,10.720662797926586
7.005041122436523,-5.47403,4.24265,0.805801,0.330765,0.359004,0.801028,0.0368111,0.456103,0.328134,0.343953,0.649676,0.583197,-0.345686,0.0465823,0.278712,-0.114601,0.725188,0.181865,0.209248,-0.630272,85.27723755332892,3.3275763349635428,-47.1570298295537,-17.628968601268998,-10.34381098770207,10.821073800218183
7.005988121032715,-5.47403,4.24265,0.805801,0.330765,0.359004,0.801028,0.0368111,0.456103,0.328134,0.343953,0.649676,0.583197,-0.345686,0.0465823,0.278712,-0.114601,0.725188,0.181865,0.209248,-0.630272,85.27723755332892,3.3275763349635428,-47.1570298295537,-17.628968601268998,-10.34381098770207,10.821073800218183
7.182490348815918,-5.44865,4.21218,0.812775,0.327177,0.35456,0.795453,0.0368037,0.456111,0.328141,0.344253,0.649553,0.583356,-0.345351,0.0465943,0.278685,-0.114635,0.725696,0.18239,0.209029,-0.629608,85.25214207403637,3.3814244535632927,-47.421609556264464,-17.68789354553657,-10.953306300711752,10.871239151740426
7.183549642562866,-5.44865,4.21218,0.812775,0.327177,0.35456,0.795453,0.0368037,0.456111,0.328141,0.344253,0.649553,0.583356,-0.345351,0.0465943,0.278685,-0.114635,0.725696,0.18239,0.209029,-0.629608,85.25214207403637,3.3814244535632927,-47.421609556264464,-17.68789354553657,-10.953306300711752,10.871239151740426
7.3550331592559814,-5.43062,4.20286,0.800353,0.325913,0.355211,0.793824,0.0368593,0.456096,0.328152,0.344072,0.649967,0.582662,-0.345922,0.0465372,0.2787,-0.11462,0.724871,0.182595,0.208718,-0.630601,85.23284935794905,3.3531487560624713,-47.047647420856265,-17.49337034993676,-10.649957907043534,10.791663374999597
7.3559956550598145,-5.43062,4.20286,0.800353,0.325913,0.355211,0.793824,0.0368593,0.456096,0.328152,0.344072,0.649967,0.582662,-0.345922,0.0465372,0.2787,-0.11462,0.724871,0.182595,0.208718,-0.630601,85.23284935794905,3.3531487560624713,-47.047647420856265,-17.49337034993676,-10.649957907043534,10.791663374999597
7.528289794921875,-5.38669,4.21431,0.832517,0.326466,0.344753,0.797197,0.0368074,0.456104,0.328135,0.343912,0.64966,0.58325,-0.345668,0.0465266,0.278803,-0.114619,0.723629,0.183203,0.208977,-0.631765,85.21973460560129,3.1391534640714966,-45.066631550551044,-17.8244173478457,-10.522297780882003,11.023392943784925
7.529248952865601,-5.38669,4.21431,0.832517,0.326466,0.344753,0.797197,0.0368074,0.456104,0.328135,0.343912,0.64966,0.58325,-0.345668,0.0465266,0.278803,-0.114619,0.723629,0.183203,0.208977,-0.631765,85.21973460560129,3.1391534640714966,-45.066631550551044,-17.8244173478457,-10.522297780882003,11.023392943784925
7.7005884647369385,-5.5372,4.19945,0.800112,0.326494,0.366059,0.790983,0.0368192,0.456099,0.328134,0.344588,0.648235,0.584122,-0.346197,0.0465985,0.278677,-0.114637,0.725771,0.182385,0.209055,-0.629515,85.17474349819037,3.370089613054677,-46.71674712952863,-17.293124151178915,-10.831757611022478,10.735625857614512
7.701550722122192,-5.5372,4.19945,0.800112,0.326494,0.366059,0.790983,0.0368192,0.456099,0.328134,0.344588,0.648235,0.584122,-0.346197,0.0465985,0.278677,-0.114637,0.725771,0.182385,0.209055,-0.629515,85.17474349819037,3.370089613054677,-46.71674712952863,-17.293124151178915,-10.831757611022478,10.735625857614512
7.873567342758179,-5.40283,4.14491,0.800363,0.320762,0.35296,0.783006,0.0368346,0.456117,0.328144,0.343473,0.649895,0.582995,-0.346092,0.0465994,0.278685,-0.114634,0.725738,0.182392,0.209074,-0.629544,85.26166777105075,3.5233923060269343,-48.60320357280321,-17.760642104216366,-10.399645164990893,10.949190407709946
7.874533653259277,-5.40283,4.14491,0.800363,0.320762,0.35296,0.783006,0.0368346,0.456117,0.328144,0.343473,0.649895,0.582995,-0.346092,0.0465994,0.278685,-0.114634,0.725738,0.182392,0.209074,-0.629544,85.26166777105075,3.5233923060269343,-48.60320357280321,-17.760642104216366,-10.399645164990893,10.949190407709946
8.04673147201538,-5.40224,4.16627,0.800513,0.322224,0.352131,0.786655,0.0368308,0.456116,0.328142,0.343421,0.649898,0.582997,-0.346136,0.0466,0.278763,-0.114658,0.725046,0.183361,0.209126,-0.630042,85.19060888684001,3.465920010339863,-47.63698729188948,-17.945538562234397,-10.504764097795768,11.136302728451808
8.04770827293396,-5.40224,4.16627,0.800513,0.322224,0.352131,0.786655,0.0368308,0.456116,0.328142,0.343421,0.649898,0.582997,-0.346136,0.0466,0.278763,-0.114658,0.725046,0.183361,0.209126,-0.630042,85.19060888684001,3.465920010339863,-47.63698729188948,-17.945538562234397,-10.504764097795768,11.136302728451808
8.233573913574219,-5.42435,4.17424,0.793149,0.324259,0.35636,0.78826,0.0368074,0.456106,0.328133,0.343952,0.64965,0.58322,-0.345697,0.0465381,0.278699,-0.114635,0.724858,0.182745,0.208772,-0.630555,85.25748598959532,3.3180425164860265,-46.8409102575418,-17.69589701380358,-10.734586226392365,10.904263682514596
8.234535694122314,-5.42435,4.17424,0.793149,0.324259,0.35636,0.78826,0.0368074,0.456106,0.328133,0.343952,0.64965,0.58322,-0.345697,0.0465381,0.278699,-0.114635,0.724858,0.182745,0.208772,-0.630555,85.25748598959532,3.3180425164860265,-46.8409102575418,-17.69589701380358,-10.734586226392365,10.904263682514596
8.405531167984009,-5.43919,4.20954,0.819637,0.32628,0.351693,0.795304,0.0368213,0.456097,0.328138,0.343942,0.649536,0.583423,-0.34558,0.0465291,0.278731,-0.114598,0.724302,0.182218,0.208901,-0.631303,85.3041655979306,3.180307167948048,-45.971438275363894,-17.64620368525468,-10.442787042562076,10.829557910750324
8.406488180160522,-5.43919,4.20954,0.819637,0.32628,0.351693,0.795304,0.0368213,0.456097,0.328138,0.343942,0.649536,0.583423,-0.34558,0.0465291,0.278731,-0.114598,0.724302,0.182218,0.208901,-0.631303,85.3041655979306,3.180307167948048,-45.971438275363894,-17.64620368525468,-10.442787042562076,10.829557910750324
8.577709913253784,-5.50223,4.21496,0.818843,0.32787,0.358132,0.794877,0.036811,0.456101,0.328134,0.343936,0.649663,0.583217,-0.345694,0.0465841,0.278785,-0.11462,0.724497,0.182872,0.209322,-0.630751,85.20069749331607,3.2657203865259667,-46.11101481773478,-17.831770539786355,-10.487818430798022,11.01961176940425
8.578663110733032,-5.50223,4.21496,0.818843,0.32787,0.358132,0.794877,0.036811,0.456101,0.328134,0.343936,0.649663,0.583217,-0.345694,0.0465841,0.278785,-0.11462,0.724497,0.182872,0.209322,-0.630751,85.20069749331607,3.2657203865259667,-46.11101481773478,-17.831770539786355,-10.487818430798022,11.01961176940425
8.751492738723755,-5.39883,4.21207,0.800203,0.326944,0.352769,0.79674,0.0368121,0.456109,0.328136,0.343946,0.649695,0.583184,-0.34568,0.0465406,0.278706,-0.114618,0.724863,0.182579,0.208694,-0.630623,85.27839749965617,3.3123477774992143,-46.92668947051335,-17.6518684294045,-10.698506471785734,10.842867085270008
8.752450942993164,-5.39883,4.21207,0.800203,0.326944,0.352769,0.79674,0.0368121,0.456109,0.328136,0.343946,0.649695,0.583184,-0.34568,0.0465406,0.278706,-0.114618,0.724863,0.182579,0.208694,-0.630623,85.27839749965617,3.3123477774992143,-46.92668947051335,-17.6518684294045,-10.698506471785734,10.842867085270008
8.924282312393188,-5.48343,4.25047,0.825013,0.331234,0.355577,0.802211,0.0368378,0.456113,0.328149,0.34343,0.649907,0.582994,-0.346114,0.046583,0.278709,-0.114598,0.725158,0.181888,0.209242,-0.630302,85.29173072344571,3.4074554612810117,-47.879672352102624,-17.6936738707916,-10.014416428220056,10.889881303429672
8.92523741722107,-5.48343,4.25047,0.825013,0.331234,0.355577,0.802211,0.0368378,0.456113,0.328149,0.34343,0.649907,0.582994,-0.346114,0.046583,0.278709,-0.114598,0.725158,0.181888,0.209242,-0.630302,85.29173072344571,3.4074554612810117,-47.879672352102624,-17.6936738707916,-10.014416428220056,10.889881303429672
9.098708629608154,-5.43402,4.33066,0.778873,0.339918,0.36065,0.819687,0.0368076,0.456099,0.328133,0.343909,0.649664,0.583232,-0.345694,0.0465229,0.278727,-0.114592,0.724329,0.182178,0.20889,-0.631288,85.29861136687798,3.2050052102975712,-46.16663805053528,-17.616448262442226,-10.358310960598356,10.808434341637923
9.099664211273193,-5.43402,4.33066,0.778873,0.339918,0.36065,0.819687,0.0368076,0.456099,0.328133,0.343909,0.649664,0.583232,-0.345694,0.0465229,0.278727,-0.114592,0.724329,0.182178,0.20889,-0.631288,85.29861136687798,3.2050052102975712,-46.16663805053528,-17.616448262442226,-10.358310960598356,10.808434341637923
9.286460399627686,-5.40544,4.18088,0.799894,0.324402,0.353046,0.790367,0.0368324,0.456119,0.328144,0.343442,0.649882,0.583002,-0.346135,0.0465365,0.278708,-0.11462,0.724864,0.182609,0.20867,-0.630621,85.29048659692764,3.3964857503021757,-47.66568410024217,-17.696310577863944,-10.38012331986799,10.895984680735229
9.287425994873047,-5.40544,4.18088,0.799894,0.324402,0.353046,0.790367,0.0368324,0.456119,0.328144,0.343442,0.649882,0.583002,-0.346135,0.0465365,0.278708,-0.11462,0.724864,0.182609,0.20867,-0.630621,85.29048659692764,3.3964857503021757,-47.66568410024217,-17.696310577863944,-10.38012331986799,10.895984680735229
9.46212363243103,-5.35931,4.16307,0.838993,0.321476,0.340229,0.787208,0.0368107,0.456116,0.328154,0.343805,0.649762,0.583337,-0.345435,0.0465959,0.278689,-0.114629,0.725643,0.182398,0.209066,-0.629655,85.28560094364353,3.416650791652025,-47.89778289119529,-17.847876436441343,-10.75453423616645,10.963697449372383
9.463082313537598,-5.35931,4.16307,0.838993,0.321476,0.340229,0.787208,0.0368107,0.456116,0.328154,0.343805,0.649762,0.583337,-0.345435,0.0465959,0.278689,-0.114629,0.725643,0.182398,0.209066,-0.629655,85.28560094364353,3.416650791652025,-47.89778289119529,-17.847876436441343,-10.75453423616645,10.963697449372383
9.638968467712402,-5.45426,4.19564,0.80615,0.325935,0.35628,0.7919,0.0368025,0.456104,0.328124,0.34484,0.649152,0.5835,-0.345275,0.046597,0.278687,-0.114632,0.725684,0.182384,0.20905,-0.629617,85.20247424692495,3.316341976650996,-46.59508170311094,-17.49165357906022,-11.175912844190407,10.75948299892275
9.64004135131836,-5.45426,4.19564,0.80615,0.325935,0.35628,0.7919,0.0368025,0.456104,0.328124,0.34484,0.649152,0.5835,-0.345275,0.046597,0.278687,-0.114632,0.725684,0.182384,0.20905,-0.629617,85.20247424692495,3.316341976650996,-46.59508170311094,-17.49165357906022,-11.175912844190407,10.75948299892275
9.81541633605957,-5.44154,4.25672,0.799534,0.331581,0.356367,0.804602,0.0368335,0.456112,0.328146,0.343439,0.649897,0.583014,-0.34609,0.0465409,0.278694,-0.114633,0.724861,0.182715,0.208739,-0.630571,85.27973872728626,3.3978579235918343,-47.614417287554154,-17.748546152193022,-10.415254788642565,10.954113664902344
9.816381216049194,-5.44154,4.25672,0.799534,0.331581,0.356367,0.804602,0.0368335,0.456112,0.328146,0.343439,0.649897,0.583014,-0.34609,0.0465409,0.278694,-0.114633,0.724861,0.182715,0.208739,-0.630571,85.27973872728626,3.3978579235918343,-47.614417287554154,-17.748546152193022,-10.415254788642565,10.954113664902344
9.99335241317749,-5.4699,4.22231,0.793246,0.328745,0.361052,0.797026,0.0368131,0.456102,0.328135,0.343942,0.649687,0.583199,-0.345673,0.0465227,0.278729,-0.114583,0.724309,0.182086,0.208886,-0.631338,85.30365920482774,3.1952118314302163,-46.12486401889471,-17.59154726616991,-10.34262789692723,10.782202802011676
9.994312286376953,-5.4699,4.22231,0.793246,0.328745,0.361052,0.797026,0.0368131,0.456102,0.328135,0.343942,0.649687,0.583199,-0.345673,0.0465227,0.278729,-0.114583,0.724309,0.182086,0.208886,-0.631338,85.30365920482774,3.1952118314302163,-46.12486401889471,-17.59154726616991,-10.34262789692723,10.782202802011676
