# Timestamp, Fx, Fy, Fz, Tx, Ty, Tz, FemurPosX, FemurPosY, FemurPosZ, FemurQuatW, FemurQuatX, FemurQuatY, FemurQuatZ, TibiaPosX, TibiaPosY, TibiaPosZ, TibiaQuatW, TibiaQuatX, TibiaQuatY, TibiaQuatZ, Flexion, Adduction, Rotation, Anterior_Posterior, Medial_Lateral, Proximal_Distal
0.15473103523254395,-8.13544,4.17775,-0.678981,0.334198,1.1498,0.711716,0.0364496,0.456346,0.328396,0.341605,0.646713,0.587252,-0.346703,0.0386254,0.481855,-0.0731438,0.554523,0.451168,0.434988,-0.547483,40.65467237231612,2.3901564913543027,-4.940813421758464,10.082794186299227,-15.923576696034772,2.4329906421392336
0.15569734573364258,-8.13544,4.17775,-0.678981,0.334198,1.1498,0.711716,0.0364496,0.456346,0.328396,0.341605,0.646713,0.587252,-0.346703,0.0386254,0.481855,-0.0731438,0.554523,0.451168,0.434988,-0.547483,40.65467237231612,2.3901564913543027,-4.940813421758464,10.082794186299227,-15.923576696034772,2.4329906421392336
0.31049537658691406,-8.07253,4.17436,-0.677444,0.317172,1.13305,0.715225,0.0364433,0.456359,0.328402,0.341723,0.646619,0.587559,-0.346242,0.0386372,0.480224,-0.0744409,0.555841,0.449396,0.432512,-0.549561,41.125763040924895,2.2908097221540102,-4.768257554843961,9.820498069042133,-16.410135226825567,2.4802493499340272
0.3114750385284424,-8.07253,4.17436,-0.677444,0.317172,1.13305,0.715225,0.0364433,0.456359,0.328402,0.341723,0.646619,0.587559,-0.346242,0.0386372,0.480224,-0.0744409,0.555841,0.449396,0.432512,-0.549561,41.125763040924895,2.2908097221540102,-4.768257554843961,9.820498069042133,-16.410135226825567,2.4802493499340272
0.466763973236084,-7.804,3.70563,-0.709021,0.242981,1.11455,0.629094,0.0364531,0.456355,0.328298,0.342804,0.647086,0.586594,-0.345937,0.0395278,0.474114,-0.079105,0.558248,0.441253,0.425029,-0.559469,42.58409170947896,1.4739370561949172,-3.8732075372493378,9.350211022992804,-15.905359257480285,3.175879387208993
0.467724084854126,-7.804,3.70563,-0.709021,0.242981,1.11455,0.629094,0.0364531,0.456355,0.328298,0.342804,0.647086,0.586594,-0.345937,0.0395278,0.474114,-0.079105,0.558248,0.441253,0.425029,-0.559469,42.58409170947896,1.4739370561949172,-3.8732075372493378,9.350211022992804,-15.905359257480285,3.175879387208993
0.6244018077850342,-7.6582,3.48981,-0.80218,0.199008,1.12095,0.609578,0.0364542,0.456355,0.328259,0.342653,0.647031,0.586694,-0.346021,0.0367101,0.462475,-0.0862908,0.573176,0.421862,0.416069,-0.566029,45.38621551427668,1.1188448090083434,-4.829120994919433,7.396885597568831,-15.480767591292773,3.4130615314667803
0.6253609657287598,-7.6582,3.48981,-0.80218,0.199008,1.12095,0.609578,0.0364542,0.456355,0.328259,0.342653,0.647031,0.586694,-0.346021,0.0367101,0.462475,-0.0862908,0.573176,0.421862,0.416069,-0.566029,45.38621551427668,1.1188448090083434,-4.829120994919433,7.396885597568831,-15.480767591292773,3.4130615314667803
0.782846212387085,-7.51537,2.97889,-0.210094,0.113269,1.00479,0.514405,0.0362904,0.456334,0.328001,0.34226,0.645217,0.58715,-0.34901,0.0267875,0.443622,-0.0953977,0.609413,0.385984,0.409211,-0.55873,49.231376786376515,2.329830959716974,-10.457254053740545,4.635489759059265,-15.680029667937339,3.494954023469406
0.7838163375854492,-7.51537,2.97889,-0.210094,0.113269,1.00479,0.514405,0.0362904,0.456334,0.328001,0.34226,0.645217,0.58715,-0.34901,0.0267875,0.443622,-0.0953977,0.609413,0.385984,0.409211,-0.55873,49.231376786376515,2.329830959716974,-10.457254053740545,4.635489759059265,-15.680029667937339,3.494954023469406
0.9421596527099609,-7.85575,3.2026,-0.613048,0.168168,1.11505,0.556698,0.0362986,0.456332,0.327961,0.342167,0.645224,0.587093,-0.349184,0.0203994,0.424705,-0.102695,0.636982,0.351804,0.40108,-0.556437,53.016650731712076,2.7650708652849687,-14.691642541772433,1.151447693970624,-15.369789135352194,3.921078888722439
0.9431247711181641,-7.85575,3.2026,-0.613048,0.168168,1.11505,0.556698,0.0362986,0.456332,0.327961,0.342167,0.645224,0.587093,-0.349184,0.0203994,0.424705,-0.102695,0.636982,0.351804,0.40108,-0.556437,53.016650731712076,2.7650708652849687,-14.691642541772433,1.151447693970624,-15.369789135352194,3.921078888722439
1.103062391281128,-7.90331,3.26992,-0.394912,0.172211,1.08134,0.556672,0.0363484,0.456305,0.328,0.341479,0.645522,0.587033,-0.349407,0.0264745,0.406302,-0.109481,0.650357,0.334609,0.372444,-0.571278,57.4994133027817,3.047367158478437,-15.129152944488295,-1.2903063529814112,-14.119054926827573,4.291762108238953
1.1040370464324951,-7.90331,3.26992,-0.394912,0.172211,1.08134,0.556672,0.0363484,0.456305,0.328,0.341479,0.645522,0.587033,-0.349407,0.0264745,0.406302,-0.109481,0.650357,0.334609,0.372444,-0.571278,57.4994133027817,3.047367158478437,-15.129152944488295,-1.2903063529814112,-14.119054926827573,4.291762108238953
1.261141300201416,-7.92536,3.25516,-0.543882,0.179652,1.11019,0.557116,0.0364066,0.456245,0.327877,0.341632,0.645243,0.586732,-0.350277,0.0291863,0.383082,-0.115614,0.667471,0.307072,0.3447,-0.58427,62.49788203917093,3.163798615048528,-16.72770866413779,-4.054071538891365,-13.116985446957354,5.325340664177872
1.2621040344238281,-7.92536,3.25516,-0.543882,0.179652,1.11019,0.557116,0.0364066,0.456245,0.327877,0.341632,0.645243,0.586732,-0.350277,0.0291863,0.383082,-0.115614,0.667471,0.307072,0.3447,-0.58427,62.49788203917093,3.163798615048528,-16.72770866413779,-4.054071538891365,-13.116985446957354,5.325340664177872
1.4232697486877441,-7.98307,3.28619,-0.518088,0.181264,1.13183,0.560446,0.0364291,0.456266,0.327874,0.342029,0.644177,0.588258,-0.349292,0.0376739,0.362982,-0.119281,0.675774,0.292831,0.310114,-0.601173,67.17118229181038,3.0177823510844335,-15.983966849830395,-6.840737098386275,-12.762574505482327,6.534448974899545
1.4242312908172607,-7.98307,3.28619,-0.518088,0.181264,1.13183,0.560446,0.0364291,0.456266,0.327874,0.342029,0.644177,0.588258,-0.349292,0.0376739,0.362982,-0.119281,0.675774,0.292831,0.310114,-0.601173,67.17118229181038,3.0177823510844335,-15.983966849830395,-6.840737098386275,-12.762574505482327,6.534448974899545
1.581165075302124,-7.71844,3.65651,-0.681752,0.237013,1.14109,0.640608,0.036547,0.456187,0.327941,0.341392,0.6471,0.585609,-0.348961,0.0489656,0.344017,-0.120851,0.680547,0.28744,0.267869,-0.61845,71.751833420011,3.3086896872952734,-16.279578009536973,-8.998533979741874,-13.374540800806752,7.314566511542034
1.5821278095245361,-7.71844,3.65651,-0.681752,0.237013,1.14109,0.640608,0.036547,0.456187,0.327941,0.341392,0.6471,0.585609,-0.348961,0.0489656,0.344017,-0.120851,0.680547,0.28744,0.267869,-0.61845,71.751833420011,3.3086896872952734,-16.279578009536973,-8.998533979741874,-13.374540800806752,7.314566511542034
1.7383742332458496,-7.69883,2.86848,-0.452386,0.105485,1.09954,0.486323,0.0366302,0.456194,0.327829,0.341499,0.645918,0.587377,-0.348077,0.0535544,0.328419,-0.121299,0.682705,0.274844,0.240544,-0.632861,75.43717545013422,2.506807235167005,-14.345050429513254,-10.526905414815577,-13.641365499329911,8.132709220264125
1.739398717880249,-7.69883,2.86848,-0.452386,0.105485,1.09954,0.486323,0.0366302,0.456194,0.327829,0.341499,0.645918,0.587377,-0.348077,0.0535544,0.328419,-0.121299,0.682705,0.274844,0.240544,-0.632861,75.43717545013422,2.506807235167005,-14.345050429513254,-10.526905414815577,-13.641365499329911,8.132709220264125
1.8944940567016602,-7.71544,2.63453,-0.607624,0.0682223,1.12777,0.446671,0.0366541,0.456151,0.327861,0.341253,0.645753,0.587078,-0.349125,0.0541869,0.325609,-0.121388,0.683326,0.271815,0.236092,-0.635172,76.03278287762426,2.4854763452619086,-14.524873124004356,-10.295070885847299,-12.888269952353209,8.288050130354902
1.8954532146453857,-7.71544,2.63453,-0.607624,0.0682223,1.12777,0.446671,0.0366541,0.456151,0.327861,0.341253,0.645753,0.587078,-0.349125,0.0541869,0.325609,-0.121388,0.683326,0.271815,0.236092,-0.635172,76.03278287762426,2.4854763452619086,-14.524873124004356,-10.295070885847299,-12.888269952353209,8.288050130354902
2.0520105361938477,-7.92581,2.73461,-0.535198,0.0861606,1.17152,0.466814,0.0365849,0.456163,0.327863,0.340998,0.645372,0.58771,-0.349016,0.0489876,0.340901,-0.120917,0.676904,0.283765,0.264327,-0.625627,72.45234571871995,2.4376797237667964,-13.348852249907763,-9.734292705142607,-12.559018756773098,7.6556671122662445
2.0529863834381104,-7.92581,2.73461,-0.535198,0.0861606,1.17152,0.466814,0.0365849,0.456163,0.327863,0.340998,0.645372,0.58771,-0.349016,0.0489876,0.340901,-0.120917,0.676904,0.283765,0.264327,-0.625627,72.45234571871995,2.4376797237667964,-13.348852249907763,-9.734292705142607,-12.559018756773098,7.6556671122662445
2.2099432945251465,-8.00371,3.69525,-0.410213,0.225779,1.14596,0.635253,0.0365846,0.456169,0.327915,0.341842,0.645797,0.586795,-0.348944,0.0399099,0.370677,-0.117832,0.666323,0.30785,0.313411,-0.602507,65.6600624031808,2.830969891322509,-14.019651415565749,-6.097271705305884,-13.273765120635625,5.849940976486224
2.210902214050293,-8.00371,3.69525,-0.410213,0.225779,1.14596,0.635253,0.0365846,0.456169,0.327915,0.341842,0.645797,0.586795,-0.348944,0.0399099,0.370677,-0.117832,0.666323,0.30785,0.313411,-0.602507,65.6600624031808,2.830969891322509,-14.019651415565749,-6.097271705305884,-13.273765120635625,5.849940976486224
2.367967367172241,-8.02701,4.2652,-0.787981,0.309281,1.23266,0.72561,0.0366378,0.456239,0.328156,0.342821,0.647087,0.586356,-0.346322,0.0387724,0.399225,-0.111464,0.64592,0.343913,0.346684,-0.586789,59.46427779011018,2.7712563011904066,-12.00599275385567,-3.17967745466209,-14.916645472430801,4.7825198386365
2.3689255714416504,-8.02701,4.2652,-0.787981,0.309281,1.23266,0.72561,0.0366378,0.456239,0.328156,0.342821,0.647087,0.586356,-0.346322,0.0387724,0.399225,-0.111464,0.64592,0.343913,0.346684,-0.586789,59.46427779011018,2.7712563011904066,-12.00599275385567,-3.17967745466209,-14.916645472430801,4.7825198386365
2.5419998168945312,-7.72335,4.19864,-1.53747,0.296646,1.31601,0.715709,0.0365634,0.456304,0.328533,0.340696,0.647405,0.587418,-0.346025,0.0401814,0.433471,-0.0995508,0.611,0.391779,0.378702,-0.574259,52.33079799570486,2.784838257923194,-8.552723325401688,1.2612298585862711,-15.582897696086624,3.2940820716739134
2.5429651737213135,-7.72335,4.19864,-1.53747,0.296646,1.31601,0.715709,0.0365634,0.456304,0.328533,0.340696,0.647405,0.587418,-0.346025,0.0401814,0.433471,-0.0995508,0.611,0.391779,0.378702,-0.574259,52.33079799570486,2.784838257923194,-8.552723325401688,1.2612298585862711,-15.582897696086624,3.2940820716739134
2.700493812561035,-7.71452,4.52385,-1.39994,0.345567,1.2524,0.790494,0.0364686,0.456363,0.328562,0.341383,0.647203,0.586985,-0.34646,0.03211,0.46291,-0.0843323,0.585181,0.416178,0.424063,-0.551842,45.18747042389995,2.180514747603158,-8.12580167139657,6.419131382754415,-15.182233885197364,2.0828913215228204
2.7014589309692383,-7.71452,4.52385,-1.39994,0.345567,1.2524,0.790494,0.0364686,0.456363,0.328562,0.341383,0.647203,0.586985,-0.34646,0.03211,0.46291,-0.0843323,0.585181,0.416178,0.424063,-0.551842,45.18747042389995,2.180514747603158,-8.12580167139657,6.419131382754415,-15.182233885197364,2.0828913215228204
2.858322858810425,-7.94485,4.31766,-1.4801,0.323913,1.24062,0.733581,0.036429,0.456297,0.328679,0.340393,0.647916,0.586234,-0.347372,0.0243164,0.488537,-0.0667547,0.56038,0.439484,0.465866,-0.525165,38.353961156880345,2.0030697638017387,-8.739055968196869,10.24827494118275,-14.900811998576254,2.207031957966533
2.859269142150879,-7.94485,4.31766,-1.4801,0.323913,1.24062,0.733581,0.036429,0.456297,0.328679,0.340393,0.647916,0.586234,-0.347372,0.0243164,0.488537,-0.0667547,0.56038,0.439484,0.465866,-0.525165,38.353961156880345,2.0030697638017387,-8.739055968196869,10.24827494118275,-14.900811998576254,2.207031957966533
3.0191686153411865,-8.14279,4.25497,-1.49031,0.332544,1.22306,0.720184,0.0364646,0.456306,0.328761,0.340625,0.648215,0.585929,-0.3471,0.0207232,0.509714,-0.0483337,0.538793,0.464512,0.495797,-0.498113,32.393312398799914,2.465746269440938,-9.245300262252155,13.991236476110842,-15.856730352860978,1.9526295021436448
3.020132303237915,-8.14279,4.25497,-1.49031,0.332544,1.22306,0.720184,0.0364646,0.456306,0.328761,0.340625,0.648215,0.585929,-0.3471,0.0207232,0.509714,-0.0483337,0.538793,0.464512,0.495797,-0.498113,32.393312398799914,2.465746269440938,-9.245300262252155,13.991236476110842,-15.856730352860978,1.9526295021436448
3.180903434753418,-8.31597,4.09879,-1.30373,0.30685,1.20075,0.702036,0.0364896,0.456283,0.328735,0.340714,0.648184,0.585956,-0.347024,0.0168084,0.529136,-0.0271884,0.516763,0.487253,0.527944,-0.465634,26.08176683400685,2.930308762021109,-10.208909261500704,17.189359141201415,-15.163898727218873,2.5771998922511368
3.1818737983703613,-8.31597,4.09879,-1.30373,0.30685,1.20075,0.702036,0.0364896,0.456283,0.328735,0.340714,0.648184,0.585956,-0.347024,0.0168084,0.529136,-0.0271884,0.516763,0.487253,0.527944,-0.465634,26.08176683400685,2.930308762021109,-10.208909261500704,17.189359141201415,-15.163898727218873,2.5771998922511368
3.3434178829193115,-7.98821,4.16837,-1.52805,0.316318,1.22576,0.724541,0.0365535,0.456338,0.328801,0.339212,0.649185,0.584973,-0.348283,0.0159868,0.547317,-0.0039753,0.479355,0.514988,0.553479,-0.44572,19.783533000264683,2.7271682782939206,-8.812457249939015,20.637321540146765,-15.724166001215192,4.168098267030745
3.3444929122924805,-7.98821,4.16837,-1.52805,0.316318,1.22576,0.724541,0.0365535,0.456338,0.328801,0.339212,0.649185,0.584973,-0.348283,0.0159868,0.547317,-0.0039753,0.479355,0.514988,0.553479,-0.44572,19.783533000264683,2.7271682782939206,-8.812457249939015,20.637321540146765,-15.724166001215192,4.168098267030745
3.5118248462677,-7.95822,4.58758,-1.1285,0.374841,1.12199,0.809712,0.0364746,0.456312,0.328801,0.340523,0.648282,0.585724,-0.347423,0.0107012,0.559962,0.0184742,0.459228,0.528727,0.584208,-0.410193,13.880984353726147,2.715828266636016,-10.14851471807904,22.937500853757335,-14.17718115218206,6.062335326489181
3.5127837657928467,-7.95822,4.58758,-1.1285,0.374841,1.12199,0.809712,0.0364746,0.456312,0.328801,0.340523,0.648282,0.585724,-0.347423,0.0107012,0.559962,0.0184742,0.459228,0.528727,0.584208,-0.410193,13.880984353726147,2.715828266636016,-10.14851471807904,22.937500853757335,-14.17718115218206,6.062335326489181
3.670051097869873,-7.66207,4.77542,-1.42011,0.39345,1.13235,0.831869,0.0366686,0.45627,0.328776,0.339325,0.649299,0.584748,-0.348337,0.0164068,0.569497,0.0380566,0.431579,0.558125,0.591305,-0.390633,9.213637729564198,4.18196970654408,-8.939589477550248,24.317820190269806,-15.198162556722899,6.990383449242359
3.6710171699523926,-7.66207,4.77542,-1.42011,0.39345,1.13235,0.831869,0.0366686,0.45627,0.328776,0.339325,0.649299,0.584748,-0.348337,0.0164068,0.569497,0.0380566,0.431579,0.558125,0.591305,-0.390633,9.213637729564198,4.18196970654408,-8.939589477550248,24.317820190269806,-15.198162556722899,6.990383449242359
3.830622434616089,-7.44432,4.58781,-1.95019,0.384825,1.21596,0.80802,0.0367461,0.456312,0.328839,0.34002,0.648369,0.585836,-0.347563,0.0194818,0.573964,0.0505722,0.423011,0.574912,0.593212,-0.37234,6.686771711086433,5.865438285972102,-8.895143874493405,25.79292009763661,-16.029205166040118,5.952145197325745
3.83158016204834,-7.44432,4.58781,-1.95019,0.384825,1.21596,0.80802,0.0367461,0.456312,0.328839,0.34002,0.648369,0.585836,-0.347563,0.0194818,0.573964,0.0505722,0.423011,0.574912,0.593212,-0.37234,6.686771711086433,5.865438285972102,-8.895143874493405,25.79292009763661,-16.029205166040118,5.952145197325745
3.9895339012145996,-7.35441,4.99439,-2.10533,0.447976,1.22524,0.869626,0.0367483,0.456237,0.328839,0.339586,0.64882,0.585152,-0.348298,0.0227834,0.576468,0.0577728,0.41532,0.587925,0.594272,-0.35874,4.656911103150243,7.06918073982512,-8.94770932204231,25.19747221712685,-15.201069428607433,7.628016393991491
3.9905107021331787,-7.35441,4.99439,-2.10533,0.447976,1.22524,0.869626,0.0367483,0.456237,0.328839,0.339586,0.64882,0.585152,-0.348298,0.0227834,0.576468,0.0577728,0.41532,0.587925,0.594272,-0.35874,4.656911103150243,7.06918073982512,-8.94770932204231,25.19747221712685,-15.201069428607433,7.628016393991491
4.1499834060668945,-7.21241,5.61645,-2.27337,0.543304,1.23494,0.973461,0.0369917,0.456122,0.328899,0.341712,0.647396,0.585998,-0.347444,0.0295222,0.577396,0.0616798,0.413099,0.599271,0.587599,-0.353484,3.988077396944886,8.548238161963601,-8.204227867719178,25.90160750776481,-14.806460876205987,7.257119541974944
4.1509482860565186,-7.21241,5.61645,-2.27337,0.543304,1.23494,0.973461,0.0369917,0.456122,0.328899,0.341712,0.647396,0.585998,-0.347444,0.0295222,0.577396,0.0616798,0.413099,0.599271,0.587599,-0.353484,3.988077396944886,8.548238161963601,-8.204227867719178,25.90160750776481,-14.806460876205987,7.257119541974944
4.3099048137664795,-7.29102,5.74808,-1.97783,0.54394,1.20724,0.983091,0.0376229,0.456012,0.329122,0.340377,0.648046,0.5861,-0.347371,0.044844,0.57804,0.0565345,0.413425,0.615481,0.564015,-0.363523,5.566602992365736,10.863585888392315,-6.358352432360214,26.4387441107073,-13.383596063997764,8.10484645620987
4.310868501663208,-7.29102,5.74808,-1.97783,0.54394,1.20724,0.983091,0.0376229,0.456012,0.329122,0.340377,0.648046,0.5861,-0.347371,0.044844,0.57804,0.0565345,0.413425,0.615481,0.564015,-0.363523,5.566602992365736,10.863585888392315,-6.358352432360214,26.4387441107073,-13.383596063997764,8.10484645620987
4.469478368759155,-7.54136,6.24342,-1.85883,0.618029,1.24367,1.06799,0.0373378,0.456016,0.32907,0.341782,0.647266,0.586887,-0.346115,0.0657497,0.573203,0.0405318,0.430977,0.622814,0.526032,-0.386849,10.363948465717968,13.252368029925295,-4.661919785067975,27.280885727676765,-8.743404218293023,7.236691850942056
4.470451593399048,-7.54136,6.24342,-1.85883,0.618029,1.24367,1.06799,0.0373378,0.456016,0.32907,0.341782,0.647266,0.586887,-0.346115,0.0657497,0.573203,0.0405318,0.430977,0.622814,0.526032,-0.386849,10.363948465717968,13.252368029925295,-4.661919785067975,27.280885727676765,-8.743404218293023,7.236691850942056
4.642452955245972,-8.39521,6.16525,-1.05964,0.598909,1.24849,1.01891,0.0372954,0.456016,0.328939,0.34161,0.64792,0.58593,-0.346682,0.092931,0.554476,0.00863424,0.441615,0.615765,0.468417,-0.454307,19.471683140992916,12.615899415872438,0.26395855181763583,25.13814814286704,-3.702098283438839,5.232134617887141
4.6434197425842285,-8.39521,6.16525,-1.05964,0.598909,1.24849,1.01891,0.0372954,0.456016,0.328939,0.34161,0.64792,0.58593,-0.346682,0.092931,0.554476,0.00863424,0.441615,0.615765,0.468417,-0.454307,19.471683140992916,12.615899415872438,0.26395855181763583,25.13814814286704,-3.702098283438839,5.232134617887141
4.803087949752808,-7.99071,5.64219,-0.73129,0.512637,1.19952,0.936515,0.0368306,0.456118,0.328715,0.340837,0.647928,0.586451,-0.346546,0.112124,0.52776,-0.0221608,0.468533,0.595116,0.41665,-0.502709,28.543280660989453,11.750311880213037,2.077051391342174,18.017719893506694,3.8219769602239535,4.222124055443587
4.804049015045166,-7.99071,5.64219,-0.73129,0.512637,1.19952,0.936515,0.0368306,0.456118,0.328715,0.340837,0.647928,0.586451,-0.346546,0.112124,0.52776,-0.0221608,0.468533,0.595116,0.41665,-0.502709,28.543280660989453,11.750311880213037,2.077051391342174,18.017719893506694,3.8219769602239535,4.222124055443587
4.962942123413086,-8.68454,5.74205,-0.64311,0.531573,1.3138,0.953963,0.037142,0.456023,0.328697,0.341193,0.647678,0.586013,-0.347404,0.126112,0.494517,-0.0509261,0.498939,0.572414,0.35442,-0.5457,38.15235062242331,11.190405382813085,3.349096283242133,12.918562757524498,4.3380194457590076,4.476914150698361
4.963904142379761,-8.68454,5.74205,-0.64311,0.531573,1.3138,0.953963,0.037142,0.456023,0.328697,0.341193,0.647678,0.586013,-0.347404,0.126112,0.494517,-0.0509261,0.498939,0.572414,0.35442,-0.5457,38.15235062242331,11.190405382813085,3.349096283242133,12.918562757524498,4.3380194457590076,4.476914150698361
5.124457836151123,-8.66086,4.52818,-0.174102,0.350926,1.21379,0.726834,0.0370154,0.456085,0.328548,0.34105,0.648021,0.585946,-0.347017,0.136524,0.460375,-0.0714936,0.520589,0.548624,0.295588,-0.583632,46.858296097388276,9.814908169847936,5.148096454772227,7.8993921458629215,3.9146376730852466,4.225880087180213
5.125426530838013,-8.66086,4.52818,-0.174102,0.350926,1.21379,0.726834,0.0370154,0.456085,0.328548,0.34105,0.648021,0.585946,-0.347017,0.136524,0.460375,-0.0714936,0.520589,0.548624,0.295588,-0.583632,46.858296097388276,9.814908169847936,5.148096454772227,7.8993921458629215,3.9146376730852466,4.225880087180213
5.285707473754883,-8.19279,3.8008,-0.155605,0.236462,1.14632,0.596851,0.0367252,0.456089,0.328078,0.342693,0.648084,0.584794,-0.347225,0.138408,0.42491,-0.0887721,0.558894,0.512239,0.244799,-0.604419,55.41374050717919,9.137108639281132,2.759358574415698,3.8208031364135118,1.7692073066945582,5.159392100044251
5.286678075790405,-8.19279,3.8008,-0.155605,0.236462,1.14632,0.596851,0.0367252,0.456089,0.328078,0.342693,0.648084,0.584794,-0.347225,0.138408,0.42491,-0.0887721,0.558894,0.512239,0.244799,-0.604419,55.41374050717919,9.137108639281132,2.759358574415698,3.8208031364135118,1.7692073066945582,5.159392100044251
5.446835994720459,-7.76149,3.97593,-0.310061,0.230201,1.14891,0.643461,0.0364527,0.456171,0.327987,0.341767,0.645313,0.587698,-0.348391,0.149821,0.392551,-0.0944672,0.556664,0.500993,0.184767,-0.63639,62.05511349593513,7.2692753172827365,7.770606478343033,0.04764442916320366,1.5007694262539855,5.665892703478826
5.447802543640137,-7.76149,3.97593,-0.310061,0.230201,1.14891,0.643461,0.0364527,0.456171,0.327987,0.341767,0.645313,0.587698,-0.348391,0.149821,0.392551,-0.0944672,0.556664,0.500993,0.184767,-0.63639,62.05511349593513,7.2692753172827365,7.770606478343033,0.04764442916320366,1.5007694262539855,5.665892703478826
5.610528469085693,-7.77102,4.50284,-0.662131,0.285372,1.23671,0.762865,0.0367886,0.456173,0.328262,0.340833,0.646576,0.587953,-0.346531,0.155925,0.375173,-0.0961304,0.57122,0.49333,0.152176,-0.638103,66.3778341474098,7.843803856577475,5.042945858277441,-2.390427726729327,-0.5472082539539168,7.458577326728663
5.611498117446899,-7.77102,4.50284,-0.662131,0.285372,1.23671,0.762865,0.0367886,0.456173,0.328262,0.340833,0.646576,0.587953,-0.346531,0.155925,0.375173,-0.0961304,0.57122,0.49333,0.152176,-0.638103,66.3778341474098,7.843803856577475,5.042945858277441,-2.390427726729327,-0.5472082539539168,7.458577326728663
5.772046327590942,-8.06776,4.77775,-0.527265,0.316322,1.26083,0.815241,0.0369332,0.456025,0.328227,0.339173,0.649561,0.584878,-0.347778,0.159758,0.360868,-0.0970508,0.58572,0.481546,0.129898,-0.638884,69.67692947457381,8.4735841035558,0.4686084076682842,-4.495254524029397,1.1280733829669851,8.970358487333016
5.773013591766357,-8.06776,4.77775,-0.527265,0.316322,1.26083,0.815241,0.0369332,0.456025,0.328227,0.339173,0.649561,0.584878,-0.347778,0.159758,0.360868,-0.0970508,0.58572,0.481546,0.129898,-0.638884,69.67692947457381,8.4735841035558,0.4686084076682842,-4.495254524029397,1.1280733829669851,8.970358487333016
5.934201002120972,-7.82816,4.36046,-0.606902,0.25364,1.25187,0.723296,0.0365615,0.456083,0.328091,0.340655,0.647593,0.586353,-0.347517,0.16157,0.349099,-0.0971856,0.588356,0.473828,0.110006,-0.645928,72.03404063568185,7.646219079438887,1.1880488836131589,-5.25280616319597,0.06662145044632434,9.230407652505082
5.9351606369018555,-7.82816,4.36046,-0.606902,0.25364,1.25187,0.723296,0.0365615,0.456083,0.328091,0.340655,0.647593,0.586353,-0.347517,0.16157,0.349099,-0.0971856,0.588356,0.473828,0.110006,-0.645928,72.03404063568185,7.646219079438887,1.1880488836131589,-5.25280616319597,0.06662145044632434,9.230407652505082
6.09554648399353,-7.63424,4.18203,-0.61736,0.236477,1.21525,0.696454,0.0368117,0.456059,0.328258,0.338618,0.649783,0.584954,-0.347776,0.16241,0.344113,-0.0971426,0.593648,0.469436,0.103018,-0.645445,73.26950697936842,8.027755691563167,-1.698919683790868,-6.732854920195459,0.571880833207125,10.240562186343427
6.096518516540527,-7.63424,4.18203,-0.61736,0.236477,1.21525,0.696454,0.0368117,0.456059,0.328258,0.338618,0.649783,0.584954,-0.347776,0.16241,0.344113,-0.0971426,0.593648,0.469436,0.103018,-0.645445,73.26950697936842,8.027755691563167,-1.698919683790868,-6.732854920195459,0.571880833207125,10.240562186343427
6.257551431655884,-7.7606,4.09227,-0.448628,0.246709,1.20353,0.671279,0.0367741,0.456032,0.328057,0.343007,0.646492,0.586658,-0.346736,0.162482,0.343986,-0.0970745,0.591531,0.471372,0.103346,-0.645925,72.76547334756236,7.494922012131473,0.9695405240613348,-5.779905395347831,-1.7212399163824115,10.083807417878464
6.258525609970093,-7.7606,4.09227,-0.448628,0.246709,1.20353,0.671279,0.0367741,0.456032,0.328057,0.343007,0.646492,0.586658,-0.346736,0.162482,0.343986,-0.0970745,0.591531,0.471372,0.103346,-0.645925,72.76547334756236,7.494922012131473,0.9695405240613348,-5.779905395347831,-1.7212399163824115,10.083807417878464
6.420857667922974,-8.3814,4.99141,-0.546541,0.388083,1.33155,0.833729,0.0367112,0.456098,0.328269,0.340065,0.648825,0.585883,-0.346589,0.163715,0.351249,-0.0958694,0.587653,0.480956,0.110423,-0.641212,71.66681312020494,8.374241726128288,-0.002274154602093776,-5.710452735115964,-0.695475067966327,9.890275749055709
6.4218244552612305,-8.3814,4.99141,-0.546541,0.388083,1.33155,0.833729,0.0367112,0.456098,0.328269,0.340065,0.648825,0.585883,-0.346589,0.163715,0.351249,-0.0958694,0.587653,0.480956,0.110423,-0.641212,71.66681312020494,8.374241726128288,-0.002274154602093776,-5.710452735115964,-0.695475067966327,9.890275749055709
6.5967772006988525,-8.54399,5.19821,-1.01196,0.446732,1.44582,0.867512,0.0369846,0.456039,0.328526,0.337242,0.651943,0.585108,-0.344799,0.163766,0.362778,-0.0942683,0.575381,0.492381,0.126149,-0.640768,69.40927352722302,8.29697213631965,2.4876559269948073,-6.00263492246617,0.7375954643696645,8.480552220333147
6.597748756408691,-8.54399,5.19821,-1.01196,0.446732,1.44582,0.867512,0.0369846,0.456039,0.328526,0.337242,0.651943,0.585108,-0.344799,0.163766,0.362778,-0.0942683,0.575381,0.492381,0.126149,-0.640768,69.40927352722302,8.29697213631965,2.4876559269948073,-6.00263492246617,0.7375954643696645,8.480552220333147
6.758200168609619,-8.61592,5.23844,-1.2908,0.48646,1.47966,0.875522,0.0368126,0.456124,0.328589,0.336981,0.651953,0.585285,-0.344737,0.162134,0.376517,-0.0924669,0.559751,0.506077,0.146747,-0.639555,66.10160011850631,8.099203004626816,5.920646088825058,-4.64341803633751,1.2593375349337745,7.340927850889081
6.7591612339019775,-8.61592,5.23844,-1.2908,0.48646,1.47966,0.875522,0.0368126,0.456124,0.328589,0.336981,0.651953,0.585285,-0.344737,0.162134,0.376517,-0.0924669,0.559751,0.506077,0.146747,-0.639555,66.10160011850631,8.099203004626816,5.920646088825058,-4.64341803633751,1.2593375349337745,7.340927850889081
6.921306371688843,-8.69883,5.34437,-0.750479,0.517677,1.36729,0.885436,0.0368692,0.456112,0.328537,0.340316,0.648071,0.586532,-0.346654,0.159682,0.392073,-0.090077,0.54916,0.517717,0.172221,-0.633034,62.19316418929373,8.321909328316515,7.810673937663833,-1.0288675556692484,1.7386208118250024,6.357740050383517
6.922274112701416,-8.69883,5.34437,-0.750479,0.517677,1.36729,0.885436,0.0368692,0.456112,0.328537,0.340316,0.648071,0.586532,-0.346654,0.159682,0.392073,-0.090077,0.54916,0.517717,0.172221,-0.633034,62.19316418929373,8.321909328316515,7.810673937663833,-1.0288675556692484,1.7386208118250024,6.357740050383517
7.083663702011108,-8.60421,4.97843,-0.627863,0.47162,1.31363,0.814634,0.0367669,0.456149,0.32847,0.341845,0.64794,0.586277,-0.345826,0.15679,0.402811,-0.0882519,0.54123,0.524296,0.19133,-0.628949,59.57354956010951,8.14671695144949,8.837813599738348,0.323908971644836,1.4145511525841217,5.772037512756061
7.084629058837891,-8.60421,4.97843,-0.627863,0.47162,1.31363,0.814634,0.0367669,0.456149,0.32847,0.341845,0.64794,0.586277,-0.345826,0.15679,0.402811,-0.0882519,0.54123,0.524296,0.19133,-0.628949,59.57354956010951,8.14671695144949,8.837813599738348,0.323908971644836,1.4145511525841217,5.772037512756061
7.24660849571228,-8.66938,4.91731,-0.793398,0.46414,1.34705,0.795168,0.036766,0.456146,0.328534,0.341424,0.647908,0.58644,-0.346026,0.15555,0.409938,-0.0864531,0.535374,0.530435,0.201808,-0.625529,58.00263975307663,8.362526160450283,9.103436943208072,1.392486042818211,1.4019085079188285,5.485662422571898
7.247575998306274,-8.66938,4.91731,-0.793398,0.46414,1.34705,0.795168,0.036766,0.456146,0.328534,0.341424,0.647908,0.58644,-0.346026,0.15555,0.409938,-0.0864531,0.535374,0.530435,0.201808,-0.625529,58.00263975307663,8.362526160450283,9.103436943208072,1.392486042818211,1.4019085079188285,5.485662422571898
7.410260438919067,-8.33435,4.63898,-0.839487,0.402978,1.29521,0.764639,0.0368403,0.456127,0.328518,0.341441,0.647812,0.58604,-0.346864,0.155256,0.410285,-0.0864784,0.53421,0.529938,0.202582,-0.626694,57.84110112873095,8.241589845168301,9.351812034978389,1.8694952524422312,1.888009494098222,5.28119953109605
7.411227464675903,-8.33435,4.63898,-0.839487,0.402978,1.29521,0.764639,0.0368403,0.456127,0.328518,0.341441,0.647812,0.58604,-0.346864,0.155256,0.410285,-0.0864784,0.53421,0.529938,0.202582,-0.626694,57.84110112873095,8.241589845168301,9.351812034978389,1.8694952524422312,1.888009494098222,5.28119953109605
7.579090356826782,-7.97594,4.43662,-0.764146,0.352081,1.23253,0.750274,0.0367527,0.456136,0.328367,0.342386,0.647741,0.586102,-0.34596,0.154429,0.404896,-0.0889083,0.542085,0.522542,0.196176,-0.628178,59.17689773059372,8.029210306992827,8.688582808327164,1.2649437314528023,0.9029705616759226,5.592864009274219
7.580065488815308,-7.97594,4.43662,-0.764146,0.352081,1.23253,0.750274,0.0367527,0.456136,0.328367,0.342386,0.647741,0.586102,-0.34596,0.154429,0.404896,-0.0889083,0.542085,0.522542,0.196176,-0.628178,59.17689773059372,8.029210306992827,8.688582808327164,1.2649437314528023,0.9029705616759226,5.592864009274219
7.743180751800537,-7.85987,4.31312,-0.673505,0.317589,1.22197,0.721076,0.0366083,0.456203,0.328227,0.342995,0.647146,0.586665,-0.345517,0.155497,0.39391,-0.0918064,0.553834,0.512535,0.179507,-0.631152,61.81008557373725,7.989842128415346,7.525072309718472,-0.05150573461100416,-0.043156644795376564,6.229351161395341
7.744152545928955,-7.85987,4.31312,-0.673505,0.317589,1.22197,0.721076,0.0366083,0.456203,0.328227,0.342995,0.647146,0.586665,-0.345517,0.155497,0.39391,-0.0918064,0.553834,0.512535,0.179507,-0.631152,61.81008557373725,7.989842128415346,7.525072309718472,-0.05150573461100416,-0.043156644795376564,6.229351161395341
7.906840801239014,-7.83506,4.4741,-0.819969,0.315175,1.28158,0.755003,0.0367176,0.456156,0.328341,0.341514,0.647871,0.58628,-0.346277,0.157811,0.381092,-0.0940242,0.562868,0.504003,0.158771,-0.635573,64.70655158404517,8.093358180753542,6.082788215587505,-1.7720251503618822,-0.29690754360484306,7.563729330077681
7.907808065414429,-7.83506,4.4741,-0.819969,0.315175,1.28158,0.755003,0.0367176,0.456156,0.328341,0.341514,0.647871,0.58628,-0.346277,0.157811,0.381092,-0.0940242,0.562868,0.504003,0.158771,-0.635573,64.70655158404517,8.093358180753542,6.082788215587505,-1.7720251503618822,-0.29690754360484306,7.563729330077681
8.070420026779175,-7.70754,4.5251,-0.850223,0.28702,1.30485,0.766396,0.0368481,0.456073,0.328381,0.340014,0.649363,0.584636,-0.347734,0.160743,0.367291,-0.0951914,0.572732,0.492534,0.136696,-0.64086,67.82633753444394,8.08089084955643,4.010081702108924,-3.468084311985442,1.1354348706990558,8.168204643542992
8.07138705253601,-7.70754,4.5251,-0.850223,0.28702,1.30485,0.766396,0.0368481,0.456073,0.328381,0.340014,0.649363,0.584636,-0.347734,0.160743,0.367291,-0.0951914,0.572732,0.492534,0.136696,-0.64086,67.82633753444394,8.08089084955643,4.010081702108924,-3.468084311985442,1.1354348706990558,8.168204643542992
8.234434604644775,-7.25767,4.24646,-0.977743,0.212731,1.30401,0.710048,0.0366676,0.456235,0.328254,0.341765,0.648476,0.586971,-0.343715,0.162943,0.35251,-0.0958132,0.582127,0.481266,0.111447,-0.645825,71.40982820161076,7.296990255586829,3.383331081974199,-5.515247064380852,-2.190224109501801,8.54588399242326
8.235395431518555,-7.25767,4.24646,-0.977743,0.212731,1.30401,0.710048,0.0366676,0.456235,0.328254,0.341765,0.648476,0.586971,-0.343715,0.162943,0.35251,-0.0958132,0.582127,0.481266,0.111447,-0.645825,71.40982820161076,7.296990255586829,3.383331081974199,-5.515247064380852,-2.190224109501801,8.54588399242326
8.402491569519043,-6.88903,4.09638,-1.1397,0.172903,1.31904,0.683173,0.0367153,0.456121,0.328261,0.342398,0.648355,0.584965,-0.346721,0.165268,0.339557,-0.0954335,0.586226,0.470482,0.0902911,-0.653325,73.8232909930263,6.739460519675976,2.826855614896246,-5.481075744533273,-0.5012427914511931,8.580534557584052
8.403469324111938,-6.88903,4.09638,-1.1397,0.172903,1.31904,0.683173,0.0367153,0.456121,0.328261,0.342398,0.648355,0.584965,-0.346721,0.165268,0.339557,-0.0954335,0.586226,0.470482,0.0902911,-0.653325,73.8232909930263,6.739460519675976,2.826855614896246,-5.481075744533273,-0.5012427914511931,8.580534557584052
8.580429553985596,-6.84349,4.1668,-1.17147,0.179554,1.32641,0.693179,0.0367457,0.45613,0.328374,0.339387,0.649458,0.585514,-0.346691,0.166678,0.328825,-0.0951161,0.592997,0.463714,0.0742631,-0.654071,76.27304066509369,7.004311718099893,-1.2172671878875265,-8.28375100234772,-0.7855920324435083,11.019310928892736
8.581395626068115,-6.84349,4.1668,-1.17147,0.179554,1.32641,0.693179,0.0367457,0.45613,0.328374,0.339387,0.649458,0.585514,-0.346691,0.166678,0.328825,-0.0951161,0.592997,0.463714,0.0742631,-0.654071,76.27304066509369,7.004311718099893,-1.2172671878875265,-8.28375100234772,-0.7855920324435083,11.019310928892736
8.74481725692749,-6.49594,4.10423,-1.15983,0.173535,1.29091,0.687929,0.0367095,0.45618,0.32836,0.341427,0.647373,0.587511,-0.345205,0.167251,0.317395,-0.0945001,0.600198,0.456985,0.0573681,-0.653938,78.48492645959564,6.778858251545282,-4.017527727329733,-9.52089576864691,-4.598361957605823,13.186692245832115
8.745797634124756,-6.49594,4.10423,-1.15983,0.173535,1.29091,0.687929,0.0367095,0.45618,0.32836,0.341427,0.647373,0.587511,-0.345205,0.167251,0.317395,-0.0945001,0.600198,0.456985,0.0573681,-0.653938,78.48492645959564,6.778858251545282,-4.017527727329733,-9.52089576864691,-4.598361957605823,13.186692245832115
8.910378456115723,-6.53479,3.96493,-0.993495,0.136346,1.29322,0.654078,0.0367313,0.456098,0.328283,0.339201,0.648739,0.586001,-0.347396,0.166802,0.304985,-0.0937333,0.605241,0.43968,0.0384772,-0.662484,81.39005277407483,5.9094947082599,-8.113801953261488,-10.245693580346796,-1.8847321198074733,12.69618800725709
8.911346673965454,-6.53479,3.96493,-0.993495,0.136346,1.29322,0.654078,0.0367313,0.456098,0.328283,0.339201,0.648739,0.586001,-0.347396,0.166802,0.304985,-0.0937333,0.605241,0.43968,0.0384772,-0.662484,81.39005277407483,5.9094947082599,-8.113801953261488,-10.245693580346796,-1.8847321198074733,12.69618800725709
9.076146602630615,-6.56611,3.95023,-0.826033,0.111546,1.2748,0.653872,0.0367253,0.456115,0.328245,0.340213,0.64838,0.58623,-0.346688,0.165468,0.296583,-0.0932596,0.60727,0.426588,0.0266412,-0.669728,83.22296055460711,4.623175617453945,-8.079064702439828,-10.542872945571236,-1.8017140125095132,11.976334022393187
9.07711148262024,-6.56611,3.95023,-0.826033,0.111546,1.2748,0.653872,0.0367253,0.456115,0.328245,0.340213,0.64838,0.58623,-0.346688,0.165468,0.296583,-0.0932596,0.60727,0.426588,0.0266412,-0.669728,83.22296055460711,4.623175617453945,-8.079064702439828,-10.542872945571236,-1.8017140125095132,11.976334022393187
9.24049973487854,-6.35512,3.9761,-0.743908,0.0722489,1.30544,0.651641,0.0367446,0.456067,0.328217,0.339522,0.648782,0.585731,-0.347456,0.164736,0.293944,-0.0931296,0.60644,0.425652,0.0237672,-0.671183,83.49767277168193,4.54188821907906,-8.537817358523283,-11.112071472851484,-2.234968738882375,12.771982458998648
9.241461277008057,-6.35512,3.9761,-0.743908,0.0722489,1.30544,0.651641,0.0367446,0.456067,0.328217,0.339522,0.648782,0.585731,-0.347456,0.164736,0.293944,-0.0931296,0.60644,0.425652,0.0237672,-0.671183,83.49767277168193,4.54188821907906,-8.537817358523283,-11.112071472851484,-2.234968738882375,12.771982458998648
9.405947208404541,-6.32751,4.30987,-1.044,0.0908008,1.45418,0.692319,0.0368211,0.456033,0.328334,0.339023,0.649449,0.585381,-0.347286,0.166188,0.30215,-0.0933441,0.600258,0.438092,0.0347473,-0.668251,81.60110423535656,5.095875849271751,-4.556807445457036,-10.948335433651112,-1.8682281919895565,12.535148543103958
9.406916379928589,-6.32751,4.30987,-1.044,0.0908008,1.45418,0.692319,0.0368211,0.456033,0.328334,0.339023,0.649449,0.585381,-0.347286,0.166188,0.30215,-0.0933441,0.600258,0.438092,0.0347473,-0.668251,81.60110423535656,5.095875849271751,-4.556807445457036,-10.948335433651112,-1.8682281919895565,12.535148543103958
9.58053183555603,-6.61905,4.63992,-0.808683,0.169272,1.44643,0.755315,0.0368197,0.456052,0.328409,0.338688,0.649605,0.585385,-0.347314,0.16686,0.323494,-0.094065,0.594802,0.454841,0.0635669,-0.659764,77.84286929972846,6.316888384078321,-1.508589666557818,-8.223219495012389,0.6421922501046866,8.935224748050304
9.58150029182434,-6.61905,4.63992,-0.808683,0.169272,1.44643,0.755315,0.0368197,0.456052,0.328409,0.338688,0.649605,0.585385,-0.347314,0.16686,0.323494,-0.094065,0.594802,0.454841,0.0635669,-0.659764,77.84286929972846,6.316888384078321,-1.508589666557818,-8.223219495012389,0.6421922501046866,8.935224748050304
9.74569582939148,-7.06669,4.91735,-0.76795,0.256685,1.47344,0.815408,0.0369354,0.45606,0.32843,0.338578,0.64982,0.585307,-0.347154,0.165107,0.345268,-0.0951103,0.583638,0.478385,0.100185,-0.648442,72.69728581299167,7.677405088202892,1.3857580995094176,-7.027455947915945,0.16515965038893304,9.80466756516316
9.746660709381104,-7.06669,4.91735,-0.76795,0.256685,1.47344,0.815408,0.0369354,0.45606,0.32843,0.338578,0.64982,0.585307,-0.347154,0.165107,0.345268,-0.0951103,0.583638,0.478385,0.100185,-0.648442,72.69728581299167,7.677405088202892,1.3857580995094176,-7.027455947915945,0.16515965038893304,9.80466756516316
9.911073207855225,-7.46544,5.37288,-0.956939,0.367756,1.52502,0.906228,0.0369104,0.45612,0.328478,0.336223,0.652607,0.584847,-0.344982,0.163311,0.366973,-0.0935611,0.568735,0.499666,0.132831,-0.639711,68.1747620255345,8.45849265203396,3.52332256159125,-6.5121369229505595,0.39657693586032655,8.940761311913667
9.912027835845947,-7.46544,5.37288,-0.956939,0.367756,1.52502,0.906228,0.0369104,0.45612,0.328478,0.336223,0.652607,0.584847,-0.344982,0.163311,0.366973,-0.0935611,0.568735,0.499666,0.132831,-0.639711,68.1747620255345,8.45849265203396,3.52332256159125,-6.5121369229505595,0.39657693586032655,8.940761311913667
10.079405784606934,-7.57904,5.13415,-1.24518,0.389259,1.53758,0.841995,0.0371317,0.456033,0.328635,0.341174,0.647744,0.586039,-0.347255,0.160222,0.389899,-0.090044,0.544752,0.518447,0.168438,-0.637249,62.207333120640676,7.857691647439717,9.302085573173079,-0.7229639799132843,1.0963157362445308,6.360848187662016
10.08036494255066,-7.57904,5.13415,-1.24518,0.389259,1.53758,0.841995,0.0371317,0.456033,0.328635,0.341174,0.647744,0.586039,-0.347255,0.160222,0.389899,-0.090044,0.544752,0.518447,0.168438,-0.637249,62.207333120640676,7.857691647439717,9.302085573173079,-0.7229639799132843,1.0963157362445308,6.360848187662016
10.24498462677002,-7.33874,4.74266,-1.49352,0.359867,1.4948,0.761944,0.0367821,0.456161,0.328554,0.341553,0.647886,0.586031,-0.346631,0.156238,0.408335,-0.0860192,0.528334,0.532522,0.198607,-0.630744,57.8590258734479,7.837570541453577,10.853157617704452,1.2107090777542426,1.0853679848726219,5.3083879183449
10.245949268341064,-7.33874,4.74266,-1.49352,0.359867,1.4948,0.761944,0.0367821,0.456161,0.328554,0.341553,0.647886,0.586031,-0.346631,0.156238,0.408335,-0.0860192,0.528334,0.532522,0.198607,-0.630744,57.8590258734479,7.837570541453577,10.853157617704452,1.2107090777542426,1.0853679848726219,5.3083879183449
10.410340309143066,-7.12411,4.19601,-1.54513,0.293878,1.36751,0.660108,0.0366715,0.456219,0.328634,0.341655,0.647431,0.586833,-0.346024,0.150572,0.427977,-0.0807088,0.509176,0.545488,0.232868,-0.623663,53.08622030687895,7.556245911122507,12.3238904724128,3.319490769738428,0.7520405448395808,4.634322512703312
10.411312341690063,-7.12411,4.19601,-1.54513,0.293878,1.36751,0.660108,0.0366715,0.456219,0.328634,0.341655,0.647431,0.586833,-0.346024,0.150572,0.427977,-0.0807088,0.509176,0.545488,0.232868,-0.623663,53.08622030687895,7.556245911122507,12.3238904724128,3.319490769738428,0.7520405448395808,4.634322512703312
