# Timestamp, Flexion, Adduction, Rotation, Translation_ap, Translation_ml, Translation_pd, Tx, Ty, Tz, Fx, Fy, Fz
1.6623549461364746, 91.34944027144917, -174.14707889648093, -127.71093479590272, -26.738224810244123, -8.307955567032561, 13.659333288285987, 0.0105634, -0.0202874, 0.0241471, 0.185532, 0.10482, 0.0165212
1.6633577346801758, 91.34944027144917, -174.14707889648093, -127.71093479590272, -26.738224810244123, -8.307955567032561, 13.659333288285987, 0.0105634, -0.0202874, 0.0241471, 0.185532, 0.10482, 0.0165212
1.7467398643493652, 91.34944027144917, -174.14707889648093, -127.71093479590272, -26.738224810244123, -8.307955567032561, 13.659333288285987, 0.0115616, -0.0156529, 0.0247248, 0.163576, 0.110971, 0.00338331
1.7477409839630127, 91.34944027144917, -174.14707889648093, -127.71093479590272, -26.738224810244123, -8.307955567032561, 13.659333288285987, 0.0115616, -0.0156529, 0.0247248, 0.163576, 0.110971, 0.00338331
1.8014225959777832, 91.34944027144917, -174.14707889648093, -127.71093479590272, -26.738224810244123, -8.307955567032561, 13.659333288285987, 0.00880086, -0.0174306, 0.019406, 0.153442, 0.0849226, 0.0165962
1.802372694015503, 91.34944027144917, -174.14707889648093, -127.71093479590272, -26.738224810244123, -8.307955567032561, 13.659333288285987, 0.00880086, -0.0174306, 0.019406, 0.153442, 0.0849226, 0.0165962
1.8555262088775635, 91.34944027144917, -174.14707889648093, -127.71093479590272, -26.738224810244123, -8.307955567032561, 13.659333288285987, 0.00712288, -0.0123924, 0.0144795, 0.130352, 0.0634725, 0.00378829
1.8564753532409668, 91.34944027144917, -174.14707889648093, -127.71093479590272, -26.738224810244123, -8.307955567032561, 13.659333288285987, 0.00712288, -0.0123924, 0.0144795, 0.130352, 0.0634725, 0.00378829
1.9102282524108887, 91.34944027144917, -174.14707889648093, -127.71093479590272, -26.738224810244123, -8.307955567032561, 13.659333288285987, 0.0104625, -0.0183691, 0.0232014, 0.158732, 0.103582, 0.0164414
1.91123366355896, 91.34944027144917, -174.14707889648093, -127.71093479590272, -26.738224810244123, -8.307955567032561, 13.659333288285987, 0.0104625, -0.0183691, 0.0232014, 0.158732, 0.103582, 0.0164414
1.9649217128753662, 91.34944027144917, -174.14707889648093, -127.71093479590272, -26.738224810244123, -8.307955567032561, 13.659333288285987, 0.0144793, -0.0174526, 0.0319175, 0.13928, 0.148909, 0.0230092
1.965928077697754, 91.34944027144917, -174.14707889648093, -127.71093479590272, -26.738224810244123, -8.307955567032561, 13.659333288285987, 0.0144793, -0.0174526, 0.0319175, 0.13928, 0.148909, 0.0230092
2.0189642906188965, 91.34944027144917, -174.14707889648093, -127.71093479590272, -26.738224810244123, -8.307955567032561, 13.659333288285987, 0.0171649, -0.0136161, 0.0369143, 0.154377, 0.171538, -0.00316358
2.0200514793395996, 91.34944027144917, -174.14707889648093, -127.71093479590272, -26.738224810244123, -8.307955567032561, 13.659333288285987, 0.0171649, -0.0136161, 0.0369143, 0.154377, 0.171538, -0.00316358
2.166879892349243, 91.34944027144917, -174.14707889648093, -127.71093479590272, -26.738224810244123, -8.307955567032561, 13.659333288285987, 0.0117947, -0.0127396, 0.0235146, 0.131905, 0.108563, 0.00301743
2.1678807735443115, 91.34944027144917, -174.14707889648093, -127.71093479590272, -26.738224810244123, -8.307955567032561, 13.659333288285987, 0.0117947, -0.0127396, 0.0235146, 0.131905, 0.108563, 0.00301743
2.2305593490600586, 91.34944027144917, -174.14707889648093, -127.71093479590272, -26.738224810244123, -8.307955567032561, 13.659333288285987, 0.0124906, -0.0112183, 0.0254088, 0.115576, 0.118897, 0.00334626
2.2315540313720703, 91.34944027144917, -174.14707889648093, -127.71093479590272, -26.738224810244123, -8.307955567032561, 13.659333288285987, 0.0124906, -0.0112183, 0.0254088, 0.115576, 0.118897, 0.00334626
2.285984754562378, 91.34944027144917, -174.14707889648093, -127.71093479590272, -26.738224810244123, -8.307955567032561, 13.659333288285987, 0.0131856, -0.0108195, 0.0272262, 0.0810947, 0.131747, 0.0166132
2.2869837284088135, 91.34944027144917, -174.14707889648093, -127.71093479590272, -26.738224810244123, -8.307955567032561, 13.659333288285987, 0.0131856, -0.0108195, 0.0272262, 0.0810947, 0.131747, 0.0166132
2.34153151512146, 91.34944027144917, -174.14707889648093, -127.71093479590272, -26.738224810244123, -8.307955567032561, 13.659333288285987, 0.0142448, -0.00798048, 0.0283584, 0.107527, 0.136063, -0.00965858
2.342491388320923, 91.34944027144917, -174.14707889648093, -127.71093479590272, -26.738224810244123, -8.307955567032561, 13.659333288285987, 0.0142448, -0.00798048, 0.0283584, 0.107527, 0.136063, -0.00965858
2.3981997966766357, 91.34944027144917, -174.14707889648093, -127.71093479590272, -26.738224810244123, -8.307955567032561, 13.659333288285987, 0.0103529, -0.022132, 0.023434, 0.193564, 0.100012, 0.0226842
2.3992059230804443, 91.34944027144917, -174.14707889648093, -127.71093479590272, -26.738224810244123, -8.307955567032561, 13.659333288285987, 0.0103529, -0.022132, 0.023434, 0.193564, 0.100012, 0.0226842
2.454238176345825, 91.34944027144917, -174.14707889648093, -127.71093479590272, -26.738224810244123, -8.307955567032561, 13.659333288285987, 0.0142184, -0.0101302, 0.028977, 0.103403, 0.138346, 0.00337327
2.4552409648895264, 91.34944027144917, -174.14707889648093, -127.71093479590272, -26.738224810244123, -8.307955567032561, 13.659333288285987, 0.0142184, -0.0101302, 0.028977, 0.103403, 0.138346, 0.00337327
2.5100646018981934, 91.34944027144917, -174.14707889648093, -127.71093479590272, -26.738224810244123, -8.307955567032561, 13.659333288285987, 0.00964949, -0.0164361, 0.0198248, 0.187906, 0.0844305, -0.00351265
2.511080026626587, 91.34944027144917, -174.14707889648093, -127.71093479590272, -26.738224810244123, -8.307955567032561, 13.659333288285987, 0.00964949, -0.0164361, 0.0198248, 0.187906, 0.0844305, -0.00351265
2.5661215782165527, 91.34944027144917, -174.14707889648093, -127.71093479590272, -26.738224810244123, -8.307955567032561, 13.659333288285987, 0.0150772, -0.0184035, 0.0335813, 0.197103, 0.150652, 0.0033932
2.567124843597412, 91.34944027144917, -174.14707889648093, -127.71093479590272, -26.738224810244123, -8.307955567032561, 13.659333288285987, 0.0150772, -0.0184035, 0.0335813, 0.197103, 0.150652, 0.0033932
2.623654365539551, 91.34944027144917, -174.14707889648093, -127.71093479590272, -26.738224810244123, -8.307955567032561, 13.659333288285987, 0.0111985, -0.00954381, 0.0220043, 0.110386, 0.101788, -0.00324264
2.6246559619903564, 91.34944027144917, -174.14707889648093, -127.71093479590272, -26.738224810244123, -8.307955567032561, 13.659333288285987, 0.0111985, -0.00954381, 0.0220043, 0.110386, 0.101788, -0.00324264
2.679985523223877, 91.34944027144917, -174.14707889648093, -127.71093479590272, -26.738224810244123, -8.307955567032561, 13.659333288285987, 0.0137331, -0.0098068, 0.027796, 0.1117, 0.132819, -0.00311857
2.680989980697632, 91.34944027144917, -174.14707889648093, -127.71093479590272, -26.738224810244123, -8.307955567032561, 13.659333288285987, 0.0137331, -0.0098068, 0.027796, 0.1117, 0.132819, -0.00311857
2.736353874206543, 91.34944027144917, -174.14707889648093, -127.71093479590272, -26.738224810244123, -8.307955567032561, 13.659333288285987, 0.0158956, -0.00908732, 0.0326935, 0.0916481, 0.157227, 0.00343624
2.737377166748047, 91.34944027144917, -174.14707889648093, -127.71093479590272, -26.738224810244123, -8.307955567032561, 13.659333288285987, 0.0158956, -0.00908732, 0.0326935, 0.0916481, 0.157227, 0.00343624
2.7928061485290527, 91.34944027144917, -174.14707889648093, -127.71093479590272, -26.738224810244123, -8.307955567032561, 13.659333288285987, 0.00983162, -0.0209951, 0.0222455, 0.167083, 0.0966556, 0.0293843
2.7938036918640137, 91.34944027144917, -174.14707889648093, -127.71093479590272, -26.738224810244123, -8.307955567032561, 13.659333288285987, 0.00983162, -0.0209951, 0.0222455, 0.167083, 0.0966556, 0.0293843
2.8493120670318604, 91.34944027144917, -174.14707889648093, -127.71093479590272, -26.738224810244123, -8.307955567032561, 13.659333288285987, 0.0110491, -0.0113984, 0.0229527, 0.132907, 0.105159, -0.00282183
2.8503193855285645, 91.34944027144917, -174.14707889648093, -127.71093479590272, -26.738224810244123, -8.307955567032561, 13.659333288285987, 0.0110491, -0.0113984, 0.0229527, 0.132907, 0.105159, -0.00282183
2.9063022136688232, 91.34944027144917, -174.14707889648093, -127.71093479590272, -26.738224810244123, -8.307955567032561, 13.659333288285987, 0.016267, -0.0212913, 0.0372056, 0.184978, 0.169141, 0.0229923
2.907304286956787, 91.34944027144917, -174.14707889648093, -127.71093479590272, -26.738224810244123, -8.307955567032561, 13.659333288285987, 0.016267, -0.0212913, 0.0372056, 0.184978, 0.169141, 0.0229923
2.962944269180298, 91.34944027144917, -174.14707889648093, -127.71093479590272, -26.738224810244123, -8.307955567032561, 13.659333288285987, 0.013325, -0.0173874, 0.0295428, 0.213819, 0.128352, -0.00962976
2.9639410972595215, 91.34944027144917, -174.14707889648093, -127.71093479590272, -26.738224810244123, -8.307955567032561, 13.659333288285987, 0.013325, -0.0173874, 0.0295428, 0.213819, 0.128352, -0.00962976
3.0205795764923096, 91.34944027144917, -174.14707889648093, -127.71093479590272, -26.738224810244123, -8.307955567032561, 13.659333288285987, 0.0116374, -0.0165895, 0.0251236, 0.176767, 0.111874, 0.00340521
3.021580934524536, 91.34944027144917, -174.14707889648093, -127.71093479590272, -26.738224810244123, -8.307955567032561, 13.659333288285987, 0.0116374, -0.0165895, 0.0251236, 0.176767, 0.111874, 0.00340521
3.0824005603790283, 91.34944027144917, -174.14707889648093, -127.71093479590272, -26.738224810244123, -8.307955567032561, 13.659333288285987, 0.00906967, -0.0155543, 0.0205526, 0.150286, 0.0904605, 0.0105822
3.083402395248413, 91.34944027144917, -174.14707889648093, -127.71093479590272, -26.738224810244123, -8.307955567032561, 13.659333288285987, 0.00906967, -0.0155543, 0.0205526, 0.150286, 0.0904605, 0.0105822
3.1399972438812256, 91.34944027144917, -174.14707889648093, -127.71093479590272, -26.738224810244123, -8.307955567032561, 13.659333288285987, 0.0147228, -0.01638, 0.0314099, 0.156414, 0.144098, 0.00954542
3.1410000324249268, 91.34944027144917, -174.14707889648093, -127.71093479590272, -26.738224810244123, -8.307955567032561, 13.659333288285987, 0.0147228, -0.01638, 0.0314099, 0.156414, 0.144098, 0.00954542
3.198399066925049, 91.34944027144917, -174.14707889648093, -127.71093479590272, -26.738224810244123, -8.307955567032561, 13.659333288285987, 0.0104537, -0.0142834, 0.0226523, 0.146231, 0.100953, 0.00366324
3.1994080543518066, 91.34944027144917, -174.14707889648093, -127.71093479590272, -26.738224810244123, -8.307955567032561, 13.659333288285987, 0.0104537, -0.0142834, 0.0226523, 0.146231, 0.100953, 0.00366324
3.2560524940490723, 91.34944027144917, -174.14707889648093, -127.71093479590272, -26.738224810244123, -8.307955567032561, 13.659333288285987, 0.00814612, -0.0159431, 0.0167374, 0.138698, 0.0750434, 0.0163911
3.257056951522827, 91.34944027144917, -174.14707889648093, -127.71093479590272, -26.738224810244123, -8.307955567032561, 13.659333288285987, 0.00814612, -0.0159431, 0.0167374, 0.138698, 0.0750434, 0.0163911
3.3140687942504883, 91.34944027144917, -174.14707889648093, -127.71093479590272, -26.738224810244123, -8.307955567032561, 13.659333288285987, 0.0126496, -0.0105415, 0.0261936, 0.0898104, 0.125653, 0.0101573
3.3150718212127686, 91.34944027144917, -174.14707889648093, -127.71093479590272, -26.738224810244123, -8.307955567032561, 13.659333288285987, 0.0126496, -0.0105415, 0.0261936, 0.0898104, 0.125653, 0.0101573
3.37156081199646, 91.34944027144917, -174.14707889648093, -127.71093479590272, -26.738224810244123, -8.307955567032561, 13.659333288285987, 0.0139772, -0.0150387, 0.0308479, 0.157415, 0.140694, 0.00370616
3.372560977935791, 91.34944027144917, -174.14707889648093, -127.71093479590272, -26.738224810244123, -8.307955567032561, 13.659333288285987, 0.0139772, -0.0150387, 0.0308479, 0.157415, 0.140694, 0.00370616
3.4295895099639893, 91.34944027144917, -174.14707889648093, -127.71093479590272, -26.738224810244123, -8.307955567032561, 13.659333288285987, 0.0105287, -0.0163423, 0.0229741, 0.141269, 0.104371, 0.0166232
3.4305922985076904, 91.34944027144917, -174.14707889648093, -127.71093479590272, -26.738224810244123, -8.307955567032561, 13.659333288285987, 0.0105287, -0.0163423, 0.0229741, 0.141269, 0.104371, 0.0166232
3.4882454872131348, 91.34944027144917, -174.14707889648093, -127.71093479590272, -26.738224810244123, -8.307955567032561, 13.659333288285987, 0.00807106, -0.0138842, 0.0164154, 0.14366, 0.071624, 0.00343132
3.489253044128418, 91.34944027144917, -174.14707889648093, -127.71093479590272, -26.738224810244123, -8.307955567032561, 13.659333288285987, 0.00807106, -0.0138842, 0.0164154, 0.14366, 0.071624, 0.00343132
3.54683518409729, 91.34944027144917, -174.14707889648093, -127.71093479590272, -26.738224810244123, -8.307955567032561, 13.659333288285987, 0.0112681, -0.0228518, 0.0265906, 0.181705, 0.117783, 0.0296282
3.547839641571045, 91.34944027144917, -174.14707889648093, -127.71093479590272, -26.738224810244123, -8.307955567032561, 13.659333288285987, 0.0112681, -0.0228518, 0.0265906, 0.181705, 0.117783, 0.0296282
3.605670690536499, 91.34944027144917, -174.14707889648093, -127.71093479590272, -26.738224810244123, -8.307955567032561, 13.659333288285987, 0.00751596, -0.00767988, 0.0141309, 0.0910683, 0.0653045, -0.00270486
3.6066768169403076, 91.34944027144917, -174.14707889648093, -127.71093479590272, -26.738224810244123, -8.307955567032561, 13.659333288285987, 0.00751596, -0.00767988, 0.0141309, 0.0910683, 0.0653045, -0.00270486
3.664222478866577, 91.34944027144917, -174.14707889648093, -127.71093479590272, -26.738224810244123, -8.307955567032561, 13.659333288285987, 0.0184653, -0.0213854, 0.0421103, 0.199706, 0.191377, 0.0163551
3.6652305126190186, 91.34944027144917, -174.14707889648093, -127.71093479590272, -26.738224810244123, -8.307955567032561, 13.659333288285987, 0.0184653, -0.0213854, 0.0421103, 0.199706, 0.191377, 0.0163551
3.722959280014038, 91.34944027144917, -174.14707889648093, -127.71093479590272, -26.738224810244123, -8.307955567032561, 13.659333288285987, 0.00935437, -0.0114732, 0.0192707, 0.136347, 0.0861046, -0.0027577
3.7239694595336914, 91.34944027144917, -174.14707889648093, -127.71093479590272, -26.738224810244123, -8.307955567032561, 13.659333288285987, 0.00935437, -0.0114732, 0.0192707, 0.136347, 0.0861046, -0.0027577
3.7817718982696533, 91.34944027144917, -174.14707889648093, -127.71093479590272, -26.738224810244123, -8.307955567032561, 13.659333288285987, 0.00881761, -0.0123176, 0.0181613, 0.126911, 0.0825264, 0.00372416
3.782776117324829, 91.34944027144917, -174.14707889648093, -127.71093479590272, -26.738224810244123, -8.307955567032561, 13.659333288285987, 0.00881761, -0.0123176, 0.0181613, 0.126911, 0.0825264, 0.00372416
3.8411481380462646, 91.34944027144917, -174.14707889648093, -127.71093479590272, -26.738224810244123, -8.307955567032561, 13.659333288285987, 0.0115779, -0.0197525, 0.0258558, 0.181376, 0.113762, 0.0163461
3.8421528339385986, 91.34944027144917, -174.14707889648093, -127.71093479590272, -26.738224810244123, -8.307955567032561, 13.659333288285987, 0.0115779, -0.0197525, 0.0258558, 0.181376, 0.113762, 0.0163461
3.900648355484009, 91.34944027144917, -174.14707889648093, -127.71093479590272, -26.738224810244123, -8.307955567032561, 13.659333288285987, 0.0108385, -0.0132429, 0.0222393, 0.140938, 0.100351, 0.00334117
3.901658773422241, 91.34944027144917, -174.14707889648093, -127.71093479590272, -26.738224810244123, -8.307955567032561, 13.659333288285987, 0.0108385, -0.0132429, 0.0222393, 0.140938, 0.100351, 0.00334117
3.9606213569641113, 91.34944027144917, -174.14707889648093, -127.71093479590272, -26.738224810244123, -8.307955567032561, 13.659333288285987, 0.015024, -0.0146129, 0.0323661, 0.126375, 0.152547, 0.0165603
3.9616174697875977, 91.34944027144917, -174.14707889648093, -127.71093479590272, -26.738224810244123, -8.307955567032561, 13.659333288285987, 0.015024, -0.0146129, 0.0323661, 0.126375, 0.152547, 0.0165603
4.02057409286499, 91.34944027144917, -174.14707889648093, -127.71093479590272, -26.738224810244123, -8.307955567032561, 13.659333288285987, 0.0110323, -0.0165113, 0.0241972, 0.159437, 0.107555, 0.0100502
4.021573781967163, 91.34944027144917, -174.14707889648093, -127.71093479590272, -26.738224810244123, -8.307955567032561, 13.659333288285987, 0.0110323, -0.0165113, 0.0241972, 0.159437, 0.107555, 0.0100502
4.085802316665649, 91.34944027144917, -174.14707889648093, -127.71093479590272, -26.738224810244123, -8.307955567032561, 13.659333288285987, 0.0137583, -0.0107886, 0.028343, 0.125309, 0.133155, -0.00306067
4.086803197860718, 91.34944027144917, -174.14707889648093, -127.71093479590272, -26.738224810244123, -8.307955567032561, 13.659333288285987, 0.0137583, -0.0107886, 0.028343, 0.125309, 0.133155, -0.00306067
4.146235466003418, 91.34944027144917, -174.14707889648093, -127.71093479590272, -26.738224810244123, -8.307955567032561, 13.659333288285987, 0.0121079, -0.0177717, 0.0264601, 0.203667, 0.114661, -0.00325871
4.147234916687012, 91.34944027144917, -174.14707889648093, -127.71093479590272, -26.738224810244123, -8.307955567032561, 13.659333288285987, 0.0121079, -0.0177717, 0.0264601, 0.203667, 0.114661, -0.00325871
4.206589460372925, 91.34944027144917, -174.14707889648093, -127.71093479590272, -26.738224810244123, -8.307955567032561, 13.659333288285987, 0.0086925, -0.0180618, 0.0184728, 0.178787, 0.0787346, 0.00974914
4.207582712173462, 91.34944027144917, -174.14707889648093, -127.71093479590272, -26.738224810244123, -8.307955567032561, 13.659333288285987, 0.0086925, -0.0180618, 0.0184728, 0.178787, 0.0787346, 0.00974914
4.267621994018555, 91.34944027144917, -174.14707889648093, -127.71093479590272, -26.738224810244123, -8.307955567032561, 13.659333288285987, 0.00758543, -0.0227733, 0.01761, 0.196285, 0.0712855, 0.0227742
4.268625020980835, 91.34944027144917, -174.14707889648093, -127.71093479590272, -26.738224810244123, -8.307955567032561, 13.659333288285987, 0.00758543, -0.0227733, 0.01761, 0.196285, 0.0712855, 0.0227742
4.328453540802002, 91.34944027144917, -174.14707889648093, -127.71093479590272, -26.738224810244123, -8.307955567032561, 13.659333288285987, 0.0105618, -0.015329, 0.0228605, 0.132537, 0.104767, 0.0167144
4.329456567764282, 91.34944027144917, -174.14707889648093, -127.71093479590272, -26.738224810244123, -8.307955567032561, 13.659333288285987, 0.0105618, -0.015329, 0.0228605, 0.132537, 0.104767, 0.0167144
4.390178918838501, 91.34944027144917, -174.14707889648093, -127.71093479590272, -26.738224810244123, -8.307955567032561, 13.659333288285987, 0.0105957, -0.0203964, 0.0239566, 0.158648, 0.10773, 0.0295503
4.391183853149414, 91.34944027144917, -174.14707889648093, -127.71093479590272, -26.738224810244123, -8.307955567032561, 13.659333288285987, 0.0105957, -0.0203964, 0.0239566, 0.158648, 0.10773, 0.0295503
4.450882911682129, 91.34944027144917, -174.14707889648093, -127.71093479590272, -26.738224810244123, -8.307955567032561, 13.659333288285987, 0.0112597, -0.00955378, 0.0236659, 0.124875, 0.109967, -0.00898483
4.451887369155884, 91.34944027144917, -174.14707889648093, -127.71093479590272, -26.738224810244123, -8.307955567032561, 13.659333288285987, 0.0112597, -0.00955378, 0.0236659, 0.124875, 0.109967, -0.00898483
4.512854814529419, 91.34944027144917, -174.14707889648093, -127.71093479590272, -26.738224810244123, -8.307955567032561, 13.659333288285987, 0.0154442, -0.00662817, 0.0314756, 0.109365, 0.14958, -0.0159028
4.513864278793335, 91.34944027144917, -174.14707889648093, -127.71093479590272, -26.738224810244123, -8.307955567032561, 13.659333288285987, 0.0154442, -0.00662817, 0.0314756, 0.109365, 0.14958, -0.0159028
4.574583530426025, 91.34944027144917, -174.14707889648093, -127.71093479590272, -26.738224810244123, -8.307955567032561, 13.659333288285987, 0.0161732, -0.0112969, 0.0343894, 0.100996, 0.165394, 0.0102002
4.575589418411255, 91.34944027144917, -174.14707889648093, -127.71093479590272, -26.738224810244123, -8.307955567032561, 13.659333288285987, 0.0161732, -0.0112969, 0.0343894, 0.100996, 0.165394, 0.0102002
4.6360673904418945, 91.34944027144917, -174.14707889648093, -127.71093479590272, -26.738224810244123, -8.307955567032561, 13.659333288285987, 0.00692187, -0.0172002, 0.0143922, 0.169039, 0.0587771, 0.00979114
4.637068510055542, 91.34944027144917, -174.14707889648093, -127.71093479590272, -26.738224810244123, -8.307955567032561, 13.659333288285987, 0.00692187, -0.0172002, 0.0143922, 0.169039, 0.0587771, 0.00979114
4.698027849197388, 91.34944027144917, -174.14707889648093, -127.71093479590272, -26.738224810244123, -8.307955567032561, 13.659333288285987, 0.0105295, -0.0152198, 0.0230509, 0.15942, 0.101856, 0.00368515
4.699035406112671, 91.34944027144917, -174.14707889648093, -127.71093479590272, -26.738224810244123, -8.307955567032561, 13.659333288285987, 0.0105295, -0.0152198, 0.0230509, 0.15942, 0.101856, 0.00368515
4.7600462436676025, 91.34944027144917, -174.14707889648093, -127.71093479590272, -26.738224810244123, -8.307955567032561, 13.659333288285987, 0.0157713, -0.0191272, 0.0353219, 0.14447, 0.166018, 0.0295983
4.761054277420044, 91.34944027144917, -174.14707889648093, -127.71093479590272, -26.738224810244123, -8.307955567032561, 13.659333288285987, 0.0157713, -0.0191272, 0.0353219, 0.14447, 0.166018, 0.0295983
4.822511196136475, 91.34944027144917, -174.14707889648093, -127.71093479590272, -26.738224810244123, -8.307955567032561, 13.659333288285987, 0.00862543, -0.0140078, 0.0174901, 0.161409, 0.0753753, -0.0031777
4.823508024215698, 91.34944027144917, -174.14707889648093, -127.71093479590272, -26.738224810244123, -8.307955567032561, 13.659333288285987, 0.00862543, -0.0140078, 0.0174901, 0.161409, 0.0753753, -0.0031777
4.884160280227661, 91.34944027144917, -174.14707889648093, -127.71093479590272, -26.738224810244123, -8.307955567032561, 13.659333288285987, 0.0132798, -0.0116016, 0.027667, 0.12075, 0.130306, 0.00357023
4.885160684585571, 91.34944027144917, -174.14707889648093, -127.71093479590272, -26.738224810244123, -8.307955567032561, 13.659333288285987, 0.0132798, -0.0116016, 0.027667, 0.12075, 0.130306, 0.00357023
4.94711709022522, 91.34944027144917, -174.14707889648093, -127.71093479590272, -26.738224810244123, -8.307955567032561, 13.659333288285987, 0.00829805, -0.0161391, 0.0182598, 0.153425, 0.0792239, 0.0102312
4.948128700256348, 91.34944027144917, -174.14707889648093, -127.71093479590272, -26.738224810244123, -8.307955567032561, 13.659333288285987, 0.00829805, -0.0161391, 0.0182598, 0.153425, 0.0792239, 0.0102312
5.010639190673828, 91.34944027144917, -174.14707889648093, -127.71093479590272, -26.738224810244123, -8.307955567032561, 13.659333288285987, 0.00814691, -0.0148206, 0.0168141, 0.156849, 0.0725272, 0.0034532
5.011646747589111, 91.34944027144917, -174.14707889648093, -127.71093479590272, -26.738224810244123, -8.307955567032561, 13.659333288285987, 0.00814691, -0.0148206, 0.0168141, 0.156849, 0.0725272, 0.0034532
5.074244976043701, 91.34944027144917, -174.14707889648093, -127.71093479590272, -26.738224810244123, -8.307955567032561, 13.659333288285987, 0.0166932, -0.0155654, 0.0367433, 0.136961, 0.171368, 0.0165903
5.075248956680298, 91.34944027144917, -174.14707889648093, -127.71093479590272, -26.738224810244123, -8.307955567032561, 13.659333288285987, 0.0166932, -0.0155654, 0.0367433, 0.136961, 0.171368, 0.0165903
5.138134002685547, 91.34944027144917, -174.14707889648093, -127.71093479590272, -26.738224810244123, -8.307955567032561, 13.659333288285987, 0.0150504, -0.0124632, 0.0317476, 0.130499, 0.150264, 0.00352821
5.139146566390991, 91.34944027144917, -174.14707889648093, -127.71093479590272, -26.738224810244123, -8.307955567032561, 13.659333288285987, 0.0150504, -0.0124632, 0.0317476, 0.130499, 0.150264, 0.00352821
5.202196359634399, 91.34944027144917, -174.14707889648093, -127.71093479590272, -26.738224810244123, -8.307955567032561, 13.659333288285987, 0.00713416, -0.0203141, 0.0163923, 0.214002, 0.0636389, 0.00343525
5.20321249961853, 91.34944027144917, -174.14707889648093, -127.71093479590272, -26.738224810244123, -8.307955567032561, 13.659333288285987, 0.00713416, -0.0203141, 0.0163923, 0.214002, 0.0636389, 0.00343525
5.267724990844727, 91.34944027144917, -174.14707889648093, -127.71093479590272, -26.738224810244123, -8.307955567032561, 13.659333288285987, 0.00862543, -0.0140078, 0.0174901, 0.161409, 0.0753753, -0.0031777
5.268725156784058, 91.34944027144917, -174.14707889648093, -127.71093479590272, -26.738224810244123, -8.307955567032561, 13.659333288285987, 0.00862543, -0.0140078, 0.0174901, 0.161409, 0.0753753, -0.0031777
5.3350160121917725, 91.34944027144917, -174.14707889648093, -127.71093479590272, -26.738224810244123, -8.307955567032561, 13.659333288285987, 0.0147484, -0.00814941, 0.0295814, 0.125694, 0.139246, -0.0162316
5.336249351501465, 91.34944027144917, -174.14707889648093, -127.71093479590272, -26.738224810244123, -8.307955567032561, 13.659333288285987, 0.0147484, -0.00814941, 0.0295814, 0.125694, 0.139246, -0.0162316
5.400250673294067, 91.34944027144917, -174.14707889648093, -127.71093479590272, -26.738224810244123, -8.307955567032561, 13.659333288285987, 0.0118555, -0.021962, 0.0275517, 0.190722, 0.121929, 0.0231103
5.401247501373291, 91.34944027144917, -174.14707889648093, -127.71093479590272, -26.738224810244123, -8.307955567032561, 13.659333288285987, 0.0118555, -0.021962, 0.0275517, 0.190722, 0.121929, 0.0231103
5.470505714416504, 91.34944027144917, -174.14707889648093, -127.71093479590272, -26.738224810244123, -8.307955567032561, 13.659333288285987, 0.0115695, -0.0136577, 0.0240641, 0.141235, 0.11103, 0.0034163
5.4715070724487305, 91.34944027144917, -174.14707889648093, -127.71093479590272, -26.738224810244123, -8.307955567032561, 13.659333288285987, 0.0115695, -0.0136577, 0.0240641, 0.141235, 0.11103, 0.0034163
5.535597324371338, 91.34944027144917, -174.14707889648093, -127.71093479590272, -26.738224810244123, -8.307955567032561, 13.659333288285987, 0.013724, -0.0149335, 0.0296224, 0.143526, 0.135378, 0.00993815
5.53672981262207, 91.34944027144917, -174.14707889648093, -127.71093479590272, -26.738224810244123, -8.307955567032561, 13.659333288285987, 0.013724, -0.0149335, 0.0296224, 0.143526, 0.135378, 0.00993815
5.600609302520752, 91.34944027144917, -174.14707889648093, -127.71093479590272, -26.738224810244123, -8.307955567032561, 13.659333288285987, 0.00855635, -0.0142076, 0.0175964, 0.135363, 0.0771506, 0.00992316
5.6016058921813965, 91.34944027144917, -174.14707889648093, -127.71093479590272, -26.738224810244123, -8.307955567032561, 13.659333288285987, 0.00855635, -0.0142076, 0.0175964, 0.135363, 0.0771506, 0.00992316
5.665915012359619, 91.34944027144917, -174.14707889648093, -127.71093479590272, -26.738224810244123, -8.307955567032561, 13.659333288285987, 0.0127527, -0.00820591, 0.0260505, 0.125277, 0.121757, -0.0157907
5.66690731048584, 91.34944027144917, -174.14707889648093, -127.71093479590272, -26.738224810244123, -8.307955567032561, 13.659333288285987, 0.0127527, -0.00820591, 0.0260505, 0.125277, 0.121757, -0.0157907
5.731756210327148, 91.34944027144917, -174.14707889648093, -127.71093479590272, -26.738224810244123, -8.307955567032561, 13.659333288285987, 0.0110072, -0.0155294, 0.0236501, 0.145827, 0.107219, 0.00999233
5.732754230499268, 91.34944027144917, -174.14707889648093, -127.71093479590272, -26.738224810244123, -8.307955567032561, 13.659333288285987, 0.0110072, -0.0155294, 0.0236501, 0.145827, 0.107219, 0.00999233
5.795748233795166, 91.34944027144917, -174.14707889648093, -127.71093479590272, -26.738224810244123, -8.307955567032561, 13.659333288285987, 0.0212244, -0.0146495, 0.0461427, 0.156847, 0.217373, 0.00333515
5.796741485595703, 91.34944027144917, -174.14707889648093, -127.71093479590272, -26.738224810244123, -8.307955567032561, 13.659333288285987, 0.0212244, -0.0146495, 0.0461427, 0.156847, 0.217373, 0.00333515
5.8597822189331055, 91.34944027144917, -174.14707889648093, -127.71093479590272, -26.738224810244123, -8.307955567032561, 13.659333288285987, 0.00978139, -0.011828, 0.0200183, 0.123173, 0.0909007, 0.00358522
5.860795497894287, 91.34944027144917, -174.14707889648093, -127.71093479590272, -26.738224810244123, -8.307955567032561, 13.659333288285987, 0.00978139, -0.011828, 0.0200183, 0.123173, 0.0909007, 0.00358522
5.923093557357788, 91.34944027144917, -174.14707889648093, -127.71093479590272, -26.738224810244123, -8.307955567032561, 13.659333288285987, 0.00770152, -0.0146202, 0.0160245, 0.143559, 0.0700743, 0.0101752
5.924098014831543, 91.34944027144917, -174.14707889648093, -127.71093479590272, -26.738224810244123, -8.307955567032561, 13.659333288285987, 0.00770152, -0.0146202, 0.0160245, 0.143559, 0.0700743, 0.0101752
5.987645626068115, 91.34944027144917, -174.14707889648093, -127.71093479590272, -26.738224810244123, -8.307955567032561, 13.659333288285987, 0.0066452, -0.0192862, 0.0150135, 0.160637, 0.0631936, 0.0231643
5.988640546798706, 91.34944027144917, -174.14707889648093, -127.71093479590272, -26.738224810244123, -8.307955567032561, 13.659333288285987, 0.0066452, -0.0192862, 0.0150135, 0.160637, 0.0631936, 0.0231643
6.054089069366455, 91.34944027144917, -174.14707889648093, -127.71093479590272, -26.738224810244123, -8.307955567032561, 13.659333288285987, 0.0171813, -0.0177156, 0.0380453, 0.172174, 0.174329, 0.00979927
6.0550642013549805, 91.34944027144917, -174.14707889648093, -127.71093479590272, -26.738224810244123, -8.307955567032561, 13.659333288285987, 0.0171813, -0.0177156, 0.0380453, 0.172174, 0.174329, 0.00979927
6.141538858413696, 91.34944027144917, -174.14707889648093, -127.71093479590272, -26.738224810244123, -8.307955567032561, 13.659333288285987, 0.0103453, -0.0149149, 0.021719, 0.171577, 0.0947645, -0.00318369
6.142528772354126, 91.34944027144917, -174.14707889648093, -127.71093479590272, -26.738224810244123, -8.307955567032561, 13.659333288285987, 0.0103453, -0.0149149, 0.021719, 0.171577, 0.0947645, -0.00318369
6.2066123485565186, 91.34944027144917, -174.14707889648093, -127.71093479590272, -26.738224810244123, -8.307955567032561, 13.659333288285987, 0.0121799, -0.00823676, 0.0249337, 0.0810623, 0.120349, 0.00388315
6.207595109939575, 91.34944027144917, -174.14707889648093, -127.71093479590272, -26.738224810244123, -8.307955567032561, 13.659333288285987, 0.0121799, -0.00823676, 0.0249337, 0.0810623, 0.120349, 0.00388315
6.271438360214233, 91.34944027144917, -174.14707889648093, -127.71093479590272, -26.738224810244123, -8.307955567032561, 13.659333288285987, 0.00983286, -0.0178635, 0.0210798, 0.157598, 0.0940373, 0.0162942
6.272427082061768, 91.34944027144917, -174.14707889648093, -127.71093479590272, -26.738224810244123, -8.307955567032561, 13.659333288285987, 0.00983286, -0.0178635, 0.0210798, 0.157598, 0.0940373, 0.0162942
6.337160110473633, 91.34944027144917, -174.14707889648093, -127.71093479590272, -26.738224810244123, -8.307955567032561, 13.659333288285987, 0.00885028, -0.0205167, 0.0204232, 0.162508, 0.0881083, 0.0296502
6.33815336227417, 91.34944027144917, -174.14707889648093, -127.71093479590272, -26.738224810244123, -8.307955567032561, 13.659333288285987, 0.00885028, -0.0205167, 0.0204232, 0.162508, 0.0881083, 0.0296502
6.402580499649048, 91.34944027144917, -174.14707889648093, -127.71093479590272, -26.738224810244123, -8.307955567032561, 13.659333288285987, 0.00708098, -0.0165235, 0.0151771, 0.143274, 0.0655334, 0.0166022
6.403592348098755, 91.34944027144917, -174.14707889648093, -127.71093479590272, -26.738224810244123, -8.307955567032561, 13.659333288285987, 0.00708098, -0.0165235, 0.0151771, 0.143274, 0.0655334, 0.0166022
6.467366933822632, 91.34944027144917, -174.14707889648093, -127.71093479590272, -26.738224810244123, -8.307955567032561, 13.659333288285987, 0.0110235, -0.0196289, 0.024781, 0.163626, 0.11001, 0.0229551
6.468353509902954, 91.34944027144917, -174.14707889648093, -127.71093479590272, -26.738224810244123, -8.307955567032561, 13.659333288285987, 0.0110235, -0.0196289, 0.024781, 0.163626, 0.11001, 0.0229551
6.533236265182495, 91.34944027144917, -174.14707889648093, -127.71093479590272, -26.738224810244123, -8.307955567032561, 13.659333288285987, 0.00662677, -0.0194406, 0.0149713, 0.134171, 0.0655363, 0.0362292
6.534222841262817, 91.34944027144917, -174.14707889648093, -127.71093479590272, -26.738224810244123, -8.307955567032561, 13.659333288285987, 0.00662677, -0.0194406, 0.0149713, 0.134171, 0.0655363, 0.0362292
6.599153280258179, 91.34944027144917, -174.14707889648093, -127.71093479590272, -26.738224810244123, -8.307955567032561, 13.659333288285987, 0.0132291, -0.0116469, 0.0278154, 0.121168, 0.129739, 0.0036062
6.600143194198608, 91.34944027144917, -174.14707889648093, -127.71093479590272, -26.738224810244123, -8.307955567032561, 13.659333288285987, 0.0132291, -0.0116469, 0.0278154, 0.121168, 0.129739, 0.0036062
6.665354013442993, 91.34944027144917, -174.14707889648093, -127.71093479590272, -26.738224810244123, -8.307955567032561, 13.659333288285987, 0.0113677, -0.0123847, 0.022767, 0.145079, 0.103767, -0.00332576
6.666337728500366, 91.34944027144917, -174.14707889648093, -127.71093479590272, -26.738224810244123, -8.307955567032561, 13.659333288285987, 0.0113677, -0.0123847, 0.022767, 0.145079, 0.103767, -0.00332576
6.731858491897583, 91.34944027144917, -174.14707889648093, -127.71093479590272, -26.738224810244123, -8.307955567032561, 13.659333288285987, 0.0143047, -0.0129074, 0.0300784, 0.165399, 0.136846, -0.00970271
6.732853412628174, 91.34944027144917, -174.14707889648093, -127.71093479590272, -26.738224810244123, -8.307955567032561, 13.659333288285987, 0.0143047, -0.0129074, 0.0300784, 0.165399, 0.136846, -0.00970271
6.799387454986572, 91.34944027144917, -174.14707889648093, -127.71093479590272, -26.738224810244123, -8.307955567032561, 13.659333288285987, 0.013801, -0.0127385, 0.0288553, 0.147231, 0.133662, -0.00312969
6.8003950119018555, 91.34944027144917, -174.14707889648093, -127.71093479590272, -26.738224810244123, -8.307955567032561, 13.659333288285987, 0.013801, -0.0127385, 0.0288553, 0.147231, 0.133662, -0.00312969
6.866243839263916, 91.34944027144917, -174.14707889648093, -127.71093479590272, -26.738224810244123, -8.307955567032561, 13.659333288285987, 0.01204, -0.01484, 0.0254008, 0.168136, 0.113818, -0.00324759
6.86722731590271, 91.34944027144917, -174.14707889648093, -127.71093479590272, -26.738224810244123, -8.307955567032561, 13.659333288285987, 0.01204, -0.01484, 0.0254008, 0.168136, 0.113818, -0.00324759
6.93324875831604, 91.34944027144917, -174.14707889648093, -127.71093479590272, -26.738224810244123, -8.307955567032561, 13.659333288285987, 0.0115352, -0.0178026, 0.0253435, 0.159452, 0.113254, 0.0164151
6.934241533279419, 91.34944027144917, -174.14707889648093, -127.71093479590272, -26.738224810244123, -8.307955567032561, 13.659333288285987, 0.0115352, -0.0178026, 0.0253435, 0.159452, 0.113254, 0.0164151
7.000409364700317, 91.34944027144917, -174.14707889648093, -127.71093479590272, -26.738224810244123, -8.307955567032561, 13.659333288285987, 0.00465653, -0.013052, 0.00850492, 0.136933, 0.0331819, 0.00350121
7.001406908035278, 91.34944027144917, -174.14707889648093, -127.71093479590272, -26.738224810244123, -8.307955567032561, 13.659333288285987, 0.00465653, -0.013052, 0.00850492, 0.136933, 0.0331819, 0.00350121
7.0679237842559814, 91.34944027144917, -174.14707889648093, -127.71093479590272, -26.738224810244123, -8.307955567032561, 13.659333288285987, 0.00465653, -0.013052, 0.00850492, 0.136933, 0.0331819, 0.00350121
7.068911552429199, 91.34944027144917, -174.14707889648093, -127.71093479590272, -26.738224810244123, -8.307955567032561, 13.659333288285987, 0.00465653, -0.013052, 0.00850492, 0.136933, 0.0331819, 0.00350121
7.135104179382324, 91.34944027144917, -174.14707889648093, -127.71093479590272, -26.738224810244123, -8.307955567032561, 13.659333288285987, 0.0098161, -0.0229764, 0.0223244, 0.184128, 0.0964334, 0.0291663
7.136112451553345, 91.34944027144917, -174.14707889648093, -127.71093479590272, -26.738224810244123, -8.307955567032561, 13.659333288285987, 0.0098161, -0.0229764, 0.0223244, 0.184128, 0.0964334, 0.0291663
7.202273368835449, 91.34944027144917, -174.14707889648093, -127.71093479590272, -26.738224810244123, -8.307955567032561, 13.659333288285987, 0.0115364, -0.00746778, 0.0230447, 0.133276, 0.105551, -0.0223577
7.203280210494995, 91.34944027144917, -174.14707889648093, -127.71093479590272, -26.738224810244123, -8.307955567032561, 13.659333288285987, 0.0115364, -0.00746778, 0.0230447, 0.133276, 0.105551, -0.0223577
7.269877910614014, 91.34944027144917, -174.14707889648093, -127.71093479590272, -26.738224810244123, -8.307955567032561, 13.659333288285987, 0.0162934, -0.0191416, 0.0365871, 0.189103, 0.166858, 0.0099602
7.270878314971924, 91.34944027144917, -174.14707889648093, -127.71093479590272, -26.738224810244123, -8.307955567032561, 13.659333288285987, 0.0162934, -0.0191416, 0.0365871, 0.189103, 0.166858, 0.0099602
7.337004899978638, 91.34944027144917, -174.14707889648093, -127.71093479590272, -26.738224810244123, -8.307955567032561, 13.659333288285987, 0.0153845, -0.0114682, 0.0314829, 0.125626, 0.149093, 0.00324234
7.337984561920166, 91.34944027144917, -174.14707889648093, -127.71093479590272, -26.738224810244123, -8.307955567032561, 13.659333288285987, 0.0153845, -0.0114682, 0.0314829, 0.125626, 0.149093, 0.00324234
7.4047863483428955, 91.34944027144917, -174.14707889648093, -127.71093479590272, -26.738224810244123, -8.307955567032561, 13.659333288285987, 0.0105442, -0.0215643, 0.0240283, 0.140915, 0.109679, 0.0425244
7.405763626098633, 91.34944027144917, -174.14707889648093, -127.71093479590272, -26.738224810244123, -8.307955567032561, 13.659333288285987, 0.0105442, -0.0215643, 0.0240283, 0.140915, 0.109679, 0.0425244
7.472629070281982, 91.34944027144917, -174.14707889648093, -127.71093479590272, -26.738224810244123, -8.307955567032561, 13.659333288285987, 0.0119973, -0.0128902, 0.0248885, 0.146214, 0.113311, -0.00317857
7.47361159324646, 91.34944027144917, -174.14707889648093, -127.71093479590272, -26.738224810244123, -8.307955567032561, 13.659333288285987, 0.0119973, -0.0128902, 0.0248885, 0.146214, 0.113311, -0.00317857
7.5407843589782715, 91.34944027144917, -174.14707889648093, -127.71093479590272, -26.738224810244123, -8.307955567032561, 13.659333288285987, 0.0088775, -0.0244478, 0.0210145, 0.201475, 0.0883944, 0.0293632
7.541768550872803, 91.34944027144917, -174.14707889648093, -127.71093479590272, -26.738224810244123, -8.307955567032561, 13.659333288285987, 0.0088775, -0.0244478, 0.0210145, 0.201475, 0.0883944, 0.0293632
7.609543800354004, 91.34944027144917, -174.14707889648093, -127.71093479590272, -26.738224810244123, -8.307955567032561, 13.659333288285987, 0.0105271, -0.0113839, 0.0216875, 0.088274, 0.104318, 0.0168163
7.61053466796875, 91.34944027144917, -174.14707889648093, -127.71093479590272, -26.738224810244123, -8.307955567032561, 13.659333288285987, 0.0105271, -0.0113839, 0.0216875, 0.088274, 0.104318, 0.0168163
7.678074836730957, 91.34944027144917, -174.14707889648093, -127.71093479590272, -26.738224810244123, -8.307955567032561, 13.659333288285987, 0.0120748, -0.0187851, 0.0265738, 0.212399, 0.114267, -0.0033496
7.679059743881226, 91.34944027144917, -174.14707889648093, -127.71093479590272, -26.738224810244123, -8.307955567032561, 13.659333288285987, 0.0120748, -0.0187851, 0.0265738, 0.212399, 0.114267, -0.0033496
7.7470383644104, 91.34944027144917, -174.14707889648093, -127.71093479590272, -26.738224810244123, -8.307955567032561, 13.659333288285987, 0.00881927, -0.017276, 0.0194481, 0.179907, 0.0825799, 0.00353125
7.74802827835083, 91.34944027144917, -174.14707889648093, -127.71093479590272, -26.738224810244123, -8.307955567032561, 13.659333288285987, 0.00881927, -0.017276, 0.0194481, 0.179907, 0.0825799, 0.00353125
7.815886497497559, 91.34944027144917, -174.14707889648093, -127.71093479590272, -26.738224810244123, -8.307955567032561, 13.659333288285987, 0.0085312, -0.0132257, 0.0170494, 0.121754, 0.0768154, 0.00986525
7.816870450973511, 91.34944027144917, -174.14707889648093, -127.71093479590272, -26.738224810244123, -8.307955567032561, 13.659333288285987, 0.0085312, -0.0132257, 0.0170494, 0.121754, 0.0768154, 0.00986525
7.884802579879761, 91.34944027144917, -174.14707889648093, -127.71093479590272, -26.738224810244123, -8.307955567032561, 13.659333288285987, 0.00876098, -0.0101043, 0.0178815, 0.158339, 0.0767643, -0.0223006
7.885797739028931, 91.34944027144917, -174.14707889648093, -127.71093479590272, -26.738224810244123, -8.307955567032561, 13.659333288285987, 0.00876098, -0.0101043, 0.0178815, 0.158339, 0.0767643, -0.0223006
7.9542951583862305, 91.34944027144917, -174.14707889648093, -127.71093479590272, -26.738224810244123, -8.307955567032561, 13.659333288285987, 0.0162243, -0.0193415, 0.0366933, 0.163057, 0.168633, 0.0230613
7.955286502838135, 91.34944027144917, -174.14707889648093, -127.71093479590272, -26.738224810244123, -8.307955567032561, 13.659333288285987, 0.0162243, -0.0193415, 0.0366933, 0.163057, 0.168633, 0.0230613
8.023990631103516, 91.34944027144917, -174.14707889648093, -127.71093479590272, -26.738224810244123, -8.307955567032561, 13.659333288285987, 0.0116699, -0.0150215, 0.025658, 0.13823, 0.117159, 0.0102302
8.024986982345581, 91.34944027144917, -174.14707889648093, -127.71093479590272, -26.738224810244123, -8.307955567032561, 13.659333288285987, 0.0116699, -0.0150215, 0.025658, 0.13823, 0.117159, 0.0102302
8.11332631111145, 91.34944027144917, -174.14707889648093, -127.71093479590272, -26.738224810244123, -8.307955567032561, 13.659333288285987, 0.0103453, -0.0149149, 0.021719, 0.171577, 0.0947645, -0.00318369
8.11432671546936, 91.34944027144917, -174.14707889648093, -127.71093479590272, -26.738224810244123, -8.307955567032561, 13.659333288285987, 0.0103453, -0.0149149, 0.021719, 0.171577, 0.0947645, -0.00318369
8.183317422866821, 91.34944027144917, -174.14707889648093, -127.71093479590272, -26.738224810244123, -8.307955567032561, 13.659333288285987, 0.0149422, -0.0114177, 0.0315392, 0.144193, 0.146449, -0.00952265
8.184309482574463, 91.34944027144917, -174.14707889648093, -127.71093479590272, -26.738224810244123, -8.307955567032561, 13.659333288285987, 0.0149422, -0.0114177, 0.0315392, 0.144193, 0.146449, -0.00952265
8.253859758377075, 91.34944027144917, -174.14707889648093, -127.71093479590272, -26.738224810244123, -8.307955567032561, 13.659333288285987, 0.0169553, -0.0197562, 0.0385182, 0.163354, 0.179313, 0.0231362
8.25485610961914, 91.34944027144917, -174.14707889648093, -127.71093479590272, -26.738224810244123, -8.307955567032561, 13.659333288285987, 0.0169553, -0.0197562, 0.0385182, 0.163354, 0.179313, 0.0231362
8.324583053588867, 91.34944027144917, -174.14707889648093, -127.71093479590272, -26.738224810244123, -8.307955567032561, 13.659333288285987, 0.0115356, -0.00859021, 0.022968, 0.115125, 0.108067, -0.00941974
8.325573205947876, 91.34944027144917, -174.14707889648093, -127.71093479590272, -26.738224810244123, -8.307955567032561, 13.659333288285987, 0.0115356, -0.00859021, 0.022968, 0.115125, 0.108067, -0.00941974
8.395437479019165, 91.34944027144917, -174.14707889648093, -127.71093479590272, -26.738224810244123, -8.307955567032561, 13.659333288285987, 0.0075846, -0.0166924, 0.0164001, 0.161442, 0.0687163, 0.0100292
8.396430253982544, 91.34944027144917, -174.14707889648093, -127.71093479590272, -26.738224810244123, -8.307955567032561, 13.659333288285987, 0.0075846, -0.0166924, 0.0164001, 0.161442, 0.0687163, 0.0100292
8.466418027877808, 91.34944027144917, -174.14707889648093, -127.71093479590272, -26.738224810244123, -8.307955567032561, 13.659333288285987, 0.011518, -0.0148255, 0.0241357, 0.123503, 0.112978, 0.0163903
8.467416048049927, 91.34944027144917, -174.14707889648093, -127.71093479590272, -26.738224810244123, -8.307955567032561, 13.659333288285987, 0.011518, -0.0148255, 0.0241357, 0.123503, 0.112978, 0.0163903
8.535969495773315, 91.34944027144917, -174.14707889648093, -127.71093479590272, -26.738224810244123, -8.307955567032561, 13.659333288285987, 0.014496, -0.0123396, 0.0306728, 0.112749, 0.146513, 0.0101372
8.53699541091919, 91.34944027144917, -174.14707889648093, -127.71093479590272, -26.738224810244123, -8.307955567032561, 13.659333288285987, 0.014496, -0.0123396, 0.0306728, 0.112749, 0.146513, 0.0101372
8.606299638748169, 91.34944027144917, -174.14707889648093, -127.71093479590272, -26.738224810244123, -8.307955567032561, 13.659333288285987, 0.0075846, -0.0166924, 0.0164001, 0.161442, 0.0687163, 0.0100292
8.607277870178223, 91.34944027144917, -174.14707889648093, -127.71093479590272, -26.738224810244123, -8.307955567032561, 13.659333288285987, 0.0075846, -0.0166924, 0.0164001, 0.161442, 0.0687163, 0.0100292
8.67661452293396, 91.34944027144917, -174.14707889648093, -127.71093479590272, -26.738224810244123, -8.307955567032561, 13.659333288285987, 0.013263, -0.0167144, 0.0289116, 0.14728, 0.132703, 0.0164421
8.677558183670044, 91.34944027144917, -174.14707889648093, -127.71093479590272, -26.738224810244123, -8.307955567032561, 13.659333288285987, 0.013263, -0.0167144, 0.0289116, 0.14728, 0.132703, 0.0164421
8.746637105941772, 91.34944027144917, -174.14707889648093, -127.71093479590272, -26.738224810244123, -8.307955567032561, 13.659333288285987, 0.0112936, -0.0146212, 0.0247621, 0.150986, 0.112931, 0.00385121
8.747623205184937, 91.34944027144917, -174.14707889648093, -127.71093479590272, -26.738224810244123, -8.307955567032561, 13.659333288285987, 0.0112936, -0.0146212, 0.0247621, 0.150986, 0.112931, 0.00385121
8.818552494049072, 91.34944027144917, -174.14707889648093, -127.71093479590272, -26.738224810244123, -8.307955567032561, 13.659333288285987, 0.0120041, -0.0140265, 0.0253935, 0.133358, 0.115989, 0.00994414
8.819543838500977, 91.34944027144917, -174.14707889648093, -127.71093479590272, -26.738224810244123, -8.307955567032561, 13.659333288285987, 0.0120041, -0.0140265, 0.0253935, 0.133358, 0.115989, 0.00994414
8.890261888504028, 91.34944027144917, -174.14707889648093, -127.71093479590272, -26.738224810244123, -8.307955567032561, 13.659333288285987, 0.0107896, -0.0236647, 0.0259146, 0.177146, 0.114935, 0.0362593
8.891251564025879, 91.34944027144917, -174.14707889648093, -127.71093479590272, -26.738224810244123, -8.307955567032561, 13.659333288285987, 0.0107896, -0.0236647, 0.0259146, 0.177146, 0.114935, 0.0362593
8.961370944976807, 91.34944027144917, -174.14707889648093, -127.71093479590272, -26.738224810244123, -8.307955567032561, 13.659333288285987, 0.00943019, -0.019613, 0.0208025, 0.166229, 0.0920923, 0.0229473
8.962447166442871, 91.34944027144917, -174.14707889648093, -127.71093479590272, -26.738224810244123, -8.307955567032561, 13.659333288285987, 0.00943019, -0.019613, 0.0208025, 0.166229, 0.0920923, 0.0229473
9.033411979675293, 91.34944027144917, -174.14707889648093, -127.71093479590272, -26.738224810244123, -8.307955567032561, 13.659333288285987, 0.0110462, -0.0167748, 0.0239647, 0.106088, 0.112808, 0.0361443
9.034408569335938, 91.34944027144917, -174.14707889648093, -127.71093479590272, -26.738224810244123, -8.307955567032561, 13.659333288285987, 0.0110462, -0.0167748, 0.0239647, 0.106088, 0.112808, 0.0361443
9.132045984268188, 91.34944027144917, -174.14707889648093, -127.71093479590272, -26.738224810244123, -8.307955567032561, 13.659333288285987, 0.0144717, -0.0102353, 0.0302026, 0.117292, 0.143662, -0.00285873
9.133079528808594, 91.34944027144917, -174.14707889648093, -127.71093479590272, -26.738224810244123, -8.307955567032561, 13.659333288285987, 0.0144717, -0.0102353, 0.0302026, 0.117292, 0.143662, -0.00285873
9.20429515838623, 91.34944027144917, -174.14707889648093, -127.71093479590272, -26.738224810244123, -8.307955567032561, 13.659333288285987, 0.0127514, -0.0185407, 0.0283493, 0.151453, 0.12946, 0.0229822
9.205285787582397, 91.34944027144917, -174.14707889648093, -127.71093479590272, -26.738224810244123, -8.307955567032561, 13.659333288285987, 0.0127514, -0.0185407, 0.0283493, 0.151453, 0.12946, 0.0229822
9.27679181098938, 91.34944027144917, -174.14707889648093, -127.71093479590272, -26.738224810244123, -8.307955567032561, 13.659333288285987, 0.0138517, -0.0126931, 0.0287071, 0.146812, 0.134231, -0.00316569
9.277783155441284, 91.34944027144917, -174.14707889648093, -127.71093479590272, -26.738224810244123, -8.307955567032561, 13.659333288285987, 0.0138517, -0.0126931, 0.0287071, 0.146812, 0.134231, -0.00316569
9.34964656829834, 91.34944027144917, -174.14707889648093, -127.71093479590272, -26.738224810244123, -8.307955567032561, 13.659333288285987, 0.016475, -0.0173961, 0.0354482, 0.139698, 0.166397, 0.0225683
9.35069990158081, 91.34944027144917, -174.14707889648093, -127.71093479590272, -26.738224810244123, -8.307955567032561, 13.659333288285987, 0.016475, -0.0173961, 0.0354482, 0.139698, 0.166397, 0.0225683
9.42237901687622, 91.34944027144917, -174.14707889648093, -127.71093479590272, -26.738224810244123, -8.307955567032561, 13.659333288285987, 0.0100179, -0.0170461, 0.0224886, 0.163593, 0.098613, 0.0102251
9.423372268676758, 91.34944027144917, -174.14707889648093, -127.71093479590272, -26.738224810244123, -8.307955567032561, 13.659333288285987, 0.0100179, -0.0170461, 0.0224886, 0.163593, 0.098613, 0.0102251
9.496679067611694, 91.34944027144917, -174.14707889648093, -127.71093479590272, -26.738224810244123, -8.307955567032561, 13.659333288285987, 0.0164419, -0.0112061, 0.0344289, 0.131738, 0.160918, -0.00320575
9.497673273086548, 91.34944027144917, -174.14707889648093, -127.71093479590272, -26.738224810244123, -8.307955567032561, 13.659333288285987, 0.0164419, -0.0112061, 0.0344289, 0.131738, 0.160918, -0.00320575
9.573126316070557, 91.34944027144917, -174.14707889648093, -127.71093479590272, -26.738224810244123, -8.307955567032561, 13.659333288285987, 0.00838174, -0.0168658, 0.0168905, 0.178173, 0.0701725, 0.0028944
9.574124336242676, 91.34944027144917, -174.14707889648093, -127.71093479590272, -26.738224810244123, -8.307955567032561, 13.659333288285987, 0.00838174, -0.0168658, 0.0168905, 0.178173, 0.0701725, 0.0028944
9.647601127624512, 91.34944027144917, -174.14707889648093, -127.71093479590272, -26.738224810244123, -8.307955567032561, 13.659333288285987, 0.00984923, -0.0219631, 0.0222109, 0.175396, 0.0968287, 0.0292572
9.648593187332153, 91.34944027144917, -174.14707889648093, -127.71093479590272, -26.738224810244123, -8.307955567032561, 13.659333288285987, 0.00984923, -0.0219631, 0.0222109, 0.175396, 0.0968287, 0.0292572
9.722179889678955, 91.34944027144917, -174.14707889648093, -127.71093479590272, -26.738224810244123, -8.307955567032561, 13.659333288285987, 0.0115013, -0.0127351, 0.0242472, 0.133341, 0.11029, 0.0035792
9.723169326782227, 91.34944027144917, -174.14707889648093, -127.71093479590272, -26.738224810244123, -8.307955567032561, 13.659333288285987, 0.0115013, -0.0127351, 0.0242472, 0.133341, 0.11029, 0.0035792
9.796690225601196, 91.34944027144917, -174.14707889648093, -127.71093479590272, -26.738224810244123, -8.307955567032561, 13.659333288285987, 0.0132291, -0.0188502, 0.0289485, 0.137859, 0.134824, 0.0292893
9.797685861587524, 91.34944027144917, -174.14707889648093, -127.71093479590272, -26.738224810244123, -8.307955567032561, 13.659333288285987, 0.0132291, -0.0188502, 0.0289485, 0.137859, 0.134824, 0.0292893
9.870960712432861, 91.34944027144917, -174.14707889648093, -127.71093479590272, -26.738224810244123, -8.307955567032561, 13.659333288285987, 0.00932045, -0.0136089, 0.0193077, 0.126927, 0.0882256, 0.0100892
9.87195348739624, 91.34944027144917, -174.14707889648093, -127.71093479590272, -26.738224810244123, -8.307955567032561, 13.659333288285987, 0.00932045, -0.0136089, 0.0193077, 0.126927, 0.0882256, 0.0100892
9.944536924362183, 91.34944027144917, -174.14707889648093, -127.71093479590272, -26.738224810244123, -8.307955567032561, 13.659333288285987, 0.0123428, -0.0180314, 0.0276438, 0.191092, 0.122321, 0.00357413
9.945517778396606, 91.34944027144917, -174.14707889648093, -127.71093479590272, -26.738224810244123, -8.307955567032561, 13.659333288285987, 0.0123428, -0.0180314, 0.0276438, 0.191092, 0.122321, 0.00357413
10.018147945404053, 91.34944027144917, -174.14707889648093, -127.71093479590272, -26.738224810244123, -8.307955567032561, 13.659333288285987, 0.00912746, -0.0164215, 0.0185597, 0.143272, 0.0835907, 0.0161253
10.019209384918213, 91.34944027144917, -174.14707889648093, -127.71093479590272, -26.738224810244123, -8.307955567032561, 13.659333288285987, 0.00912746, -0.0164215, 0.0185597, 0.143272, 0.0835907, 0.0161253
