# Timestamp, Flexion, Adduction, Rotation, Translation_ap, Translation_ml, Translation_pd, Tx, Ty, Tz, Fx, Fy, Fz
0.01070404052734375, 70.5036616431253, 2.388850778416625, -6.002801228894239, -18.94801855383438, -14.825729511251362, 25.11250829444739, 0.0, 0.0, 0.0, 0.0, 0.0, 0.0
0.017616748809814453, 70.5036616431253, 2.388850778416625, -6.002801228894239, -18.94801855383438, -14.825729511251362, 25.11250829444739, 0.0, 0.0, 0.0, 0.0, 0.0, 0.0
0.030508041381835938, 70.5036616431253, 2.388850778416625, -6.002801228894239, -18.94801855383438, -14.825729511251362, 25.11250829444739, 0.0, 0.0, 0.0, 0.0, 0.0, 0.0
0.03683924674987793, 70.5036616431253, 2.388850778416625, -6.002801228894239, -18.94801855383438, -14.825729511251362, 25.11250829444739, 0.0, 0.0, 0.0, 0.0, 0.0, 0.0
0.04980778694152832, 70.5036616431253, 2.388850778416625, -6.002801228894239, -18.94801855383438, -14.825729511251362, 25.11250829444739, 0.0, 0.0, 0.0, 0.0, 0.0, 0.0
0.05630302429199219, 70.5036616431253, 2.388850778416625, -6.002801228894239, -18.94801855383438, -14.825729511251362, 25.11250829444739, 0.0, 0.0, 0.0, 0.0, 0.0, 0.0
0.07042145729064941, 70.5036616431253, 2.388850778416625, -6.002801228894239, -18.94801855383438, -14.825729511251362, 25.11250829444739, 0.0, 0.0, 0.0, 0.0, 0.0, 0.0
0.0766911506652832, 70.5036616431253, 2.388850778416625, -6.002801228894239, -18.94801855383438, -14.825729511251362, 25.11250829444739, 0.0, 0.0, 0.0, 0.0, 0.0, 0.0
0.09078049659729004, 70.5036616431253, 2.388850778416625, -6.002801228894239, -18.94801855383438, -14.825729511251362, 25.11250829444739, 0.0, 0.0, 0.0, 0.0, 0.0, 0.0
0.09691762924194336, 70.5036616431253, 2.388850778416625, -6.002801228894239, -18.94801855383438, -14.825729511251362, 25.11250829444739, 0.0, 0.0, 0.0, 0.0, 0.0, 0.0
0.10974001884460449, 70.5036616431253, 2.388850778416625, -6.002801228894239, -18.94801855383438, -14.825729511251362, 25.11250829444739, 0.0, 0.0, 0.0, 0.0, 0.0, 0.0
0.11588907241821289, 70.5036616431253, 2.388850778416625, -6.002801228894239, -18.94801855383438, -14.825729511251362, 25.11250829444739, 0.0, 0.0, 0.0, 0.0, 0.0, 0.0
0.13944149017333984, 70.5036616431253, 2.388850778416625, -6.002801228894239, -18.94801855383438, -14.825729511251362, 25.11250829444739, 0.0, 0.0, 0.0, 0.0, 0.0, 0.0
0.14853978157043457, 70.5036616431253, 2.388850778416625, -6.002801228894239, -18.94801855383438, -14.825729511251362, 25.11250829444739, 0.0, 0.0, 0.0, 0.0, 0.0, 0.0
0.16042017936706543, 70.5036616431253, 2.388850778416625, -6.002801228894239, -18.94801855383438, -14.825729511251362, 25.11250829444739, 0.0, 0.0, 0.0, 0.0, 0.0, 0.0
0.16658258438110352, 70.5036616431253, 2.388850778416625, -6.002801228894239, -18.94801855383438, -14.825729511251362, 25.11250829444739, 0.0, 0.0, 0.0, 0.0, 0.0, 0.0
0.1774005889892578, 70.5036616431253, 2.388850778416625, -6.002801228894239, -18.94801855383438, -14.825729511251362, 25.11250829444739, 0.0, 0.0, 0.0, 0.0, 0.0, 0.0
0.18355274200439453, 70.5036616431253, 2.388850778416625, -6.002801228894239, -18.94801855383438, -14.825729511251362, 25.11250829444739, 0.0, 0.0, 0.0, 0.0, 0.0, 0.0
0.19426703453063965, 70.5036616431253, 2.388850778416625, -6.002801228894239, -18.94801855383438, -14.825729511251362, 25.11250829444739, 0.0, 0.0, 0.0, 0.0, 0.0, 0.0
0.2005162239074707, 70.5036616431253, 2.388850778416625, -6.002801228894239, -18.94801855383438, -14.825729511251362, 25.11250829444739, 0.0, 0.0, 0.0, 0.0, 0.0, 0.0
0.2115640640258789, 70.5036616431253, 2.388850778416625, -6.002801228894239, -18.94801855383438, -14.825729511251362, 25.11250829444739, 0.0, 0.0, 0.0, 0.0, 0.0, 0.0
0.21770596504211426, 70.5036616431253, 2.388850778416625, -6.002801228894239, -18.94801855383438, -14.825729511251362, 25.11250829444739, 0.0, 0.0, 0.0, 0.0, 0.0, 0.0
0.22971844673156738, 70.5036616431253, 2.388850778416625, -6.002801228894239, -18.94801855383438, -14.825729511251362, 25.11250829444739, 0.0, 0.0, 0.0, 0.0, 0.0, 0.0
0.23598456382751465, 70.5036616431253, 2.388850778416625, -6.002801228894239, -18.94801855383438, -14.825729511251362, 25.11250829444739, 0.0, 0.0, 0.0, 0.0, 0.0, 0.0
0.2499842643737793, 70.5036616431253, 2.388850778416625, -6.002801228894239, -18.94801855383438, -14.825729511251362, 25.11250829444739, 0.0, 0.0, 0.0, 0.0, 0.0, 0.0
0.25614476203918457, 70.5036616431253, 2.388850778416625, -6.002801228894239, -18.94801855383438, -14.825729511251362, 25.11250829444739, 0.0, 0.0, 0.0, 0.0, 0.0, 0.0
0.2699875831604004, 70.5036616431253, 2.388850778416625, -6.002801228894239, -18.94801855383438, -14.825729511251362, 25.11250829444739, 0.0, 0.0, 0.0, 0.0, 0.0, 0.0
0.27622032165527344, 70.5036616431253, 2.388850778416625, -6.002801228894239, -18.94801855383438, -14.825729511251362, 25.11250829444739, 0.0, 0.0, 0.0, 0.0, 0.0, 0.0
0.2900707721710205, 70.5036616431253, 2.388850778416625, -6.002801228894239, -18.94801855383438, -14.825729511251362, 25.11250829444739, 0.0, 0.0, 0.0, 0.0, 0.0, 0.0
0.29623913764953613, 70.5036616431253, 2.388850778416625, -6.002801228894239, -18.94801855383438, -14.825729511251362, 25.11250829444739, 0.0, 0.0, 0.0, 0.0, 0.0, 0.0
0.310772180557251, 70.5036616431253, 2.388850778416625, -6.002801228894239, -18.94801855383438, -14.825729511251362, 25.11250829444739, 0.0, 0.0, 0.0, 0.0, 0.0, 0.0
0.31688427925109863, 70.5036616431253, 2.388850778416625, -6.002801228894239, -18.94801855383438, -14.825729511251362, 25.11250829444739, 0.0, 0.0, 0.0, 0.0, 0.0, 0.0
0.3296549320220947, 70.5036616431253, 2.388850778416625, -6.002801228894239, -18.94801855383438, -14.825729511251362, 25.11250829444739, 0.0, 0.0, 0.0, 0.0, 0.0, 0.0
0.3357977867126465, 70.5036616431253, 2.388850778416625, -6.002801228894239, -18.94801855383438, -14.825729511251362, 25.11250829444739, 0.0, 0.0, 0.0, 0.0, 0.0, 0.0
0.34990477561950684, 70.5036616431253, 2.388850778416625, -6.002801228894239, -18.94801855383438, -14.825729511251362, 25.11250829444739, 0.0, 0.0, 0.0, 0.0, 0.0, 0.0
0.3560450077056885, 70.5036616431253, 2.388850778416625, -6.002801228894239, -18.94801855383438, -14.825729511251362, 25.11250829444739, 0.0, 0.0, 0.0, 0.0, 0.0, 0.0
0.3704073429107666, 70.5036616431253, 2.388850778416625, -6.002801228894239, -18.94801855383438, -14.825729511251362, 25.11250829444739, 0.0, 0.0, 0.0, 0.0, 0.0, 0.0
0.3766791820526123, 70.5036616431253, 2.388850778416625, -6.002801228894239, -18.94801855383438, -14.825729511251362, 25.11250829444739, 0.0, 0.0, 0.0, 0.0, 0.0, 0.0
0.3899405002593994, 70.5036616431253, 2.388850778416625, -6.002801228894239, -18.94801855383438, -14.825729511251362, 25.11250829444739, 0.0, 0.0, 0.0, 0.0, 0.0, 0.0
0.39608001708984375, 70.5036616431253, 2.388850778416625, -6.002801228894239, -18.94801855383438, -14.825729511251362, 25.11250829444739, 0.0, 0.0, 0.0, 0.0, 0.0, 0.0
0.41042661666870117, 70.5036616431253, 2.388850778416625, -6.002801228894239, -18.94801855383438, -14.825729511251362, 25.11250829444739, 0.0, 0.0, 0.0, 0.0, 0.0, 0.0
0.4168281555175781, 70.5036616431253, 2.388850778416625, -6.002801228894239, -18.94801855383438, -14.825729511251362, 25.11250829444739, 0.0, 0.0, 0.0, 0.0, 0.0, 0.0
0.4299459457397461, 70.5036616431253, 2.388850778416625, -6.002801228894239, -18.94801855383438, -14.825729511251362, 25.11250829444739, 0.0, 0.0, 0.0, 0.0, 0.0, 0.0
0.4362518787384033, 70.5036616431253, 2.388850778416625, -6.002801228894239, -18.94801855383438, -14.825729511251362, 25.11250829444739, 0.0, 0.0, 0.0, 0.0, 0.0, 0.0
0.4506969451904297, 70.5036616431253, 2.388850778416625, -6.002801228894239, -18.94801855383438, -14.825729511251362, 25.11250829444739, 0.0, 0.0, 0.0, 0.0, 0.0, 0.0
0.45684027671813965, 70.5036616431253, 2.388850778416625, -6.002801228894239, -18.94801855383438, -14.825729511251362, 25.11250829444739, 0.0, 0.0, 0.0, 0.0, 0.0, 0.0
0.4701972007751465, 70.5036616431253, 2.388850778416625, -6.002801228894239, -18.94801855383438, -14.825729511251362, 25.11250829444739, 0.0, 0.0, 0.0, 0.0, 0.0, 0.0
0.47640442848205566, 70.5036616431253, 2.388850778416625, -6.002801228894239, -18.94801855383438, -14.825729511251362, 25.11250829444739, 0.0, 0.0, 0.0, 0.0, 0.0, 0.0
0.4907076358795166, 70.5036616431253, 2.388850778416625, -6.002801228894239, -18.94801855383438, -14.825729511251362, 25.11250829444739, 0.0, 0.0, 0.0, 0.0, 0.0, 0.0
0.49684572219848633, 70.5036616431253, 2.388850778416625, -6.002801228894239, -18.94801855383438, -14.825729511251362, 25.11250829444739, 0.0, 0.0, 0.0, 0.0, 0.0, 0.0
0.5100281238555908, 70.5036616431253, 2.388850778416625, -6.002801228894239, -18.94801855383438, -14.825729511251362, 25.11250829444739, 0.0, 0.0, 0.0, 0.0, 0.0, 0.0
0.5163247585296631, 70.5036616431253, 2.388850778416625, -6.002801228894239, -18.94801855383438, -14.825729511251362, 25.11250829444739, 0.0, 0.0, 0.0, 0.0, 0.0, 0.0
0.5306663513183594, 70.5036616431253, 2.388850778416625, -6.002801228894239, -18.94801855383438, -14.825729511251362, 25.11250829444739, 0.0, 0.0, 0.0, 0.0, 0.0, 0.0
0.5369062423706055, 70.5036616431253, 2.388850778416625, -6.002801228894239, -18.94801855383438, -14.825729511251362, 25.11250829444739, 0.0, 0.0, 0.0, 0.0, 0.0, 0.0
0.549811840057373, 70.5036616431253, 2.388850778416625, -6.002801228894239, -18.94801855383438, -14.825729511251362, 25.11250829444739, 0.0, 0.0, 0.0, 0.0, 0.0, 0.0
0.5560417175292969, 70.5036616431253, 2.388850778416625, -6.002801228894239, -18.94801855383438, -14.825729511251362, 25.11250829444739, 0.0, 0.0, 0.0, 0.0, 0.0, 0.0
0.5700504779815674, 70.5036616431253, 2.388850778416625, -6.002801228894239, -18.94801855383438, -14.825729511251362, 25.11250829444739, 0.0, 0.0, 0.0, 0.0, 0.0, 0.0
0.5761597156524658, 70.5036616431253, 2.388850778416625, -6.002801228894239, -18.94801855383438, -14.825729511251362, 25.11250829444739, 0.0, 0.0, 0.0, 0.0, 0.0, 0.0
0.5899546146392822, 70.5036616431253, 2.388850778416625, -6.002801228894239, -18.94801855383438, -14.825729511251362, 25.11250829444739, 0.0, 0.0, 0.0, 0.0, 0.0, 0.0
0.5961706638336182, 70.5036616431253, 2.388850778416625, -6.002801228894239, -18.94801855383438, -14.825729511251362, 25.11250829444739, 0.0, 0.0, 0.0, 0.0, 0.0, 0.0
0.6101791858673096, 70.5036616431253, 2.388850778416625, -6.002801228894239, -18.94801855383438, -14.825729511251362, 25.11250829444739, 0.0, 0.0, 0.0, 0.0, 0.0, 0.0
0.6164231300354004, 70.5036616431253, 2.388850778416625, -6.002801228894239, -18.94801855383438, -14.825729511251362, 25.11250829444739, 0.0, 0.0, 0.0, 0.0, 0.0, 0.0
0.6304738521575928, 70.5036616431253, 2.388850778416625, -6.002801228894239, -18.94801855383438, -14.825729511251362, 25.11250829444739, 0.0, 0.0, 0.0, 0.0, 0.0, 0.0
0.6367402076721191, 70.5036616431253, 2.388850778416625, -6.002801228894239, -18.94801855383438, -14.825729511251362, 25.11250829444739, 0.0, 0.0, 0.0, 0.0, 0.0, 0.0
0.650745153427124, 70.5036616431253, 2.388850778416625, -6.002801228894239, -18.94801855383438, -14.825729511251362, 25.11250829444739, 0.0, 0.0, 0.0, 0.0, 0.0, 0.0
0.6568701267242432, 70.5036616431253, 2.388850778416625, -6.002801228894239, -18.94801855383438, -14.825729511251362, 25.11250829444739, 0.0, 0.0, 0.0, 0.0, 0.0, 0.0
0.6698799133300781, 70.5036616431253, 2.388850778416625, -6.002801228894239, -18.94801855383438, -14.825729511251362, 25.11250829444739, 0.0, 0.0, 0.0, 0.0, 0.0, 0.0
0.6759805679321289, 70.5036616431253, 2.388850778416625, -6.002801228894239, -18.94801855383438, -14.825729511251362, 25.11250829444739, 0.0, 0.0, 0.0, 0.0, 0.0, 0.0
0.689723014831543, 70.5036616431253, 2.388850778416625, -6.002801228894239, -18.94801855383438, -14.825729511251362, 25.11250829444739, 0.0, 0.0, 0.0, 0.0, 0.0, 0.0
0.6961386203765869, 70.5036616431253, 2.388850778416625, -6.002801228894239, -18.94801855383438, -14.825729511251362, 25.11250829444739, 0.0, 0.0, 0.0, 0.0, 0.0, 0.0
0.71022629737854, 70.5036616431253, 2.388850778416625, -6.002801228894239, -18.94801855383438, -14.825729511251362, 25.11250829444739, 0.0, 0.0, 0.0, 0.0, 0.0, 0.0
0.7164442539215088, 70.5036616431253, 2.388850778416625, -6.002801228894239, -18.94801855383438, -14.825729511251362, 25.11250829444739, 0.0, 0.0, 0.0, 0.0, 0.0, 0.0
0.7302258014678955, 70.5036616431253, 2.388850778416625, -6.002801228894239, -18.94801855383438, -14.825729511251362, 25.11250829444739, 0.0, 0.0, 0.0, 0.0, 0.0, 0.0
0.7365260124206543, 70.5036616431253, 2.388850778416625, -6.002801228894239, -18.94801855383438, -14.825729511251362, 25.11250829444739, 0.0, 0.0, 0.0, 0.0, 0.0, 0.0
0.7506353855133057, 70.5036616431253, 2.388850778416625, -6.002801228894239, -18.94801855383438, -14.825729511251362, 25.11250829444739, 0.0, 0.0, 0.0, 0.0, 0.0, 0.0
0.7566359043121338, 70.5036616431253, 2.388850778416625, -6.002801228894239, -18.94801855383438, -14.825729511251362, 25.11250829444739, 0.0, 0.0, 0.0, 0.0, 0.0, 0.0
0.7705643177032471, 70.5036616431253, 2.388850778416625, -6.002801228894239, -18.94801855383438, -14.825729511251362, 25.11250829444739, 0.0, 0.0, 0.0, 0.0, 0.0, 0.0
0.7765841484069824, 70.5036616431253, 2.388850778416625, -6.002801228894239, -18.94801855383438, -14.825729511251362, 25.11250829444739, 0.0, 0.0, 0.0, 0.0, 0.0, 0.0
0.7901825904846191, 70.5036616431253, 2.388850778416625, -6.002801228894239, -18.94801855383438, -14.825729511251362, 25.11250829444739, 0.0, 0.0, 0.0, 0.0, 0.0, 0.0
0.7962026596069336, 70.5036616431253, 2.388850778416625, -6.002801228894239, -18.94801855383438, -14.825729511251362, 25.11250829444739, 0.0, 0.0, 0.0, 0.0, 0.0, 0.0
0.8102998733520508, 70.5036616431253, 2.388850778416625, -6.002801228894239, -18.94801855383438, -14.825729511251362, 25.11250829444739, 0.0, 0.0, 0.0, 0.0, 0.0, 0.0
0.8163678646087646, 70.5036616431253, 2.388850778416625, -6.002801228894239, -18.94801855383438, -14.825729511251362, 25.11250829444739, 0.0, 0.0, 0.0, 0.0, 0.0, 0.0
0.8298988342285156, 70.5036616431253, 2.388850778416625, -6.002801228894239, -18.94801855383438, -14.825729511251362, 25.11250829444739, 0.0, 0.0, 0.0, 0.0, 0.0, 0.0
0.8357276916503906, 70.5036616431253, 2.388850778416625, -6.002801228894239, -18.94801855383438, -14.825729511251362, 25.11250829444739, 0.0, 0.0, 0.0, 0.0, 0.0, 0.0
0.8496577739715576, 70.5036616431253, 2.388850778416625, -6.002801228894239, -18.94801855383438, -14.825729511251362, 25.11250829444739, 0.0, 0.0, 0.0, 0.0, 0.0, 0.0
0.8555464744567871, 70.5036616431253, 2.388850778416625, -6.002801228894239, -18.94801855383438, -14.825729511251362, 25.11250829444739, 0.0, 0.0, 0.0, 0.0, 0.0, 0.0
0.8703553676605225, 70.5036616431253, 2.388850778416625, -6.002801228894239, -18.94801855383438, -14.825729511251362, 25.11250829444739, 0.0, 0.0, 0.0, 0.0, 0.0, 0.0
0.8765113353729248, 70.5036616431253, 2.388850778416625, -6.002801228894239, -18.94801855383438, -14.825729511251362, 25.11250829444739, 0.0, 0.0, 0.0, 0.0, 0.0, 0.0
0.8902256488800049, 70.5036616431253, 2.388850778416625, -6.002801228894239, -18.94801855383438, -14.825729511251362, 25.11250829444739, 0.0, 0.0, 0.0, 0.0, 0.0, 0.0
0.8961944580078125, 70.5036616431253, 2.388850778416625, -6.002801228894239, -18.94801855383438, -14.825729511251362, 25.11250829444739, 0.0, 0.0, 0.0, 0.0, 0.0, 0.0
0.9100854396820068, 70.5036616431253, 2.388850778416625, -6.002801228894239, -18.94801855383438, -14.825729511251362, 25.11250829444739, 0.0, 0.0, 0.0, 0.0, 0.0, 0.0
0.9161615371704102, 70.5036616431253, 2.388850778416625, -6.002801228894239, -18.94801855383438, -14.825729511251362, 25.11250829444739, 0.0, 0.0, 0.0, 0.0, 0.0, 0.0
0.9298233985900879, 70.5036616431253, 2.388850778416625, -6.002801228894239, -18.94801855383438, -14.825729511251362, 25.11250829444739, 0.0, 0.0, 0.0, 0.0, 0.0, 0.0
0.9359071254730225, 70.5036616431253, 2.388850778416625, -6.002801228894239, -18.94801855383438, -14.825729511251362, 25.11250829444739, 0.0, 0.0, 0.0, 0.0, 0.0, 0.0
0.9497559070587158, 70.5036616431253, 2.388850778416625, -6.002801228894239, -18.94801855383438, -14.825729511251362, 25.11250829444739, 0.0, 0.0, 0.0, 0.0, 0.0, 0.0
0.9556965827941895, 70.5036616431253, 2.388850778416625, -6.002801228894239, -18.94801855383438, -14.825729511251362, 25.11250829444739, 0.0, 0.0, 0.0, 0.0, 0.0, 0.0
0.9705679416656494, 70.5036616431253, 2.388850778416625, -6.002801228894239, -18.94801855383438, -14.825729511251362, 25.11250829444739, 0.0, 0.0, 0.0, 0.0, 0.0, 0.0
0.9767203330993652, 70.5036616431253, 2.388850778416625, -6.002801228894239, -18.94801855383438, -14.825729511251362, 25.11250829444739, 0.0, 0.0, 0.0, 0.0, 0.0, 0.0
0.9905660152435303, 70.5036616431253, 2.388850778416625, -6.002801228894239, -18.94801855383438, -14.825729511251362, 25.11250829444739, 0.0, 0.0, 0.0, 0.0, 0.0, 0.0
0.9966044425964355, 70.5036616431253, 2.388850778416625, -6.002801228894239, -18.94801855383438, -14.825729511251362, 25.11250829444739, 0.0, 0.0, 0.0, 0.0, 0.0, 0.0
1.0109574794769287, 70.5036616431253, 2.388850778416625, -6.002801228894239, -18.94801855383438, -14.825729511251362, 25.11250829444739, 0.0, 0.0, 0.0, 0.0, 0.0, 0.0
1.0172197818756104, 70.5036616431253, 2.388850778416625, -6.002801228894239, -18.94801855383438, -14.825729511251362, 25.11250829444739, 0.0, 0.0, 0.0, 0.0, 0.0, 0.0
1.030339002609253, 70.5036616431253, 2.388850778416625, -6.002801228894239, -18.94801855383438, -14.825729511251362, 25.11250829444739, 0.0, 0.0, 0.0, 0.0, 0.0, 0.0
1.0365207195281982, 70.5036616431253, 2.388850778416625, -6.002801228894239, -18.94801855383438, -14.825729511251362, 25.11250829444739, 0.0, 0.0, 0.0, 0.0, 0.0, 0.0
1.0497980117797852, 70.5036616431253, 2.388850778416625, -6.002801228894239, -18.94801855383438, -14.825729511251362, 25.11250829444739, 0.0, 0.0, 0.0, 0.0, 0.0, 0.0
1.056072473526001, 70.5036616431253, 2.388850778416625, -6.002801228894239, -18.94801855383438, -14.825729511251362, 25.11250829444739, 0.0, 0.0, 0.0, 0.0, 0.0, 0.0
1.0703496932983398, 70.5036616431253, 2.388850778416625, -6.002801228894239, -18.94801855383438, -14.825729511251362, 25.11250829444739, 0.0, 0.0, 0.0, 0.0, 0.0, 0.0
1.0767526626586914, 70.5036616431253, 2.388850778416625, -6.002801228894239, -18.94801855383438, -14.825729511251362, 25.11250829444739, 0.0, 0.0, 0.0, 0.0, 0.0, 0.0
1.090808391571045, 70.5036616431253, 2.388850778416625, -6.002801228894239, -18.94801855383438, -14.825729511251362, 25.11250829444739, 0.0, 0.0, 0.0, 0.0, 0.0, 0.0
1.0971577167510986, 70.5036616431253, 2.388850778416625, -6.002801228894239, -18.94801855383438, -14.825729511251362, 25.11250829444739, 0.0, 0.0, 0.0, 0.0, 0.0, 0.0
1.1105320453643799, 70.5036616431253, 2.388850778416625, -6.002801228894239, -18.94801855383438, -14.825729511251362, 25.11250829444739, 0.0, 0.0, 0.0, 0.0, 0.0, 0.0
1.1168408393859863, 70.5036616431253, 2.388850778416625, -6.002801228894239, -18.94801855383438, -14.825729511251362, 25.11250829444739, 0.0, 0.0, 0.0, 0.0, 0.0, 0.0
1.130021572113037, 70.5036616431253, 2.388850778416625, -6.002801228894239, -18.94801855383438, -14.825729511251362, 25.11250829444739, 0.0, 0.0, 0.0, 0.0, 0.0, 0.0
1.13624906539917, 70.5036616431253, 2.388850778416625, -6.002801228894239, -18.94801855383438, -14.825729511251362, 25.11250829444739, 0.0, 0.0, 0.0, 0.0, 0.0, 0.0
1.15030837059021, 70.5036616431253, 2.388850778416625, -6.002801228894239, -18.94801855383438, -14.825729511251362, 25.11250829444739, 0.0, 0.0, 0.0, 0.0, 0.0, 0.0
1.1564335823059082, 70.5036616431253, 2.388850778416625, -6.002801228894239, -18.94801855383438, -14.825729511251362, 25.11250829444739, 0.0, 0.0, 0.0, 0.0, 0.0, 0.0
1.1706171035766602, 70.5036616431253, 2.388850778416625, -6.002801228894239, -18.94801855383438, -14.825729511251362, 25.11250829444739, 0.0, 0.0, 0.0, 0.0, 0.0, 0.0
1.1767396926879883, 70.5036616431253, 2.388850778416625, -6.002801228894239, -18.94801855383438, -14.825729511251362, 25.11250829444739, 0.0, 0.0, 0.0, 0.0, 0.0, 0.0
1.1895673274993896, 70.5036616431253, 2.388850778416625, -6.002801228894239, -18.94801855383438, -14.825729511251362, 25.11250829444739, 0.0, 0.0, 0.0, 0.0, 0.0, 0.0
1.195664882659912, 70.5036616431253, 2.388850778416625, -6.002801228894239, -18.94801855383438, -14.825729511251362, 25.11250829444739, 0.0, 0.0, 0.0, 0.0, 0.0, 0.0
1.2098255157470703, 70.5036616431253, 2.388850778416625, -6.002801228894239, -18.94801855383438, -14.825729511251362, 25.11250829444739, 0.0, 0.0, 0.0, 0.0, 0.0, 0.0
1.2160279750823975, 70.5036616431253, 2.388850778416625, -6.002801228894239, -18.94801855383438, -14.825729511251362, 25.11250829444739, 0.0, 0.0, 0.0, 0.0, 0.0, 0.0
1.2298016548156738, 70.5036616431253, 2.388850778416625, -6.002801228894239, -18.94801855383438, -14.825729511251362, 25.11250829444739, 0.0, 0.0, 0.0, 0.0, 0.0, 0.0
1.2361502647399902, 70.5036616431253, 2.388850778416625, -6.002801228894239, -18.94801855383438, -14.825729511251362, 25.11250829444739, 0.0, 0.0, 0.0, 0.0, 0.0, 0.0
1.2733721733093262, 70.5036616431253, 2.388850778416625, -6.002801228894239, -18.94801855383438, -14.825729511251362, 25.11250829444739, 0.0, 0.0, 0.0, 0.0, 0.0, 0.0
1.2878506183624268, 70.5036616431253, 2.388850778416625, -6.002801228894239, -18.94801855383438, -14.825729511251362, 25.11250829444739, 0.0, 0.0, 0.0, 0.0, 0.0, 0.0
1.3026421070098877, 70.5036616431253, 2.388850778416625, -6.002801228894239, -18.94801855383438, -14.825729511251362, 25.11250829444739, 0.0, 0.0, 0.0, 0.0, 0.0, 0.0
1.3110671043395996, 70.5036616431253, 2.388850778416625, -6.002801228894239, -18.94801855383438, -14.825729511251362, 25.11250829444739, 0.0, 0.0, 0.0, 0.0, 0.0, 0.0
1.3242204189300537, 70.5036616431253, 2.388850778416625, -6.002801228894239, -18.94801855383438, -14.825729511251362, 25.11250829444739, 0.0, 0.0, 0.0, 0.0, 0.0, 0.0
1.330575704574585, 70.5036616431253, 2.388850778416625, -6.002801228894239, -18.94801855383438, -14.825729511251362, 25.11250829444739, 0.0, 0.0, 0.0, 0.0, 0.0, 0.0
1.3414483070373535, 70.5036616431253, 2.388850778416625, -6.002801228894239, -18.94801855383438, -14.825729511251362, 25.11250829444739, 0.0, 0.0, 0.0, 0.0, 0.0, 0.0
1.347616195678711, 70.5036616431253, 2.388850778416625, -6.002801228894239, -18.94801855383438, -14.825729511251362, 25.11250829444739, 0.0, 0.0, 0.0, 0.0, 0.0, 0.0
1.36039400100708, 70.5036616431253, 2.388850778416625, -6.002801228894239, -18.94801855383438, -14.825729511251362, 25.11250829444739, 0.0, 0.0, 0.0, 0.0, 0.0, 0.0
1.3665194511413574, 70.5036616431253, 2.388850778416625, -6.002801228894239, -18.94801855383438, -14.825729511251362, 25.11250829444739, 0.0, 0.0, 0.0, 0.0, 0.0, 0.0
1.39015793800354, 70.5036616431253, 2.388850778416625, -6.002801228894239, -18.94801855383438, -14.825729511251362, 25.11250829444739, 0.0, 0.0, 0.0, 0.0, 0.0, 0.0
1.3990135192871094, 70.5036616431253, 2.388850778416625, -6.002801228894239, -18.94801855383438, -14.825729511251362, 25.11250829444739, 0.0, 0.0, 0.0, 0.0, 0.0, 0.0
1.4107704162597656, 70.5036616431253, 2.388850778416625, -6.002801228894239, -18.94801855383438, -14.825729511251362, 25.11250829444739, 0.0, 0.0, 0.0, 0.0, 0.0, 0.0
1.4169180393218994, 70.5036616431253, 2.388850778416625, -6.002801228894239, -18.94801855383438, -14.825729511251362, 25.11250829444739, 0.0, 0.0, 0.0, 0.0, 0.0, 0.0
1.4277739524841309, 70.5036616431253, 2.388850778416625, -6.002801228894239, -18.94801855383438, -14.825729511251362, 25.11250829444739, 0.0, 0.0, 0.0, 0.0, 0.0, 0.0
1.433885097503662, 70.5036616431253, 2.388850778416625, -6.002801228894239, -18.94801855383438, -14.825729511251362, 25.11250829444739, 0.0, 0.0, 0.0, 0.0, 0.0, 0.0
1.4445974826812744, 70.5036616431253, 2.388850778416625, -6.002801228894239, -18.94801855383438, -14.825729511251362, 25.11250829444739, 0.0, 0.0, 0.0, 0.0, 0.0, 0.0
1.450883388519287, 70.5036616431253, 2.388850778416625, -6.002801228894239, -18.94801855383438, -14.825729511251362, 25.11250829444739, 0.0, 0.0, 0.0, 0.0, 0.0, 0.0
1.461639404296875, 70.5036616431253, 2.388850778416625, -6.002801228894239, -18.94801855383438, -14.825729511251362, 25.11250829444739, 0.0, 0.0, 0.0, 0.0, 0.0, 0.0
1.4677577018737793, 70.5036616431253, 2.388850778416625, -6.002801228894239, -18.94801855383438, -14.825729511251362, 25.11250829444739, 0.0, 0.0, 0.0, 0.0, 0.0, 0.0
1.4805634021759033, 70.5036616431253, 2.388850778416625, -6.002801228894239, -18.94801855383438, -14.825729511251362, 25.11250829444739, 0.0, 0.0, 0.0, 0.0, 0.0, 0.0
1.486814260482788, 70.5036616431253, 2.388850778416625, -6.002801228894239, -18.94801855383438, -14.825729511251362, 25.11250829444739, 0.0, 0.0, 0.0, 0.0, 0.0, 0.0
1.5095937252044678, 70.5036616431253, 2.388850778416625, -6.002801228894239, -18.94801855383438, -14.825729511251362, 25.11250829444739, 0.0, 0.0, 0.0, 0.0, 0.0, 0.0
1.5186059474945068, 70.5036616431253, 2.388850778416625, -6.002801228894239, -18.94801855383438, -14.825729511251362, 25.11250829444739, 0.0, 0.0, 0.0, 0.0, 0.0, 0.0
1.5304815769195557, 70.5036616431253, 2.388850778416625, -6.002801228894239, -18.94801855383438, -14.825729511251362, 25.11250829444739, 0.0, 0.0, 0.0, 0.0, 0.0, 0.0
1.5365855693817139, 70.5036616431253, 2.388850778416625, -6.002801228894239, -18.94801855383438, -14.825729511251362, 25.11250829444739, 0.0, 0.0, 0.0, 0.0, 0.0, 0.0
1.5473196506500244, 70.5036616431253, 2.388850778416625, -6.002801228894239, -18.94801855383438, -14.825729511251362, 25.11250829444739, 0.0, 0.0, 0.0, 0.0, 0.0, 0.0
1.5535094738006592, 70.5036616431253, 2.388850778416625, -6.002801228894239, -18.94801855383438, -14.825729511251362, 25.11250829444739, 0.0, 0.0, 0.0, 0.0, 0.0, 0.0
1.5643527507781982, 70.5036616431253, 2.388850778416625, -6.002801228894239, -18.94801855383438, -14.825729511251362, 25.11250829444739, 0.0, 0.0, 0.0, 0.0, 0.0, 0.0
1.5705311298370361, 70.5036616431253, 2.388850778416625, -6.002801228894239, -18.94801855383438, -14.825729511251362, 25.11250829444739, 0.0, 0.0, 0.0, 0.0, 0.0, 0.0
1.5812954902648926, 70.5036616431253, 2.388850778416625, -6.002801228894239, -18.94801855383438, -14.825729511251362, 25.11250829444739, 0.0, 0.0, 0.0, 0.0, 0.0, 0.0
1.5877275466918945, 70.5036616431253, 2.388850778416625, -6.002801228894239, -18.94801855383438, -14.825729511251362, 25.11250829444739, 0.0, 0.0, 0.0, 0.0, 0.0, 0.0
1.6005432605743408, 70.5036616431253, 2.388850778416625, -6.002801228894239, -18.94801855383438, -14.825729511251362, 25.11250829444739, 0.0, 0.0, 0.0, 0.0, 0.0, 0.0
1.606659173965454, 70.5036616431253, 2.388850778416625, -6.002801228894239, -18.94801855383438, -14.825729511251362, 25.11250829444739, 0.0, 0.0, 0.0, 0.0, 0.0, 0.0
1.6204750537872314, 70.5036616431253, 2.388850778416625, -6.002801228894239, -18.94801855383438, -14.825729511251362, 25.11250829444739, 0.0, 0.0, 0.0, 0.0, 0.0, 0.0
1.6266984939575195, 70.5036616431253, 2.388850778416625, -6.002801228894239, -18.94801855383438, -14.825729511251362, 25.11250829444739, 0.0, 0.0, 0.0, 0.0, 0.0, 0.0
1.640477180480957, 70.5036616431253, 2.388850778416625, -6.002801228894239, -18.94801855383438, -14.825729511251362, 25.11250829444739, 0.0, 0.0, 0.0, 0.0, 0.0, 0.0
1.6466224193572998, 70.5036616431253, 2.388850778416625, -6.002801228894239, -18.94801855383438, -14.825729511251362, 25.11250829444739, 0.0, 0.0, 0.0, 0.0, 0.0, 0.0
1.660573959350586, 70.5036616431253, 2.388850778416625, -6.002801228894239, -18.94801855383438, -14.825729511251362, 25.11250829444739, 0.0, 0.0, 0.0, 0.0, 0.0, 0.0
1.6666538715362549, 70.5036616431253, 2.388850778416625, -6.002801228894239, -18.94801855383438, -14.825729511251362, 25.11250829444739, 0.0, 0.0, 0.0, 0.0, 0.0, 0.0
1.6804540157318115, 70.5036616431253, 2.388850778416625, -6.002801228894239, -18.94801855383438, -14.825729511251362, 25.11250829444739, 0.0, 0.0, 0.0, 0.0, 0.0, 0.0
1.686572551727295, 70.5036616431253, 2.388850778416625, -6.002801228894239, -18.94801855383438, -14.825729511251362, 25.11250829444739, 0.0, 0.0, 0.0, 0.0, 0.0, 0.0
1.700692892074585, 70.5036616431253, 2.388850778416625, -6.002801228894239, -18.94801855383438, -14.825729511251362, 25.11250829444739, 0.0, 0.0, 0.0, 0.0, 0.0, 0.0
1.7068161964416504, 70.5036616431253, 2.388850778416625, -6.002801228894239, -18.94801855383438, -14.825729511251362, 25.11250829444739, 0.0, 0.0, 0.0, 0.0, 0.0, 0.0
1.7207083702087402, 70.5036616431253, 2.388850778416625, -6.002801228894239, -18.94801855383438, -14.825729511251362, 25.11250829444739, 0.0, 0.0, 0.0, 0.0, 0.0, 0.0
1.7268121242523193, 70.5036616431253, 2.388850778416625, -6.002801228894239, -18.94801855383438, -14.825729511251362, 25.11250829444739, 0.0, 0.0, 0.0, 0.0, 0.0, 0.0
1.740839958190918, 70.5036616431253, 2.388850778416625, -6.002801228894239, -18.94801855383438, -14.825729511251362, 25.11250829444739, 0.0, 0.0, 0.0, 0.0, 0.0, 0.0
1.7469429969787598, 70.5036616431253, 2.388850778416625, -6.002801228894239, -18.94801855383438, -14.825729511251362, 25.11250829444739, 0.0, 0.0, 0.0, 0.0, 0.0, 0.0
1.7610197067260742, 70.5036616431253, 2.388850778416625, -6.002801228894239, -18.94801855383438, -14.825729511251362, 25.11250829444739, 0.0, 0.0, 0.0, 0.0, 0.0, 0.0
1.767423391342163, 70.5036616431253, 2.388850778416625, -6.002801228894239, -18.94801855383438, -14.825729511251362, 25.11250829444739, 0.0, 0.0, 0.0, 0.0, 0.0, 0.0
1.7812843322753906, 70.5036616431253, 2.388850778416625, -6.002801228894239, -18.94801855383438, -14.825729511251362, 25.11250829444739, 0.0, 0.0, 0.0, 0.0, 0.0, 0.0
1.787550687789917, 70.5036616431253, 2.388850778416625, -6.002801228894239, -18.94801855383438, -14.825729511251362, 25.11250829444739, 0.0, 0.0, 0.0, 0.0, 0.0, 0.0
1.800445795059204, 70.5036616431253, 2.388850778416625, -6.002801228894239, -18.94801855383438, -14.825729511251362, 25.11250829444739, 0.0, 0.0, 0.0, 0.0, 0.0, 0.0
1.8067522048950195, 70.5036616431253, 2.388850778416625, -6.002801228894239, -18.94801855383438, -14.825729511251362, 25.11250829444739, 0.0, 0.0, 0.0, 0.0, 0.0, 0.0
1.820573091506958, 70.5036616431253, 2.388850778416625, -6.002801228894239, -18.94801855383438, -14.825729511251362, 25.11250829444739, 0.0, 0.0, 0.0, 0.0, 0.0, 0.0
1.8267154693603516, 70.5036616431253, 2.388850778416625, -6.002801228894239, -18.94801855383438, -14.825729511251362, 25.11250829444739, 0.0, 0.0, 0.0, 0.0, 0.0, 0.0
1.8523156642913818, 70.5036616431253, 2.388850778416625, -6.002801228894239, -18.94801855383438, -14.825729511251362, 25.11250829444739, 0.0, 0.0, 0.0, 0.0, 0.0, 0.0
1.8616058826446533, 70.5036616431253, 2.388850778416625, -6.002801228894239, -18.94801855383438, -14.825729511251362, 25.11250829444739, 0.0, 0.0, 0.0, 0.0, 0.0, 0.0
1.8736684322357178, 70.5036616431253, 2.388850778416625, -6.002801228894239, -18.94801855383438, -14.825729511251362, 25.11250829444739, 0.0, 0.0, 0.0, 0.0, 0.0, 0.0
1.8797986507415771, 70.5036616431253, 2.388850778416625, -6.002801228894239, -18.94801855383438, -14.825729511251362, 25.11250829444739, 0.0, 0.0, 0.0, 0.0, 0.0, 0.0
1.8907217979431152, 70.5036616431253, 2.388850778416625, -6.002801228894239, -18.94801855383438, -14.825729511251362, 25.11250829444739, 0.0, 0.0, 0.0, 0.0, 0.0, 0.0
1.8967547416687012, 70.5036616431253, 2.388850778416625, -6.002801228894239, -18.94801855383438, -14.825729511251362, 25.11250829444739, 0.0, 0.0, 0.0, 0.0, 0.0, 0.0
1.907543659210205, 70.5036616431253, 2.388850778416625, -6.002801228894239, -18.94801855383438, -14.825729511251362, 25.11250829444739, 0.0, 0.0, 0.0, 0.0, 0.0, 0.0
1.913450002670288, 70.5036616431253, 2.388850778416625, -6.002801228894239, -18.94801855383438, -14.825729511251362, 25.11250829444739, 0.0, 0.0, 0.0, 0.0, 0.0, 0.0
1.924175500869751, 70.5036616431253, 2.388850778416625, -6.002801228894239, -18.94801855383438, -14.825729511251362, 25.11250829444739, 0.0, 0.0, 0.0, 0.0, 0.0, 0.0
1.9301519393920898, 70.5036616431253, 2.388850778416625, -6.002801228894239, -18.94801855383438, -14.825729511251362, 25.11250829444739, 0.0, 0.0, 0.0, 0.0, 0.0, 0.0
1.940934419631958, 70.5036616431253, 2.388850778416625, -6.002801228894239, -18.94801855383438, -14.825729511251362, 25.11250829444739, 0.0, 0.0, 0.0, 0.0, 0.0, 0.0
1.9471948146820068, 70.5036616431253, 2.388850778416625, -6.002801228894239, -18.94801855383438, -14.825729511251362, 25.11250829444739, 0.0, 0.0, 0.0, 0.0, 0.0, 0.0
1.961047887802124, 70.5036616431253, 2.388850778416625, -6.002801228894239, -18.94801855383438, -14.825729511251362, 25.11250829444739, 0.0, 0.0, 0.0, 0.0, 0.0, 0.0
1.967174768447876, 70.5036616431253, 2.388850778416625, -6.002801228894239, -18.94801855383438, -14.825729511251362, 25.11250829444739, 0.0, 0.0, 0.0, 0.0, 0.0, 0.0
1.981067419052124, 70.5036616431253, 2.388850778416625, -6.002801228894239, -18.94801855383438, -14.825729511251362, 25.11250829444739, 0.0, 0.0, 0.0, 0.0, 0.0, 0.0
1.9873099327087402, 70.5036616431253, 2.388850778416625, -6.002801228894239, -18.94801855383438, -14.825729511251362, 25.11250829444739, 0.0, 0.0, 0.0, 0.0, 0.0, 0.0
2.001176118850708, 70.5036616431253, 2.388850778416625, -6.002801228894239, -18.94801855383438, -14.825729511251362, 25.11250829444739, 0.0, 0.0, 0.0, 0.0, 0.0, 0.0
2.007286787033081, 70.5036616431253, 2.388850778416625, -6.002801228894239, -18.94801855383438, -14.825729511251362, 25.11250829444739, 0.0, 0.0, 0.0, 0.0, 0.0, 0.0
2.021070718765259, 70.5036616431253, 2.388850778416625, -6.002801228894239, -18.94801855383438, -14.825729511251362, 25.11250829444739, 0.0, 0.0, 0.0, 0.0, 0.0, 0.0
2.0271975994110107, 70.5036616431253, 2.388850778416625, -6.002801228894239, -18.94801855383438, -14.825729511251362, 25.11250829444739, 0.0, 0.0, 0.0, 0.0, 0.0, 0.0
2.041213274002075, 70.5036616431253, 2.388850778416625, -6.002801228894239, -18.94801855383438, -14.825729511251362, 25.11250829444739, 0.0, 0.0, 0.0, 0.0, 0.0, 0.0
2.0472841262817383, 70.5036616431253, 2.388850778416625, -6.002801228894239, -18.94801855383438, -14.825729511251362, 25.11250829444739, 0.0, 0.0, 0.0, 0.0, 0.0, 0.0
2.0611815452575684, 70.5036616431253, 2.388850778416625, -6.002801228894239, -18.94801855383438, -14.825729511251362, 25.11250829444739, 0.0, 0.0, 0.0, 0.0, 0.0, 0.0
2.067174196243286, 70.5036616431253, 2.388850778416625, -6.002801228894239, -18.94801855383438, -14.825729511251362, 25.11250829444739, 0.0, 0.0, 0.0, 0.0, 0.0, 0.0
2.0809667110443115, 70.5036616431253, 2.388850778416625, -6.002801228894239, -18.94801855383438, -14.825729511251362, 25.11250829444739, 0.0, 0.0, 0.0, 0.0, 0.0, 0.0
2.0870635509490967, 70.5036616431253, 2.388850778416625, -6.002801228894239, -18.94801855383438, -14.825729511251362, 25.11250829444739, 0.0, 0.0, 0.0, 0.0, 0.0, 0.0
2.1011345386505127, 70.5036616431253, 2.388850778416625, -6.002801228894239, -18.94801855383438, -14.825729511251362, 25.11250829444739, 0.0, 0.0, 0.0, 0.0, 0.0, 0.0
2.107179641723633, 70.5036616431253, 2.388850778416625, -6.002801228894239, -18.94801855383438, -14.825729511251362, 25.11250829444739, 0.0, 0.0, 0.0, 0.0, 0.0, 0.0
2.1210548877716064, 70.5036616431253, 2.388850778416625, -6.002801228894239, -18.94801855383438, -14.825729511251362, 25.11250829444739, 0.0, 0.0, 0.0, 0.0, 0.0, 0.0
2.127274751663208, 70.5036616431253, 2.388850778416625, -6.002801228894239, -18.94801855383438, -14.825729511251362, 25.11250829444739, 0.0, 0.0, 0.0, 0.0, 0.0, 0.0
2.1410136222839355, 70.5036616431253, 2.388850778416625, -6.002801228894239, -18.94801855383438, -14.825729511251362, 25.11250829444739, 0.0, 0.0, 0.0, 0.0, 0.0, 0.0
2.147102117538452, 70.5036616431253, 2.388850778416625, -6.002801228894239, -18.94801855383438, -14.825729511251362, 25.11250829444739, 0.0, 0.0, 0.0, 0.0, 0.0, 0.0
2.1609089374542236, 70.5036616431253, 2.388850778416625, -6.002801228894239, -18.94801855383438, -14.825729511251362, 25.11250829444739, 0.0, 0.0, 0.0, 0.0, 0.0, 0.0
2.1671512126922607, 70.5036616431253, 2.388850778416625, -6.002801228894239, -18.94801855383438, -14.825729511251362, 25.11250829444739, 0.0, 0.0, 0.0, 0.0, 0.0, 0.0
2.1810550689697266, 70.5036616431253, 2.388850778416625, -6.002801228894239, -18.94801855383438, -14.825729511251362, 25.11250829444739, 0.0, 0.0, 0.0, 0.0, 0.0, 0.0
2.1871695518493652, 70.5036616431253, 2.388850778416625, -6.002801228894239, -18.94801855383438, -14.825729511251362, 25.11250829444739, 0.0, 0.0, 0.0, 0.0, 0.0, 0.0
2.201049566268921, 70.5036616431253, 2.388850778416625, -6.002801228894239, -18.94801855383438, -14.825729511251362, 25.11250829444739, 0.0, 0.0, 0.0, 0.0, 0.0, 0.0
2.2071683406829834, 70.5036616431253, 2.388850778416625, -6.002801228894239, -18.94801855383438, -14.825729511251362, 25.11250829444739, 0.0, 0.0, 0.0, 0.0, 0.0, 0.0
2.2210798263549805, 70.5036616431253, 2.388850778416625, -6.002801228894239, -18.94801855383438, -14.825729511251362, 25.11250829444739, 0.0, 0.0, 0.0, 0.0, 0.0, 0.0
2.2271876335144043, 70.5036616431253, 2.388850778416625, -6.002801228894239, -18.94801855383438, -14.825729511251362, 25.11250829444739, 0.0, 0.0, 0.0, 0.0, 0.0, 0.0
2.2411952018737793, 70.5036616431253, 2.388850778416625, -6.002801228894239, -18.94801855383438, -14.825729511251362, 25.11250829444739, 0.0, 0.0, 0.0, 0.0, 0.0, 0.0
2.2472691535949707, 70.5036616431253, 2.388850778416625, -6.002801228894239, -18.94801855383438, -14.825729511251362, 25.11250829444739, 0.0, 0.0, 0.0, 0.0, 0.0, 0.0
2.2612204551696777, 70.5036616431253, 2.388850778416625, -6.002801228894239, -18.94801855383438, -14.825729511251362, 25.11250829444739, 0.0, 0.0, 0.0, 0.0, 0.0, 0.0
2.267395496368408, 70.5036616431253, 2.388850778416625, -6.002801228894239, -18.94801855383438, -14.825729511251362, 25.11250829444739, 0.0, 0.0, 0.0, 0.0, 0.0, 0.0
2.2813720703125, 70.5036616431253, 2.388850778416625, -6.002801228894239, -18.94801855383438, -14.825729511251362, 25.11250829444739, 0.0, 0.0, 0.0, 0.0, 0.0, 0.0
2.2875354290008545, 70.5036616431253, 2.388850778416625, -6.002801228894239, -18.94801855383438, -14.825729511251362, 25.11250829444739, 0.0, 0.0, 0.0, 0.0, 0.0, 0.0
2.3004400730133057, 70.5036616431253, 2.388850778416625, -6.002801228894239, -18.94801855383438, -14.825729511251362, 25.11250829444739, 0.0, 0.0, 0.0, 0.0, 0.0, 0.0
2.3067407608032227, 70.5036616431253, 2.388850778416625, -6.002801228894239, -18.94801855383438, -14.825729511251362, 25.11250829444739, 0.0, 0.0, 0.0, 0.0, 0.0, 0.0
2.320711851119995, 70.5036616431253, 2.388850778416625, -6.002801228894239, -18.94801855383438, -14.825729511251362, 25.11250829444739, 0.0, 0.0, 0.0, 0.0, 0.0, 0.0
2.326904058456421, 70.5036616431253, 2.388850778416625, -6.002801228894239, -18.94801855383438, -14.825729511251362, 25.11250829444739, 0.0, 0.0, 0.0, 0.0, 0.0, 0.0
2.340808391571045, 70.5036616431253, 2.388850778416625, -6.002801228894239, -18.94801855383438, -14.825729511251362, 25.11250829444739, 0.0, 0.0, 0.0, 0.0, 0.0, 0.0
2.3471124172210693, 70.5036616431253, 2.388850778416625, -6.002801228894239, -18.94801855383438, -14.825729511251362, 25.11250829444739, 0.0, 0.0, 0.0, 0.0, 0.0, 0.0
2.361149549484253, 70.5036616431253, 2.388850778416625, -6.002801228894239, -18.94801855383438, -14.825729511251362, 25.11250829444739, 0.0, 0.0, 0.0, 0.0, 0.0, 0.0
2.3673226833343506, 70.5036616431253, 2.388850778416625, -6.002801228894239, -18.94801855383438, -14.825729511251362, 25.11250829444739, 0.0, 0.0, 0.0, 0.0, 0.0, 0.0
2.3812389373779297, 70.5036616431253, 2.388850778416625, -6.002801228894239, -18.94801855383438, -14.825729511251362, 25.11250829444739, 0.0, 0.0, 0.0, 0.0, 0.0, 0.0
2.387399911880493, 70.5036616431253, 2.388850778416625, -6.002801228894239, -18.94801855383438, -14.825729511251362, 25.11250829444739, 0.0, 0.0, 0.0, 0.0, 0.0, 0.0
2.401204824447632, 70.5036616431253, 2.388850778416625, -6.002801228894239, -18.94801855383438, -14.825729511251362, 25.11250829444739, 0.0, 0.0, 0.0, 0.0, 0.0, 0.0
2.4073548316955566, 70.5036616431253, 2.388850778416625, -6.002801228894239, -18.94801855383438, -14.825729511251362, 25.11250829444739, 0.0, 0.0, 0.0, 0.0, 0.0, 0.0
2.4212563037872314, 70.5036616431253, 2.388850778416625, -6.002801228894239, -18.94801855383438, -14.825729511251362, 25.11250829444739, 0.0, 0.0, 0.0, 0.0, 0.0, 0.0
2.42736554145813, 70.5036616431253, 2.388850778416625, -6.002801228894239, -18.94801855383438, -14.825729511251362, 25.11250829444739, 0.0, 0.0, 0.0, 0.0, 0.0, 0.0
2.441225528717041, 70.5036616431253, 2.388850778416625, -6.002801228894239, -18.94801855383438, -14.825729511251362, 25.11250829444739, 0.0, 0.0, 0.0, 0.0, 0.0, 0.0
2.4476513862609863, 70.5036616431253, 2.388850778416625, -6.002801228894239, -18.94801855383438, -14.825729511251362, 25.11250829444739, 0.0, 0.0, 0.0, 0.0, 0.0, 0.0
2.4604363441467285, 70.5036616431253, 2.388850778416625, -6.002801228894239, -18.94801855383438, -14.825729511251362, 25.11250829444739, 0.0, 0.0, 0.0, 0.0, 0.0, 0.0
2.4665420055389404, 70.5036616431253, 2.388850778416625, -6.002801228894239, -18.94801855383438, -14.825729511251362, 25.11250829444739, 0.0, 0.0, 0.0, 0.0, 0.0, 0.0
2.4814069271087646, 70.5036616431253, 2.388850778416625, -6.002801228894239, -18.94801855383438, -14.825729511251362, 25.11250829444739, 0.0, 0.0, 0.0, 0.0, 0.0, 0.0
2.4876906871795654, 70.5036616431253, 2.388850778416625, -6.002801228894239, -18.94801855383438, -14.825729511251362, 25.11250829444739, 0.0, 0.0, 0.0, 0.0, 0.0, 0.0
2.500558614730835, 70.5036616431253, 2.388850778416625, -6.002801228894239, -18.94801855383438, -14.825729511251362, 25.11250829444739, 0.0, 0.0, 0.0, 0.0, 0.0, 0.0
2.5066776275634766, 70.5036616431253, 2.388850778416625, -6.002801228894239, -18.94801855383438, -14.825729511251362, 25.11250829444739, 0.0, 0.0, 0.0, 0.0, 0.0, 0.0
2.52071213722229, 70.5036616431253, 2.388850778416625, -6.002801228894239, -18.94801855383438, -14.825729511251362, 25.11250829444739, 0.0, 0.0, 0.0, 0.0, 0.0, 0.0
2.526792049407959, 70.5036616431253, 2.388850778416625, -6.002801228894239, -18.94801855383438, -14.825729511251362, 25.11250829444739, 0.0, 0.0, 0.0, 0.0, 0.0, 0.0
2.540393590927124, 70.5036616431253, 2.388850778416625, -6.002801228894239, -18.94801855383438, -14.825729511251362, 25.11250829444739, 0.0, 0.0, 0.0, 0.0, 0.0, 0.0
2.5463287830352783, 70.5036616431253, 2.388850778416625, -6.002801228894239, -18.94801855383438, -14.825729511251362, 25.11250829444739, 0.0, 0.0, 0.0, 0.0, 0.0, 0.0
2.561288356781006, 70.5036616431253, 2.388850778416625, -6.002801228894239, -18.94801855383438, -14.825729511251362, 25.11250829444739, 0.0, 0.0, 0.0, 0.0, 0.0, 0.0
2.5673389434814453, 70.5036616431253, 2.388850778416625, -6.002801228894239, -18.94801855383438, -14.825729511251362, 25.11250829444739, 0.0, 0.0, 0.0, 0.0, 0.0, 0.0
2.5811209678649902, 70.5036616431253, 2.388850778416625, -6.002801228894239, -18.94801855383438, -14.825729511251362, 25.11250829444739, 0.0, 0.0, 0.0, 0.0, 0.0, 0.0
2.587224006652832, 70.5036616431253, 2.388850778416625, -6.002801228894239, -18.94801855383438, -14.825729511251362, 25.11250829444739, 0.0, 0.0, 0.0, 0.0, 0.0, 0.0
2.6009743213653564, 70.5036616431253, 2.388850778416625, -6.002801228894239, -18.94801855383438, -14.825729511251362, 25.11250829444739, 0.0, 0.0, 0.0, 0.0, 0.0, 0.0
2.6069557666778564, 70.5036616431253, 2.388850778416625, -6.002801228894239, -18.94801855383438, -14.825729511251362, 25.11250829444739, 0.0, 0.0, 0.0, 0.0, 0.0, 0.0
2.620734930038452, 70.5036616431253, 2.388850778416625, -6.002801228894239, -18.94801855383438, -14.825729511251362, 25.11250829444739, 0.0, 0.0, 0.0, 0.0, 0.0, 0.0
2.6269912719726562, 70.5036616431253, 2.388850778416625, -6.002801228894239, -18.94801855383438, -14.825729511251362, 25.11250829444739, 0.0, 0.0, 0.0, 0.0, 0.0, 0.0
2.6407887935638428, 70.5036616431253, 2.388850778416625, -6.002801228894239, -18.94801855383438, -14.825729511251362, 25.11250829444739, 0.0, 0.0, 0.0, 0.0, 0.0, 0.0
2.6469180583953857, 70.5036616431253, 2.388850778416625, -6.002801228894239, -18.94801855383438, -14.825729511251362, 25.11250829444739, 0.0, 0.0, 0.0, 0.0, 0.0, 0.0
2.6607067584991455, 70.5036616431253, 2.388850778416625, -6.002801228894239, -18.94801855383438, -14.825729511251362, 25.11250829444739, 0.0, 0.0, 0.0, 0.0, 0.0, 0.0
2.666949510574341, 70.5036616431253, 2.388850778416625, -6.002801228894239, -18.94801855383438, -14.825729511251362, 25.11250829444739, 0.0, 0.0, 0.0, 0.0, 0.0, 0.0
2.680741786956787, 70.5036616431253, 2.388850778416625, -6.002801228894239, -18.94801855383438, -14.825729511251362, 25.11250829444739, 0.0, 0.0, 0.0, 0.0, 0.0, 0.0
2.6868481636047363, 70.5036616431253, 2.388850778416625, -6.002801228894239, -18.94801855383438, -14.825729511251362, 25.11250829444739, 0.0, 0.0, 0.0, 0.0, 0.0, 0.0
2.700834035873413, 70.5036616431253, 2.388850778416625, -6.002801228894239, -18.94801855383438, -14.825729511251362, 25.11250829444739, 0.0, 0.0, 0.0, 0.0, 0.0, 0.0
2.706968307495117, 70.5036616431253, 2.388850778416625, -6.002801228894239, -18.94801855383438, -14.825729511251362, 25.11250829444739, 0.0, 0.0, 0.0, 0.0, 0.0, 0.0
2.720775604248047, 70.5036616431253, 2.388850778416625, -6.002801228894239, -18.94801855383438, -14.825729511251362, 25.11250829444739, 0.0, 0.0, 0.0, 0.0, 0.0, 0.0
2.726895809173584, 70.5036616431253, 2.388850778416625, -6.002801228894239, -18.94801855383438, -14.825729511251362, 25.11250829444739, 0.0, 0.0, 0.0, 0.0, 0.0, 0.0
2.7498302459716797, 70.5036616431253, 2.388850778416625, -6.002801228894239, -18.94801855383438, -14.825729511251362, 25.11250829444739, 0.0, 0.0, 0.0, 0.0, 0.0, 0.0
2.758798599243164, 70.5036616431253, 2.388850778416625, -6.002801228894239, -18.94801855383438, -14.825729511251362, 25.11250829444739, 0.0, 0.0, 0.0, 0.0, 0.0, 0.0
2.7705307006835938, 70.5036616431253, 2.388850778416625, -6.002801228894239, -18.94801855383438, -14.825729511251362, 25.11250829444739, 0.0, 0.0, 0.0, 0.0, 0.0, 0.0
2.776670455932617, 70.5036616431253, 2.388850778416625, -6.002801228894239, -18.94801855383438, -14.825729511251362, 25.11250829444739, 0.0, 0.0, 0.0, 0.0, 0.0, 0.0
2.7874977588653564, 70.5036616431253, 2.388850778416625, -6.002801228894239, -18.94801855383438, -14.825729511251362, 25.11250829444739, 0.0, 0.0, 0.0, 0.0, 0.0, 0.0
2.793623924255371, 70.5036616431253, 2.388850778416625, -6.002801228894239, -18.94801855383438, -14.825729511251362, 25.11250829444739, 0.0, 0.0, 0.0, 0.0, 0.0, 0.0
2.804424285888672, 70.5036616431253, 2.388850778416625, -6.002801228894239, -18.94801855383438, -14.825729511251362, 25.11250829444739, 0.0, 0.0, 0.0, 0.0, 0.0, 0.0
2.8107147216796875, 70.5036616431253, 2.388850778416625, -6.002801228894239, -18.94801855383438, -14.825729511251362, 25.11250829444739, 0.0, 0.0, 0.0, 0.0, 0.0, 0.0
2.8214492797851562, 70.5036616431253, 2.388850778416625, -6.002801228894239, -18.94801855383438, -14.825729511251362, 25.11250829444739, 0.0, 0.0, 0.0, 0.0, 0.0, 0.0
2.8275840282440186, 70.5036616431253, 2.388850778416625, -6.002801228894239, -18.94801855383438, -14.825729511251362, 25.11250829444739, 0.0, 0.0, 0.0, 0.0, 0.0, 0.0
2.840458393096924, 70.5036616431253, 2.388850778416625, -6.002801228894239, -18.94801855383438, -14.825729511251362, 25.11250829444739, 0.0, 0.0, 0.0, 0.0, 0.0, 0.0
2.8467748165130615, 70.5036616431253, 2.388850778416625, -6.002801228894239, -18.94801855383438, -14.825729511251362, 25.11250829444739, 0.0, 0.0, 0.0, 0.0, 0.0, 0.0
2.860823154449463, 70.5036616431253, 2.388850778416625, -6.002801228894239, -18.94801855383438, -14.825729511251362, 25.11250829444739, 0.0, 0.0, 0.0, 0.0, 0.0, 0.0
2.866966962814331, 70.5036616431253, 2.388850778416625, -6.002801228894239, -18.94801855383438, -14.825729511251362, 25.11250829444739, 0.0, 0.0, 0.0, 0.0, 0.0, 0.0
2.881171703338623, 70.5036616431253, 2.388850778416625, -6.002801228894239, -18.94801855383438, -14.825729511251362, 25.11250829444739, 0.0, 0.0, 0.0, 0.0, 0.0, 0.0
2.8873488903045654, 70.5036616431253, 2.388850778416625, -6.002801228894239, -18.94801855383438, -14.825729511251362, 25.11250829444739, 0.0, 0.0, 0.0, 0.0, 0.0, 0.0
2.901256799697876, 70.5036616431253, 2.388850778416625, -6.002801228894239, -18.94801855383438, -14.825729511251362, 25.11250829444739, 0.0, 0.0, 0.0, 0.0, 0.0, 0.0
2.9074301719665527, 70.5036616431253, 2.388850778416625, -6.002801228894239, -18.94801855383438, -14.825729511251362, 25.11250829444739, 0.0, 0.0, 0.0, 0.0, 0.0, 0.0
2.9215426445007324, 70.5036616431253, 2.388850778416625, -6.002801228894239, -18.94801855383438, -14.825729511251362, 25.11250829444739, 0.0, 0.0, 0.0, 0.0, 0.0, 0.0
2.9276890754699707, 70.5036616431253, 2.388850778416625, -6.002801228894239, -18.94801855383438, -14.825729511251362, 25.11250829444739, 0.0, 0.0, 0.0, 0.0, 0.0, 0.0
2.9406447410583496, 70.5036616431253, 2.388850778416625, -6.002801228894239, -18.94801855383438, -14.825729511251362, 25.11250829444739, 0.0, 0.0, 0.0, 0.0, 0.0, 0.0
2.9468142986297607, 70.5036616431253, 2.388850778416625, -6.002801228894239, -18.94801855383438, -14.825729511251362, 25.11250829444739, 0.0, 0.0, 0.0, 0.0, 0.0, 0.0
2.9608843326568604, 70.5036616431253, 2.388850778416625, -6.002801228894239, -18.94801855383438, -14.825729511251362, 25.11250829444739, 0.0, 0.0, 0.0, 0.0, 0.0, 0.0
2.967042922973633, 70.5036616431253, 2.388850778416625, -6.002801228894239, -18.94801855383438, -14.825729511251362, 25.11250829444739, 0.0, 0.0, 0.0, 0.0, 0.0, 0.0
2.980949640274048, 70.5036616431253, 2.388850778416625, -6.002801228894239, -18.94801855383438, -14.825729511251362, 25.11250829444739, 0.0, 0.0, 0.0, 0.0, 0.0, 0.0
2.987258195877075, 70.5036616431253, 2.388850778416625, -6.002801228894239, -18.94801855383438, -14.825729511251362, 25.11250829444739, 0.0, 0.0, 0.0, 0.0, 0.0, 0.0
3.001166343688965, 70.5036616431253, 2.388850778416625, -6.002801228894239, -18.94801855383438, -14.825729511251362, 25.11250829444739, 0.0, 0.0, 0.0, 0.0, 0.0, 0.0
3.0073046684265137, 70.5036616431253, 2.388850778416625, -6.002801228894239, -18.94801855383438, -14.825729511251362, 25.11250829444739, 0.0, 0.0, 0.0, 0.0, 0.0, 0.0
3.0208194255828857, 70.5036616431253, 2.388850778416625, -6.002801228894239, -18.94801855383438, -14.825729511251362, 25.11250829444739, 0.0, 0.0, 0.0, 0.0, 0.0, 0.0
3.0270838737487793, 70.5036616431253, 2.388850778416625, -6.002801228894239, -18.94801855383438, -14.825729511251362, 25.11250829444739, 0.0, 0.0, 0.0, 0.0, 0.0, 0.0
3.0408482551574707, 70.5036616431253, 2.388850778416625, -6.002801228894239, -18.94801855383438, -14.825729511251362, 25.11250829444739, 0.0, 0.0, 0.0, 0.0, 0.0, 0.0
3.0469491481781006, 70.5036616431253, 2.388850778416625, -6.002801228894239, -18.94801855383438, -14.825729511251362, 25.11250829444739, 0.0, 0.0, 0.0, 0.0, 0.0, 0.0
3.061044454574585, 70.5036616431253, 2.388850778416625, -6.002801228894239, -18.94801855383438, -14.825729511251362, 25.11250829444739, 0.0, 0.0, 0.0, 0.0, 0.0, 0.0
3.0673065185546875, 70.5036616431253, 2.388850778416625, -6.002801228894239, -18.94801855383438, -14.825729511251362, 25.11250829444739, 0.0, 0.0, 0.0, 0.0, 0.0, 0.0
3.081144332885742, 70.5036616431253, 2.388850778416625, -6.002801228894239, -18.94801855383438, -14.825729511251362, 25.11250829444739, 0.0, 0.0, 0.0, 0.0, 0.0, 0.0
3.0872507095336914, 70.5036616431253, 2.388850778416625, -6.002801228894239, -18.94801855383438, -14.825729511251362, 25.11250829444739, 0.0, 0.0, 0.0, 0.0, 0.0, 0.0
3.101209878921509, 70.5036616431253, 2.388850778416625, -6.002801228894239, -18.94801855383438, -14.825729511251362, 25.11250829444739, 0.0, 0.0, 0.0, 0.0, 0.0, 0.0
3.1073410511016846, 70.5036616431253, 2.388850778416625, -6.002801228894239, -18.94801855383438, -14.825729511251362, 25.11250829444739, 0.0, 0.0, 0.0, 0.0, 0.0, 0.0
3.121265411376953, 70.5036616431253, 2.388850778416625, -6.002801228894239, -18.94801855383438, -14.825729511251362, 25.11250829444739, 0.0, 0.0, 0.0, 0.0, 0.0, 0.0
3.1273913383483887, 70.5036616431253, 2.388850778416625, -6.002801228894239, -18.94801855383438, -14.825729511251362, 25.11250829444739, 0.0, 0.0, 0.0, 0.0, 0.0, 0.0
3.1414296627044678, 70.5036616431253, 2.388850778416625, -6.002801228894239, -18.94801855383438, -14.825729511251362, 25.11250829444739, 0.0, 0.0, 0.0, 0.0, 0.0, 0.0
3.1475610733032227, 70.5036616431253, 2.388850778416625, -6.002801228894239, -18.94801855383438, -14.825729511251362, 25.11250829444739, 0.0, 0.0, 0.0, 0.0, 0.0, 0.0
3.160466432571411, 70.5036616431253, 2.388850778416625, -6.002801228894239, -18.94801855383438, -14.825729511251362, 25.11250829444739, 0.0, 0.0, 0.0, 0.0, 0.0, 0.0
3.1667089462280273, 70.5036616431253, 2.388850778416625, -6.002801228894239, -18.94801855383438, -14.825729511251362, 25.11250829444739, 0.0, 0.0, 0.0, 0.0, 0.0, 0.0
3.1918251514434814, 70.5036616431253, 2.388850778416625, -6.002801228894239, -18.94801855383438, -14.825729511251362, 25.11250829444739, 0.0, 0.0, 0.0, 0.0, 0.0, 0.0
3.2063465118408203, 70.5036616431253, 2.388850778416625, -6.002801228894239, -18.94801855383438, -14.825729511251362, 25.11250829444739, 0.0, 0.0, 0.0, 0.0, 0.0, 0.0
3.2234280109405518, 70.5036616431253, 2.388850778416625, -6.002801228894239, -18.94801855383438, -14.825729511251362, 25.11250829444739, 0.0, 0.0, 0.0, 0.0, 0.0, 0.0
3.2328708171844482, 70.5036616431253, 2.388850778416625, -6.002801228894239, -18.94801855383438, -14.825729511251362, 25.11250829444739, 0.0, 0.0, 0.0, 0.0, 0.0, 0.0
3.2449023723602295, 70.5036616431253, 2.388850778416625, -6.002801228894239, -18.94801855383438, -14.825729511251362, 25.11250829444739, 0.0, 0.0, 0.0, 0.0, 0.0, 0.0
3.2509467601776123, 70.5036616431253, 2.388850778416625, -6.002801228894239, -18.94801855383438, -14.825729511251362, 25.11250829444739, 0.0, 0.0, 0.0, 0.0, 0.0, 0.0
3.2645468711853027, 70.5036616431253, 2.388850778416625, -6.002801228894239, -18.94801855383438, -14.825729511251362, 25.11250829444739, 0.0, 0.0, 0.0, 0.0, 0.0, 0.0
3.2705814838409424, 70.5036616431253, 2.388850778416625, -6.002801228894239, -18.94801855383438, -14.825729511251362, 25.11250829444739, 0.0, 0.0, 0.0, 0.0, 0.0, 0.0
3.2850565910339355, 70.5036616431253, 2.388850778416625, -6.002801228894239, -18.94801855383438, -14.825729511251362, 25.11250829444739, 0.0, 0.0, 0.0, 0.0, 0.0, 0.0
3.2909061908721924, 70.5036616431253, 2.388850778416625, -6.002801228894239, -18.94801855383438, -14.825729511251362, 25.11250829444739, 0.0, 0.0, 0.0, 0.0, 0.0, 0.0
3.3048181533813477, 70.5036616431253, 2.388850778416625, -6.002801228894239, -18.94801855383438, -14.825729511251362, 25.11250829444739, 0.0, 0.0, 0.0, 0.0, 0.0, 0.0
3.3110291957855225, 70.5036616431253, 2.388850778416625, -6.002801228894239, -18.94801855383438, -14.825729511251362, 25.11250829444739, 0.0, 0.0, 0.0, 0.0, 0.0, 0.0
3.324951648712158, 70.5036616431253, 2.388850778416625, -6.002801228894239, -18.94801855383438, -14.825729511251362, 25.11250829444739, 0.0, 0.0, 0.0, 0.0, 0.0, 0.0
3.331332206726074, 70.5036616431253, 2.388850778416625, -6.002801228894239, -18.94801855383438, -14.825729511251362, 25.11250829444739, 0.0, 0.0, 0.0, 0.0, 0.0, 0.0
3.3451247215270996, 70.5036616431253, 2.388850778416625, -6.002801228894239, -18.94801855383438, -14.825729511251362, 25.11250829444739, 0.0, 0.0, 0.0, 0.0, 0.0, 0.0
3.3511977195739746, 70.5036616431253, 2.388850778416625, -6.002801228894239, -18.94801855383438, -14.825729511251362, 25.11250829444739, 0.0, 0.0, 0.0, 0.0, 0.0, 0.0
3.3646023273468018, 70.5036616431253, 2.388850778416625, -6.002801228894239, -18.94801855383438, -14.825729511251362, 25.11250829444739, 0.0, 0.0, 0.0, 0.0, 0.0, 0.0
3.370831251144409, 70.5036616431253, 2.388850778416625, -6.002801228894239, -18.94801855383438, -14.825729511251362, 25.11250829444739, 0.0, 0.0, 0.0, 0.0, 0.0, 0.0
3.3844075202941895, 70.5036616431253, 2.388850778416625, -6.002801228894239, -18.94801855383438, -14.825729511251362, 25.11250829444739, 0.0, 0.0, 0.0, 0.0, 0.0, 0.0
3.3903017044067383, 70.5036616431253, 2.388850778416625, -6.002801228894239, -18.94801855383438, -14.825729511251362, 25.11250829444739, 0.0, 0.0, 0.0, 0.0, 0.0, 0.0
3.405160665512085, 70.5036616431253, 2.388850778416625, -6.002801228894239, -18.94801855383438, -14.825729511251362, 25.11250829444739, 0.0, 0.0, 0.0, 0.0, 0.0, 0.0
3.4112119674682617, 70.5036616431253, 2.388850778416625, -6.002801228894239, -18.94801855383438, -14.825729511251362, 25.11250829444739, 0.0, 0.0, 0.0, 0.0, 0.0, 0.0
3.4249491691589355, 70.5036616431253, 2.388850778416625, -6.002801228894239, -18.94801855383438, -14.825729511251362, 25.11250829444739, 0.0, 0.0, 0.0, 0.0, 0.0, 0.0
3.4307878017425537, 70.5036616431253, 2.388850778416625, -6.002801228894239, -18.94801855383438, -14.825729511251362, 25.11250829444739, 0.0, 0.0, 0.0, 0.0, 0.0, 0.0
3.444600820541382, 70.5036616431253, 2.388850778416625, -6.002801228894239, -18.94801855383438, -14.825729511251362, 25.11250829444739, 0.0, 0.0, 0.0, 0.0, 0.0, 0.0
3.4506943225860596, 70.5036616431253, 2.388850778416625, -6.002801228894239, -18.94801855383438, -14.825729511251362, 25.11250829444739, 0.0, 0.0, 0.0, 0.0, 0.0, 0.0
3.4642295837402344, 70.5036616431253, 2.388850778416625, -6.002801228894239, -18.94801855383438, -14.825729511251362, 25.11250829444739, 0.0, 0.0, 0.0, 0.0, 0.0, 0.0
3.4703524112701416, 70.5036616431253, 2.388850778416625, -6.002801228894239, -18.94801855383438, -14.825729511251362, 25.11250829444739, 0.0, 0.0, 0.0, 0.0, 0.0, 0.0
3.4851303100585938, 70.5036616431253, 2.388850778416625, -6.002801228894239, -18.94801855383438, -14.825729511251362, 25.11250829444739, 0.0, 0.0, 0.0, 0.0, 0.0, 0.0
3.4911019802093506, 70.5036616431253, 2.388850778416625, -6.002801228894239, -18.94801855383438, -14.825729511251362, 25.11250829444739, 0.0, 0.0, 0.0, 0.0, 0.0, 0.0
3.505018949508667, 70.5036616431253, 2.388850778416625, -6.002801228894239, -18.94801855383438, -14.825729511251362, 25.11250829444739, 0.0, 0.0, 0.0, 0.0, 0.0, 0.0
3.511319875717163, 70.5036616431253, 2.388850778416625, -6.002801228894239, -18.94801855383438, -14.825729511251362, 25.11250829444739, 0.0, 0.0, 0.0, 0.0, 0.0, 0.0
3.524940013885498, 70.5036616431253, 2.388850778416625, -6.002801228894239, -18.94801855383438, -14.825729511251362, 25.11250829444739, 0.0, 0.0, 0.0, 0.0, 0.0, 0.0
3.5309250354766846, 70.5036616431253, 2.388850778416625, -6.002801228894239, -18.94801855383438, -14.825729511251362, 25.11250829444739, 0.0, 0.0, 0.0, 0.0, 0.0, 0.0
3.544612407684326, 70.5036616431253, 2.388850778416625, -6.002801228894239, -18.94801855383438, -14.825729511251362, 25.11250829444739, 0.0, 0.0, 0.0, 0.0, 0.0, 0.0
3.5508644580841064, 70.5036616431253, 2.388850778416625, -6.002801228894239, -18.94801855383438, -14.825729511251362, 25.11250829444739, 0.0, 0.0, 0.0, 0.0, 0.0, 0.0
3.5645217895507812, 70.5036616431253, 2.388850778416625, -6.002801228894239, -18.94801855383438, -14.825729511251362, 25.11250829444739, 0.0, 0.0, 0.0, 0.0, 0.0, 0.0
3.570648431777954, 70.5036616431253, 2.388850778416625, -6.002801228894239, -18.94801855383438, -14.825729511251362, 25.11250829444739, 0.0, 0.0, 0.0, 0.0, 0.0, 0.0
3.585383892059326, 70.5036616431253, 2.388850778416625, -6.002801228894239, -18.94801855383438, -14.825729511251362, 25.11250829444739, 0.0, 0.0, 0.0, 0.0, 0.0, 0.0
3.5912587642669678, 70.5036616431253, 2.388850778416625, -6.002801228894239, -18.94801855383438, -14.825729511251362, 25.11250829444739, 0.0, 0.0, 0.0, 0.0, 0.0, 0.0
3.6169614791870117, 70.5036616431253, 2.388850778416625, -6.002801228894239, -18.94801855383438, -14.825729511251362, 25.11250829444739, 0.0, 0.0, 0.0, 0.0, 0.0, 0.0
3.6262717247009277, 70.5036616431253, 2.388850778416625, -6.002801228894239, -18.94801855383438, -14.825729511251362, 25.11250829444739, 0.0, 0.0, 0.0, 0.0, 0.0, 0.0
3.638425350189209, 70.5036616431253, 2.388850778416625, -6.002801228894239, -18.94801855383438, -14.825729511251362, 25.11250829444739, 0.0, 0.0, 0.0, 0.0, 0.0, 0.0
3.6449227333068848, 70.5036616431253, 2.388850778416625, -6.002801228894239, -18.94801855383438, -14.825729511251362, 25.11250829444739, 0.0, 0.0, 0.0, 0.0, 0.0, 0.0
3.656245708465576, 70.5036616431253, 2.388850778416625, -6.002801228894239, -18.94801855383438, -14.825729511251362, 25.11250829444739, 0.0, 0.0, 0.0, 0.0, 0.0, 0.0
3.6622867584228516, 70.5036616431253, 2.388850778416625, -6.002801228894239, -18.94801855383438, -14.825729511251362, 25.11250829444739, 0.0, 0.0, 0.0, 0.0, 0.0, 0.0
3.6728854179382324, 70.5036616431253, 2.388850778416625, -6.002801228894239, -18.94801855383438, -14.825729511251362, 25.11250829444739, 0.0, 0.0, 0.0, 0.0, 0.0, 0.0
3.6789212226867676, 70.5036616431253, 2.388850778416625, -6.002801228894239, -18.94801855383438, -14.825729511251362, 25.11250829444739, 0.0, 0.0, 0.0, 0.0, 0.0, 0.0
3.689688205718994, 70.5036616431253, 2.388850778416625, -6.002801228894239, -18.94801855383438, -14.825729511251362, 25.11250829444739, 0.0, 0.0, 0.0, 0.0, 0.0, 0.0
3.695843458175659, 70.5036616431253, 2.388850778416625, -6.002801228894239, -18.94801855383438, -14.825729511251362, 25.11250829444739, 0.0, 0.0, 0.0, 0.0, 0.0, 0.0
3.7062692642211914, 70.5036616431253, 2.388850778416625, -6.002801228894239, -18.94801855383438, -14.825729511251362, 25.11250829444739, 0.0, 0.0, 0.0, 0.0, 0.0, 0.0
3.712188243865967, 70.5036616431253, 2.388850778416625, -6.002801228894239, -18.94801855383438, -14.825729511251362, 25.11250829444739, 0.0, 0.0, 0.0, 0.0, 0.0, 0.0
3.7247536182403564, 70.5036616431253, 2.388850778416625, -6.002801228894239, -18.94801855383438, -14.825729511251362, 25.11250829444739, 0.0, 0.0, 0.0, 0.0, 0.0, 0.0
3.73078989982605, 70.5036616431253, 2.388850778416625, -6.002801228894239, -18.94801855383438, -14.825729511251362, 25.11250829444739, 0.0, 0.0, 0.0, 0.0, 0.0, 0.0
3.7444334030151367, 70.5036616431253, 2.388850778416625, -6.002801228894239, -18.94801855383438, -14.825729511251362, 25.11250829444739, 0.0, 0.0, 0.0, 0.0, 0.0, 0.0
3.750476360321045, 70.5036616431253, 2.388850778416625, -6.002801228894239, -18.94801855383438, -14.825729511251362, 25.11250829444739, 0.0, 0.0, 0.0, 0.0, 0.0, 0.0
3.7654616832733154, 70.5036616431253, 2.388850778416625, -6.002801228894239, -18.94801855383438, -14.825729511251362, 25.11250829444739, 0.0, 0.0, 0.0, 0.0, 0.0, 0.0
3.771381378173828, 70.5036616431253, 2.388850778416625, -6.002801228894239, -18.94801855383438, -14.825729511251362, 25.11250829444739, 0.0, 0.0, 0.0, 0.0, 0.0, 0.0
3.785233736038208, 70.5036616431253, 2.388850778416625, -6.002801228894239, -18.94801855383438, -14.825729511251362, 25.11250829444739, 0.0, 0.0, 0.0, 0.0, 0.0, 0.0
3.7911972999572754, 70.5036616431253, 2.388850778416625, -6.002801228894239, -18.94801855383438, -14.825729511251362, 25.11250829444739, 0.0, 0.0, 0.0, 0.0, 0.0, 0.0
3.8049964904785156, 70.5036616431253, 2.388850778416625, -6.002801228894239, -18.94801855383438, -14.825729511251362, 25.11250829444739, 0.0, 0.0, 0.0, 0.0, 0.0, 0.0
3.8108761310577393, 70.5036616431253, 2.388850778416625, -6.002801228894239, -18.94801855383438, -14.825729511251362, 25.11250829444739, 0.0, 0.0, 0.0, 0.0, 0.0, 0.0
3.8243651390075684, 70.5036616431253, 2.388850778416625, -6.002801228894239, -18.94801855383438, -14.825729511251362, 25.11250829444739, 0.0, 0.0, 0.0, 0.0, 0.0, 0.0
3.8303141593933105, 70.5036616431253, 2.388850778416625, -6.002801228894239, -18.94801855383438, -14.825729511251362, 25.11250829444739, 0.0, 0.0, 0.0, 0.0, 0.0, 0.0
3.84509015083313, 70.5036616431253, 2.388850778416625, -6.002801228894239, -18.94801855383438, -14.825729511251362, 25.11250829444739, 0.0, 0.0, 0.0, 0.0, 0.0, 0.0
3.850961685180664, 70.5036616431253, 2.388850778416625, -6.002801228894239, -18.94801855383438, -14.825729511251362, 25.11250829444739, 0.0, 0.0, 0.0, 0.0, 0.0, 0.0
3.864515542984009, 70.5036616431253, 2.388850778416625, -6.002801228894239, -18.94801855383438, -14.825729511251362, 25.11250829444739, 0.0, 0.0, 0.0, 0.0, 0.0, 0.0
3.870725393295288, 70.5036616431253, 2.388850778416625, -6.002801228894239, -18.94801855383438, -14.825729511251362, 25.11250829444739, 0.0, 0.0, 0.0, 0.0, 0.0, 0.0
3.884589910507202, 70.5036616431253, 2.388850778416625, -6.002801228894239, -18.94801855383438, -14.825729511251362, 25.11250829444739, 0.0, 0.0, 0.0, 0.0, 0.0, 0.0
3.8908004760742188, 70.5036616431253, 2.388850778416625, -6.002801228894239, -18.94801855383438, -14.825729511251362, 25.11250829444739, 0.0, 0.0, 0.0, 0.0, 0.0, 0.0
3.9045629501342773, 70.5036616431253, 2.388850778416625, -6.002801228894239, -18.94801855383438, -14.825729511251362, 25.11250829444739, 0.0, 0.0, 0.0, 0.0, 0.0, 0.0
3.910733699798584, 70.5036616431253, 2.388850778416625, -6.002801228894239, -18.94801855383438, -14.825729511251362, 25.11250829444739, 0.0, 0.0, 0.0, 0.0, 0.0, 0.0
3.9243974685668945, 70.5036616431253, 2.388850778416625, -6.002801228894239, -18.94801855383438, -14.825729511251362, 25.11250829444739, 0.0, 0.0, 0.0, 0.0, 0.0, 0.0
3.9304862022399902, 70.5036616431253, 2.388850778416625, -6.002801228894239, -18.94801855383438, -14.825729511251362, 25.11250829444739, 0.0, 0.0, 0.0, 0.0, 0.0, 0.0
3.945470094680786, 70.5036616431253, 2.388850778416625, -6.002801228894239, -18.94801855383438, -14.825729511251362, 25.11250829444739, 0.0, 0.0, 0.0, 0.0, 0.0, 0.0
3.951629400253296, 70.5036616431253, 2.388850778416625, -6.002801228894239, -18.94801855383438, -14.825729511251362, 25.11250829444739, 0.0, 0.0, 0.0, 0.0, 0.0, 0.0
3.9644360542297363, 70.5036616431253, 2.388850778416625, -6.002801228894239, -18.94801855383438, -14.825729511251362, 25.11250829444739, 0.0, 0.0, 0.0, 0.0, 0.0, 0.0
3.970592498779297, 70.5036616431253, 2.388850778416625, -6.002801228894239, -18.94801855383438, -14.825729511251362, 25.11250829444739, 0.0, 0.0, 0.0, 0.0, 0.0, 0.0
3.984633445739746, 70.5036616431253, 2.388850778416625, -6.002801228894239, -18.94801855383438, -14.825729511251362, 25.11250829444739, 0.0, 0.0, 0.0, 0.0, 0.0, 0.0
3.9907760620117188, 70.5036616431253, 2.388850778416625, -6.002801228894239, -18.94801855383438, -14.825729511251362, 25.11250829444739, 0.0, 0.0, 0.0, 0.0, 0.0, 0.0
4.0045671463012695, 70.5036616431253, 2.388850778416625, -6.002801228894239, -18.94801855383438, -14.825729511251362, 25.11250829444739, 0.0, 0.0, 0.0, 0.0, 0.0, 0.0
4.010717153549194, 70.5036616431253, 2.388850778416625, -6.002801228894239, -18.94801855383438, -14.825729511251362, 25.11250829444739, 0.0, 0.0, 0.0, 0.0, 0.0, 0.0
4.025219678878784, 70.5036616431253, 2.388850778416625, -6.002801228894239, -18.94801855383438, -14.825729511251362, 25.11250829444739, 0.0, 0.0, 0.0, 0.0, 0.0, 0.0
4.0313026905059814, 70.5036616431253, 2.388850778416625, -6.002801228894239, -18.94801855383438, -14.825729511251362, 25.11250829444739, 0.0, 0.0, 0.0, 0.0, 0.0, 0.0
4.045361757278442, 70.5036616431253, 2.388850778416625, -6.002801228894239, -18.94801855383438, -14.825729511251362, 25.11250829444739, 0.0, 0.0, 0.0, 0.0, 0.0, 0.0
4.051724433898926, 70.5036616431253, 2.388850778416625, -6.002801228894239, -18.94801855383438, -14.825729511251362, 25.11250829444739, 0.0, 0.0, 0.0, 0.0, 0.0, 0.0
4.064432144165039, 70.5036616431253, 2.388850778416625, -6.002801228894239, -18.94801855383438, -14.825729511251362, 25.11250829444739, 0.0, 0.0, 0.0, 0.0, 0.0, 0.0
4.070717811584473, 70.5036616431253, 2.388850778416625, -6.002801228894239, -18.94801855383438, -14.825729511251362, 25.11250829444739, 0.0, 0.0, 0.0, 0.0, 0.0, 0.0
4.084592342376709, 70.5036616431253, 2.388850778416625, -6.002801228894239, -18.94801855383438, -14.825729511251362, 25.11250829444739, 0.0, 0.0, 0.0, 0.0, 0.0, 0.0
4.090893983840942, 70.5036616431253, 2.388850778416625, -6.002801228894239, -18.94801855383438, -14.825729511251362, 25.11250829444739, 0.0, 0.0, 0.0, 0.0, 0.0, 0.0
4.104578495025635, 70.5036616431253, 2.388850778416625, -6.002801228894239, -18.94801855383438, -14.825729511251362, 25.11250829444739, 0.0, 0.0, 0.0, 0.0, 0.0, 0.0
4.110663890838623, 70.5036616431253, 2.388850778416625, -6.002801228894239, -18.94801855383438, -14.825729511251362, 25.11250829444739, 0.0, 0.0, 0.0, 0.0, 0.0, 0.0
4.125213623046875, 70.5036616431253, 2.388850778416625, -6.002801228894239, -18.94801855383438, -14.825729511251362, 25.11250829444739, 0.0, 0.0, 0.0, 0.0, 0.0, 0.0
4.131338357925415, 70.5036616431253, 2.388850778416625, -6.002801228894239, -18.94801855383438, -14.825729511251362, 25.11250829444739, 0.0, 0.0, 0.0, 0.0, 0.0, 0.0
4.1452531814575195, 70.5036616431253, 2.388850778416625, -6.002801228894239, -18.94801855383438, -14.825729511251362, 25.11250829444739, 0.0, 0.0, 0.0, 0.0, 0.0, 0.0
4.151394844055176, 70.5036616431253, 2.388850778416625, -6.002801228894239, -18.94801855383438, -14.825729511251362, 25.11250829444739, 0.0, 0.0, 0.0, 0.0, 0.0, 0.0
4.165283918380737, 70.5036616431253, 2.388850778416625, -6.002801228894239, -18.94801855383438, -14.825729511251362, 25.11250829444739, 0.0, 0.0, 0.0, 0.0, 0.0, 0.0
4.171432256698608, 70.5036616431253, 2.388850778416625, -6.002801228894239, -18.94801855383438, -14.825729511251362, 25.11250829444739, 0.0, 0.0, 0.0, 0.0, 0.0, 0.0
4.185247898101807, 70.5036616431253, 2.388850778416625, -6.002801228894239, -18.94801855383438, -14.825729511251362, 25.11250829444739, 0.0, 0.0, 0.0, 0.0, 0.0, 0.0
4.191721677780151, 70.5036616431253, 2.388850778416625, -6.002801228894239, -18.94801855383438, -14.825729511251362, 25.11250829444739, 0.0, 0.0, 0.0, 0.0, 0.0, 0.0
4.204546213150024, 70.5036616431253, 2.388850778416625, -6.002801228894239, -18.94801855383438, -14.825729511251362, 25.11250829444739, 0.0, 0.0, 0.0, 0.0, 0.0, 0.0
4.210683584213257, 70.5036616431253, 2.388850778416625, -6.002801228894239, -18.94801855383438, -14.825729511251362, 25.11250829444739, 0.0, 0.0, 0.0, 0.0, 0.0, 0.0
4.224461317062378, 70.5036616431253, 2.388850778416625, -6.002801228894239, -18.94801855383438, -14.825729511251362, 25.11250829444739, 0.0, 0.0, 0.0, 0.0, 0.0, 0.0
4.230643033981323, 70.5036616431253, 2.388850778416625, -6.002801228894239, -18.94801855383438, -14.825729511251362, 25.11250829444739, 0.0, 0.0, 0.0, 0.0, 0.0, 0.0
4.244426250457764, 70.5036616431253, 2.388850778416625, -6.002801228894239, -18.94801855383438, -14.825729511251362, 25.11250829444739, 0.0, 0.0, 0.0, 0.0, 0.0, 0.0
4.2502827644348145, 70.5036616431253, 2.388850778416625, -6.002801228894239, -18.94801855383438, -14.825729511251362, 25.11250829444739, 0.0, 0.0, 0.0, 0.0, 0.0, 0.0
4.265019416809082, 70.5036616431253, 2.388850778416625, -6.002801228894239, -18.94801855383438, -14.825729511251362, 25.11250829444739, 0.0, 0.0, 0.0, 0.0, 0.0, 0.0
4.271052122116089, 70.5036616431253, 2.388850778416625, -6.002801228894239, -18.94801855383438, -14.825729511251362, 25.11250829444739, 0.0, 0.0, 0.0, 0.0, 0.0, 0.0
4.2851738929748535, 70.5036616431253, 2.388850778416625, -6.002801228894239, -18.94801855383438, -14.825729511251362, 25.11250829444739, 0.0, 0.0, 0.0, 0.0, 0.0, 0.0
4.291249752044678, 70.5036616431253, 2.388850778416625, -6.002801228894239, -18.94801855383438, -14.825729511251362, 25.11250829444739, 0.0, 0.0, 0.0, 0.0, 0.0, 0.0
4.30528712272644, 70.5036616431253, 2.388850778416625, -6.002801228894239, -18.94801855383438, -14.825729511251362, 25.11250829444739, 0.0, 0.0, 0.0, 0.0, 0.0, 0.0
4.311340570449829, 70.5036616431253, 2.388850778416625, -6.002801228894239, -18.94801855383438, -14.825729511251362, 25.11250829444739, 0.0, 0.0, 0.0, 0.0, 0.0, 0.0
4.3251423835754395, 70.5036616431253, 2.388850778416625, -6.002801228894239, -18.94801855383438, -14.825729511251362, 25.11250829444739, 0.0, 0.0, 0.0, 0.0, 0.0, 0.0
4.331291198730469, 70.5036616431253, 2.388850778416625, -6.002801228894239, -18.94801855383438, -14.825729511251362, 25.11250829444739, 0.0, 0.0, 0.0, 0.0, 0.0, 0.0
4.354607820510864, 70.5036616431253, 2.388850778416625, -6.002801228894239, -18.94801855383438, -14.825729511251362, 25.11250829444739, 0.0, 0.0, 0.0, 0.0, 0.0, 0.0
4.3636314868927, 70.5036616431253, 2.388850778416625, -6.002801228894239, -18.94801855383438, -14.825729511251362, 25.11250829444739, 0.0, 0.0, 0.0, 0.0, 0.0, 0.0
4.375402212142944, 70.5036616431253, 2.388850778416625, -6.002801228894239, -18.94801855383438, -14.825729511251362, 25.11250829444739, 0.0, 0.0, 0.0, 0.0, 0.0, 0.0
4.381698131561279, 70.5036616431253, 2.388850778416625, -6.002801228894239, -18.94801855383438, -14.825729511251362, 25.11250829444739, 0.0, 0.0, 0.0, 0.0, 0.0, 0.0
4.392529249191284, 70.5036616431253, 2.388850778416625, -6.002801228894239, -18.94801855383438, -14.825729511251362, 25.11250829444739, 0.0, 0.0, 0.0, 0.0, 0.0, 0.0
4.398666620254517, 70.5036616431253, 2.388850778416625, -6.002801228894239, -18.94801855383438, -14.825729511251362, 25.11250829444739, 0.0, 0.0, 0.0, 0.0, 0.0, 0.0
4.409428119659424, 70.5036616431253, 2.388850778416625, -6.002801228894239, -18.94801855383438, -14.825729511251362, 25.11250829444739, 0.0, 0.0, 0.0, 0.0, 0.0, 0.0
4.415678262710571, 70.5036616431253, 2.388850778416625, -6.002801228894239, -18.94801855383438, -14.825729511251362, 25.11250829444739, 0.0, 0.0, 0.0, 0.0, 0.0, 0.0
4.426382303237915, 70.5036616431253, 2.388850778416625, -6.002801228894239, -18.94801855383438, -14.825729511251362, 25.11250829444739, 0.0, 0.0, 0.0, 0.0, 0.0, 0.0
4.4325525760650635, 70.5036616431253, 2.388850778416625, -6.002801228894239, -18.94801855383438, -14.825729511251362, 25.11250829444739, 0.0, 0.0, 0.0, 0.0, 0.0, 0.0
4.444497346878052, 70.5036616431253, 2.388850778416625, -6.002801228894239, -18.94801855383438, -14.825729511251362, 25.11250829444739, 0.0, 0.0, 0.0, 0.0, 0.0, 0.0
4.450623035430908, 70.5036616431253, 2.388850778416625, -6.002801228894239, -18.94801855383438, -14.825729511251362, 25.11250829444739, 0.0, 0.0, 0.0, 0.0, 0.0, 0.0
4.464433670043945, 70.5036616431253, 2.388850778416625, -6.002801228894239, -18.94801855383438, -14.825729511251362, 25.11250829444739, 0.0, 0.0, 0.0, 0.0, 0.0, 0.0
4.470558166503906, 70.5036616431253, 2.388850778416625, -6.002801228894239, -18.94801855383438, -14.825729511251362, 25.11250829444739, 0.0, 0.0, 0.0, 0.0, 0.0, 0.0
4.484575510025024, 70.5036616431253, 2.388850778416625, -6.002801228894239, -18.94801855383438, -14.825729511251362, 25.11250829444739, 0.0, 0.0, 0.0, 0.0, 0.0, 0.0
4.490691184997559, 70.5036616431253, 2.388850778416625, -6.002801228894239, -18.94801855383438, -14.825729511251362, 25.11250829444739, 0.0, 0.0, 0.0, 0.0, 0.0, 0.0
4.504544496536255, 70.5036616431253, 2.388850778416625, -6.002801228894239, -18.94801855383438, -14.825729511251362, 25.11250829444739, 0.0, 0.0, 0.0, 0.0, 0.0, 0.0
4.510687589645386, 70.5036616431253, 2.388850778416625, -6.002801228894239, -18.94801855383438, -14.825729511251362, 25.11250829444739, 0.0, 0.0, 0.0, 0.0, 0.0, 0.0
4.524636268615723, 70.5036616431253, 2.388850778416625, -6.002801228894239, -18.94801855383438, -14.825729511251362, 25.11250829444739, 0.0, 0.0, 0.0, 0.0, 0.0, 0.0
4.530714988708496, 70.5036616431253, 2.388850778416625, -6.002801228894239, -18.94801855383438, -14.825729511251362, 25.11250829444739, 0.0, 0.0, 0.0, 0.0, 0.0, 0.0
4.5443549156188965, 70.5036616431253, 2.388850778416625, -6.002801228894239, -18.94801855383438, -14.825729511251362, 25.11250829444739, 0.0, 0.0, 0.0, 0.0, 0.0, 0.0
4.550400257110596, 70.5036616431253, 2.388850778416625, -6.002801228894239, -18.94801855383438, -14.825729511251362, 25.11250829444739, 0.0, 0.0, 0.0, 0.0, 0.0, 0.0
4.565122127532959, 70.5036616431253, 2.388850778416625, -6.002801228894239, -18.94801855383438, -14.825729511251362, 25.11250829444739, 0.0, 0.0, 0.0, 0.0, 0.0, 0.0
4.571199417114258, 70.5036616431253, 2.388850778416625, -6.002801228894239, -18.94801855383438, -14.825729511251362, 25.11250829444739, 0.0, 0.0, 0.0, 0.0, 0.0, 0.0
4.594349145889282, 70.5036616431253, 2.388850778416625, -6.002801228894239, -18.94801855383438, -14.825729511251362, 25.11250829444739, 0.0, 0.0, 0.0, 0.0, 0.0, 0.0
4.6035802364349365, 70.5036616431253, 2.388850778416625, -6.002801228894239, -18.94801855383438, -14.825729511251362, 25.11250829444739, 0.0, 0.0, 0.0, 0.0, 0.0, 0.0
4.615386486053467, 70.5036616431253, 2.388850778416625, -6.002801228894239, -18.94801855383438, -14.825729511251362, 25.11250829444739, 0.0, 0.0, 0.0, 0.0, 0.0, 0.0
4.621544361114502, 70.5036616431253, 2.388850778416625, -6.002801228894239, -18.94801855383438, -14.825729511251362, 25.11250829444739, 0.0, 0.0, 0.0, 0.0, 0.0, 0.0
4.63269829750061, 70.5036616431253, 2.388850778416625, -6.002801228894239, -18.94801855383438, -14.825729511251362, 25.11250829444739, 0.0, 0.0, 0.0, 0.0, 0.0, 0.0
4.638670444488525, 70.5036616431253, 2.388850778416625, -6.002801228894239, -18.94801855383438, -14.825729511251362, 25.11250829444739, 0.0, 0.0, 0.0, 0.0, 0.0, 0.0
4.6493823528289795, 70.5036616431253, 2.388850778416625, -6.002801228894239, -18.94801855383438, -14.825729511251362, 25.11250829444739, 0.0, 0.0, 0.0, 0.0, 0.0, 0.0
4.65557074546814, 70.5036616431253, 2.388850778416625, -6.002801228894239, -18.94801855383438, -14.825729511251362, 25.11250829444739, 0.0, 0.0, 0.0, 0.0, 0.0, 0.0
4.666316747665405, 70.5036616431253, 2.388850778416625, -6.002801228894239, -18.94801855383438, -14.825729511251362, 25.11250829444739, 0.0, 0.0, 0.0, 0.0, 0.0, 0.0
4.672411203384399, 70.5036616431253, 2.388850778416625, -6.002801228894239, -18.94801855383438, -14.825729511251362, 25.11250829444739, 0.0, 0.0, 0.0, 0.0, 0.0, 0.0
4.685139179229736, 70.5036616431253, 2.388850778416625, -6.002801228894239, -18.94801855383438, -14.825729511251362, 25.11250829444739, 0.0, 0.0, 0.0, 0.0, 0.0, 0.0
4.691217422485352, 70.5036616431253, 2.388850778416625, -6.002801228894239, -18.94801855383438, -14.825729511251362, 25.11250829444739, 0.0, 0.0, 0.0, 0.0, 0.0, 0.0
4.705259084701538, 70.5036616431253, 2.388850778416625, -6.002801228894239, -18.94801855383438, -14.825729511251362, 25.11250829444739, 0.0, 0.0, 0.0, 0.0, 0.0, 0.0
4.711331605911255, 70.5036616431253, 2.388850778416625, -6.002801228894239, -18.94801855383438, -14.825729511251362, 25.11250829444739, 0.0, 0.0, 0.0, 0.0, 0.0, 0.0
4.725066900253296, 70.5036616431253, 2.388850778416625, -6.002801228894239, -18.94801855383438, -14.825729511251362, 25.11250829444739, 0.0, 0.0, 0.0, 0.0, 0.0, 0.0
4.731307744979858, 70.5036616431253, 2.388850778416625, -6.002801228894239, -18.94801855383438, -14.825729511251362, 25.11250829444739, 0.0, 0.0, 0.0, 0.0, 0.0, 0.0
4.745264053344727, 70.5036616431253, 2.388850778416625, -6.002801228894239, -18.94801855383438, -14.825729511251362, 25.11250829444739, 0.0, 0.0, 0.0, 0.0, 0.0, 0.0
4.751404047012329, 70.5036616431253, 2.388850778416625, -6.002801228894239, -18.94801855383438, -14.825729511251362, 25.11250829444739, 0.0, 0.0, 0.0, 0.0, 0.0, 0.0
4.765143394470215, 70.5036616431253, 2.388850778416625, -6.002801228894239, -18.94801855383438, -14.825729511251362, 25.11250829444739, 0.0, 0.0, 0.0, 0.0, 0.0, 0.0
4.771394729614258, 70.5036616431253, 2.388850778416625, -6.002801228894239, -18.94801855383438, -14.825729511251362, 25.11250829444739, 0.0, 0.0, 0.0, 0.0, 0.0, 0.0
4.784416198730469, 70.5036616431253, 2.388850778416625, -6.002801228894239, -18.94801855383438, -14.825729511251362, 25.11250829444739, 0.0, 0.0, 0.0, 0.0, 0.0, 0.0
4.79058837890625, 70.5036616431253, 2.388850778416625, -6.002801228894239, -18.94801855383438, -14.825729511251362, 25.11250829444739, 0.0, 0.0, 0.0, 0.0, 0.0, 0.0
4.804718732833862, 70.5036616431253, 2.388850778416625, -6.002801228894239, -18.94801855383438, -14.825729511251362, 25.11250829444739, 0.0, 0.0, 0.0, 0.0, 0.0, 0.0
4.81085729598999, 70.5036616431253, 2.388850778416625, -6.002801228894239, -18.94801855383438, -14.825729511251362, 25.11250829444739, 0.0, 0.0, 0.0, 0.0, 0.0, 0.0
4.824571371078491, 70.5036616431253, 2.388850778416625, -6.002801228894239, -18.94801855383438, -14.825729511251362, 25.11250829444739, 0.0, 0.0, 0.0, 0.0, 0.0, 0.0
4.830703973770142, 70.5036616431253, 2.388850778416625, -6.002801228894239, -18.94801855383438, -14.825729511251362, 25.11250829444739, 0.0, 0.0, 0.0, 0.0, 0.0, 0.0
4.844710111618042, 70.5036616431253, 2.388850778416625, -6.002801228894239, -18.94801855383438, -14.825729511251362, 25.11250829444739, 0.0, 0.0, 0.0, 0.0, 0.0, 0.0
4.85082483291626, 70.5036616431253, 2.388850778416625, -6.002801228894239, -18.94801855383438, -14.825729511251362, 25.11250829444739, 0.0, 0.0, 0.0, 0.0, 0.0, 0.0
4.864589691162109, 70.5036616431253, 2.388850778416625, -6.002801228894239, -18.94801855383438, -14.825729511251362, 25.11250829444739, 0.0, 0.0, 0.0, 0.0, 0.0, 0.0
4.8707358837127686, 70.5036616431253, 2.388850778416625, -6.002801228894239, -18.94801855383438, -14.825729511251362, 25.11250829444739, 0.0, 0.0, 0.0, 0.0, 0.0, 0.0
4.884721994400024, 70.5036616431253, 2.388850778416625, -6.002801228894239, -18.94801855383438, -14.825729511251362, 25.11250829444739, 0.0, 0.0, 0.0, 0.0, 0.0, 0.0
4.890857934951782, 70.5036616431253, 2.388850778416625, -6.002801228894239, -18.94801855383438, -14.825729511251362, 25.11250829444739, 0.0, 0.0, 0.0, 0.0, 0.0, 0.0
4.9046471118927, 70.5036616431253, 2.388850778416625, -6.002801228894239, -18.94801855383438, -14.825729511251362, 25.11250829444739, 0.0, 0.0, 0.0, 0.0, 0.0, 0.0
4.910906791687012, 70.5036616431253, 2.388850778416625, -6.002801228894239, -18.94801855383438, -14.825729511251362, 25.11250829444739, 0.0, 0.0, 0.0, 0.0, 0.0, 0.0
4.924633264541626, 70.5036616431253, 2.388850778416625, -6.002801228894239, -18.94801855383438, -14.825729511251362, 25.11250829444739, 0.0, 0.0, 0.0, 0.0, 0.0, 0.0
4.930626630783081, 70.5036616431253, 2.388850778416625, -6.002801228894239, -18.94801855383438, -14.825729511251362, 25.11250829444739, 0.0, 0.0, 0.0, 0.0, 0.0, 0.0
4.945342302322388, 70.5036616431253, 2.388850778416625, -6.002801228894239, -18.94801855383438, -14.825729511251362, 25.11250829444739, 0.0, 0.0, 0.0, 0.0, 0.0, 0.0
4.951587677001953, 70.5036616431253, 2.388850778416625, -6.002801228894239, -18.94801855383438, -14.825729511251362, 25.11250829444739, 0.0, 0.0, 0.0, 0.0, 0.0, 0.0
4.964327573776245, 70.5036616431253, 2.388850778416625, -6.002801228894239, -18.94801855383438, -14.825729511251362, 25.11250829444739, 0.0, 0.0, 0.0, 0.0, 0.0, 0.0
4.970441102981567, 70.5036616431253, 2.388850778416625, -6.002801228894239, -18.94801855383438, -14.825729511251362, 25.11250829444739, 0.0, 0.0, 0.0, 0.0, 0.0, 0.0
4.9853925704956055, 70.5036616431253, 2.388850778416625, -6.002801228894239, -18.94801855383438, -14.825729511251362, 25.11250829444739, 0.0, 0.0, 0.0, 0.0, 0.0, 0.0
4.9913060665130615, 70.5036616431253, 2.388850778416625, -6.002801228894239, -18.94801855383438, -14.825729511251362, 25.11250829444739, 0.0, 0.0, 0.0, 0.0, 0.0, 0.0
5.004899024963379, 70.5036616431253, 2.388850778416625, -6.002801228894239, -18.94801855383438, -14.825729511251362, 25.11250829444739, 0.0, 0.0, 0.0, 0.0, 0.0, 0.0
5.01095986366272, 70.5036616431253, 2.388850778416625, -6.002801228894239, -18.94801855383438, -14.825729511251362, 25.11250829444739, 0.0, 0.0, 0.0, 0.0, 0.0, 0.0
