# Timestamp, Fx, Fy, Fz, Tx, Ty, Tz, FemurPosX, FemurPosY, FemurPosZ, FemurQuatW, FemurQuatX, FemurQuatY, FemurQuatZ, TibiaPosX, TibiaPosY, TibiaPosZ, TibiaQuatW, TibiaQuatX, TibiaQuatY, TibiaQuatZ, Flexion, Adduction, Rotation, Anterior_Posterior, Medial_Lateral, Proximal_Distal
0.07467508316040039,0.297548,0.185308,0.0579773,0.0299405,-0.0445053,0.0312846,0.074246,0.492786,0.507636,0.321441,0.555393,0.643226,-0.417702,0.0162835,0.261451,0.0916153,0.748148,0.0507695,0.251201,-0.612042
0.07564663887023926,0.297548,0.185308,0.0579773,0.0299405,-0.0445053,0.0312846,0.074246,0.492786,0.507636,0.321441,0.555393,0.643226,-0.417702,0.0162835,0.261451,0.0916153,0.748148,0.0507695,0.251201,-0.612042,88.84165292958764,3.346795106767682,-82.59120791803716,-21.1499111581968,-10.097114762724104,13.126198084474328
0.13500094413757324,0.324595,0.25683,0.0515303,0.0362921,-0.0458603,0.0465067,0.0742559,0.492818,0.507635,0.321372,0.555383,0.64362,-0.417161,0.0162588,0.261434,0.0916246,0.747938,0.0505808,0.251199,-0.612314
0.1359705924987793,0.324595,0.25683,0.0515303,0.0362921,-0.0458603,0.0465067,0.0742559,0.492818,0.507635,0.321372,0.555383,0.64362,-0.417161,0.0162588,0.261434,0.0916246,0.747938,0.0505808,0.251199,-0.612314,88.89897047633006,3.2423529867782666,-82.92835558718265,-21.328646238060493,-10.266210809196053,13.221151306783565
0.1934826374053955,0.354215,0.248949,0.0444795,0.0360416,-0.0475819,0.0454021,0.0742623,0.492786,0.50764,0.321911,0.55505,0.643403,-0.417523,0.0162863,0.261448,0.0916172,0.748169,0.0507493,0.251188,-0.612023
0.19444751739501953,0.354215,0.248949,0.0444795,0.0360416,-0.0475819,0.0454021,0.0742623,0.492786,0.50764,0.321911,0.55505,0.643403,-0.417523,0.0162863,0.261448,0.0916172,0.748169,0.0507493,0.251188,-0.612023,88.80625381697665,3.2898864968342343,-81.72564601003106,-20.9760443497398,-10.34241694240737,13.028514332398046
0.25169968605041504,0.399981,0.197219,0.0579062,0.0307661,-0.053792,0.0360025,0.0742576,0.492785,0.50763,0.321595,0.555499,0.643194,-0.417491,0.0162841,0.261449,0.0916148,0.748174,0.0507799,0.251189,-0.612015
0.25262451171875,0.399981,0.197219,0.0579062,0.0307661,-0.053792,0.0360025,0.0742576,0.492785,0.50763,0.321595,0.555499,0.643194,-0.417491,0.0162841,0.261449,0.0916148,0.748174,0.0507799,0.251189,-0.612015,88.84053038872368,3.330551775285455,-82.5122037778264,-21.154158996478646,-10.24951591594258,13.10853184387059
0.309934139251709,0.31147,0.202022,0.0644753,0.0311995,-0.0471932,0.0348028,0.0742558,0.492816,0.507624,0.321661,0.555058,0.643248,-0.417943,0.0162587,0.261436,0.091623,0.747926,0.0506078,0.251193,-0.612329
0.3108978271484375,0.31147,0.202022,0.0644753,0.0311995,-0.0471932,0.0348028,0.0742558,0.492816,0.507624,0.321661,0.555058,0.643248,-0.417943,0.0162587,0.261436,0.091623,0.747926,0.0506078,0.251193,-0.612329,88.80870384972798,3.2986559637852264,-81.79398456971613,-20.969969222866027,-9.98620747618352,13.066293215443892
0.3705332279205322,0.349571,0.25025,0.0642192,0.0356964,-0.0504222,0.0454813,0.0742511,0.492805,0.507642,0.321468,0.555181,0.643545,-0.417472,0.0162844,0.261447,0.0916168,0.748176,0.050766,0.251195,-0.612011
0.37148499488830566,0.349571,0.25025,0.0642192,0.0356964,-0.0504222,0.0454813,0.0742511,0.492805,0.507642,0.321468,0.555181,0.643545,-0.417472,0.0162844,0.261447,0.0916168,0.748176,0.050766,0.251195,-0.612011,88.8573042942969,3.308435908599446,-82.60448119896628,-21.196798574194624,-10.257783473067011,13.156550043128707
0.43061065673828125,0.328671,0.125249,0.0644554,0.0243798,-0.048492,0.0196074,0.0742631,0.492785,0.50764,0.321899,0.555092,0.643385,-0.417504,0.0162548,0.261385,0.091643,0.748328,0.0500956,0.251474,-0.611766
0.43158483505249023,0.328671,0.125249,0.0644554,0.0243798,-0.048492,0.0196074,0.0742631,0.492785,0.50764,0.321899,0.555092,0.643385,-0.417504,0.0162548,0.261385,0.091643,0.748328,0.0500956,0.251474,-0.611766,88.82880786990121,3.298735150186845,-82.21229959325892,-20.94912447305079,-10.154302007923828,13.011364533123928
0.49035096168518066,0.336186,0.163515,0.0448853,0.028231,-0.045439,0.0277584,0.0742495,0.492803,0.507641,0.321482,0.555147,0.643524,-0.417538,0.0162547,0.261434,0.0916237,0.747915,0.0505781,0.251156,-0.612361
0.4913203716278076,0.336186,0.163515,0.0448853,0.028231,-0.045439,0.0277584,0.0742495,0.492803,0.507641,0.321482,0.555147,0.643524,-0.417538,0.0162547,0.261434,0.0916237,0.747915,0.0505781,0.251156,-0.612361,88.8634586160133,3.2599294955771665,-82.43253172769653,-21.13594859334232,-10.123140488346529,13.136113894840161
0.5497734546661377,0.38836,0.152347,0.0514622,0.0267904,-0.0516999,0.0265122,0.0742504,0.492801,0.507642,0.321503,0.555192,0.643519,-0.417469,0.0162584,0.261434,0.0916233,0.747944,0.0505715,0.251223,-0.612299
0.550743579864502,0.38836,0.152347,0.0514622,0.0267904,-0.0516999,0.0265122,0.0742504,0.492801,0.507642,0.321503,0.555192,0.643519,-0.417469,0.0162584,0.261434,0.0916233,0.747944,0.0505715,0.251223,-0.612299,88.86071451200067,3.2608908868635518,-82.4101755031486,-21.16298773698368,-10.146581958379416,13.150771274495298
0.6091740131378174,0.352146,0.134732,0.0645692,0.0250015,-0.0509927,0.0223896,0.0742625,0.492783,0.507637,0.321931,0.555046,0.643373,-0.417559,0.0162836,0.261447,0.0916162,0.748142,0.0507806,0.251224,-0.612038
0.6101431846618652,0.352146,0.134732,0.0645692,0.0250015,-0.0509927,0.0223896,0.0742625,0.492783,0.507637,0.321931,0.555046,0.643373,-0.417559,0.0162836,0.261447,0.0916162,0.748142,0.0507806,0.251224,-0.612038,88.79552707566829,3.2905671585019,-81.564091010175,-20.974405639078668,-10.327723408421473,13.034138023217324
0.6683413982391357,0.335446,0.162731,0.0839573,0.0272564,-0.0533002,0.0275743,0.0742579,0.492797,0.507637,0.321678,0.555152,0.643468,-0.417466,0.0162839,0.26145,0.0916184,0.748135,0.050756,0.251148,-0.61208
0.6694138050079346,0.335446,0.162731,0.0839573,0.0272564,-0.0533002,0.0275743,0.0742579,0.492797,0.507637,0.321678,0.555152,0.643468,-0.417466,0.0162839,0.26145,0.0916184,0.748135,0.050756,0.251148,-0.61208,88.83884925777423,3.2912218965598705,-82.2299406072006,-21.096378615686845,-10.309119483615076,13.088389916258782
0.7270488739013672,0.328572,0.185813,0.0382814,0.0304374,-0.0435379,0.0320027,0.0742665,0.492802,0.507655,0.321006,0.555041,0.643883,-0.417491,0.016259,0.261432,0.0916236,0.747939,0.0505853,0.251187,-0.612318
0.7280280590057373,0.328572,0.185813,0.0382814,0.0304374,-0.0435379,0.0320027,0.0742665,0.492802,0.507655,0.321006,0.555041,0.643883,-0.417491,0.016259,0.261432,0.0916236,0.747939,0.0505853,0.251187,-0.612318,88.91703743597486,3.2655717839560503,-83.26614008028699,-21.334102476888248,-10.06702766920062,13.25565704097157
0.7871456146240234,0.352997,0.225497,0.0579184,0.0334988,-0.0492058,0.0406533,0.0742582,0.492795,0.507636,0.321711,0.555156,0.643423,-0.417506,0.0162577,0.261436,0.0916226,0.74793,0.0506127,0.251202,-0.612321
0.788121223449707,0.352997,0.225497,0.0579184,0.0334988,-0.0492058,0.0406533,0.0742582,0.492795,0.507636,0.321711,0.555156,0.643423,-0.417506,0.0162577,0.261436,0.0916226,0.74793,0.0506127,0.251202,-0.612321,88.8339517855363,3.2552206699815973,-81.96256171277807,-21.06682012311903,-10.199933523197801,13.093323355536088
0.84700608253479,0.348104,0.219068,0.0514043,0.0329377,-0.0479458,0.0390737,0.0742574,0.492817,0.507637,0.321358,0.555383,0.643637,-0.417146,0.0162833,0.261448,0.0916162,0.748148,0.0507723,0.251185,-0.612048
0.8479747772216797,0.348104,0.219068,0.0514043,0.0329377,-0.0479458,0.0390737,0.0742574,0.492817,0.507637,0.321358,0.555383,0.643637,-0.417146,0.0162833,0.261448,0.0916162,0.748148,0.0507723,0.251185,-0.612048,88.89306101192265,3.2844131784110084,-83.05289212584256,-21.35714354586245,-10.378851367876695,13.226174375727993
0.9064006805419922,0.325615,0.150394,0.0512204,0.0270647,-0.0457779,0.0245277,0.0742575,0.492793,0.507636,0.3217,0.555151,0.64346,-0.417464,0.0162572,0.261433,0.0916234,0.747933,0.0505966,0.251174,-0.61233
0.9074089527130127,0.325615,0.150394,0.0512204,0.0270647,-0.0457779,0.0245277,0.0742575,0.492793,0.507636,0.3217,0.555151,0.64346,-0.417464,0.0162572,0.261433,0.0916234,0.747933,0.0505966,0.251174,-0.61233,88.84200270907499,3.2496407322349583,-82.05528714320644,-21.073856649555317,-10.219961952105303,13.090731511225917
0.96630859375,0.424623,0.169001,0.0579273,0.0280414,-0.0563831,0.030691,0.0742642,0.492808,0.507619,0.321885,0.555071,0.643138,-0.417923,0.0162843,0.261448,0.0916166,0.748156,0.0507921,0.251179,-0.612039
0.9672837257385254,0.424623,0.169001,0.0579273,0.0280414,-0.0563831,0.030691,0.0742642,0.492808,0.507619,0.321885,0.555071,0.643138,-0.417923,0.0162843,0.261448,0.0916166,0.748156,0.0507921,0.251179,-0.612039,88.77744682851633,3.3374003167957724,-81.54384407930199,-20.902846359314843,-10.162007101092925,13.00705046737257
1.0267410278320312,0.407996,0.186712,0.0577043,0.0300527,-0.0543452,0.0341429,0.0742642,0.492783,0.507639,0.321916,0.555105,0.643332,-0.417555,0.0162575,0.261433,0.0916228,0.747958,0.0505823,0.251223,-0.61228
1.0276999473571777,0.407996,0.186712,0.0577043,0.0300527,-0.0543452,0.0341429,0.0742642,0.492783,0.507639,0.321916,0.555105,0.643332,-0.417555,0.0162575,0.261433,0.0916228,0.747958,0.0505823,0.251223,-0.61228,88.80815600939306,3.255314747939872,-81.57311320621696,-20.953285122856336,-10.22317032901255,13.032053819176248
1.0855133533477783,0.337269,0.188607,0.0708714,0.0299996,-0.0505547,0.0329278,0.0742586,0.492795,0.507633,0.32169,0.555177,0.643449,-0.417454,0.016258,0.261435,0.0916225,0.747942,0.0505831,0.251207,-0.612307
1.086486577987671,0.337269,0.188607,0.0708714,0.0299996,-0.0505547,0.0329278,0.0742586,0.492795,0.507633,0.32169,0.555177,0.643449,-0.417454,0.016258,0.261435,0.0916225,0.747942,0.0505831,0.251207,-0.612307,88.84176713587513,3.252394086188613,-82.07412790701167,-21.089042194637077,-10.211853172310208,13.098045193529558
1.1461241245269775,0.315074,0.257401,0.0711214,0.0358885,-0.0487321,0.0461526,0.0742525,0.492771,0.507639,0.321683,0.55531,0.643131,-0.417773,0.0162817,0.261448,0.0916181,0.748151,0.0507422,0.251159,-0.612058
1.1470799446105957,0.315074,0.257401,0.0711214,0.0358885,-0.0487321,0.0461526,0.0742525,0.492771,0.507639,0.321683,0.55531,0.643131,-0.417773,0.0162817,0.261448,0.0916181,0.748151,0.0507422,0.251159,-0.612058,88.81553828766242,3.3403140592000025,-82.16039302839808,-20.999068135336145,-10.129133971658291,13.03791770410615
1.2071452140808105,0.360129,0.130884,0.0511604,0.0253289,-0.0488613,0.02162,0.0742648,0.492808,0.50763,0.321618,0.555312,0.643542,-0.417187,0.0162566,0.261434,0.091623,0.747929,0.0505858,0.251215,-0.612319
1.208099365234375,0.360129,0.130884,0.0511604,0.0253289,-0.0488613,0.02162,0.0742648,0.492808,0.50763,0.321618,0.555312,0.643542,-0.417187,0.0162566,0.261434,0.091623,0.747929,0.0505858,0.251215,-0.612319,88.86795870518354,3.23186150684761,-82.38669107338475,-21.216004602865098,-10.319936790345904,13.157104765518095
1.26778244972229,0.337984,0.198719,0.0709823,0.0306799,-0.0510147,0.0349012,0.0742518,0.492799,0.507641,0.321459,0.555181,0.643546,-0.417477,0.016257,0.261436,0.0916224,0.747924,0.050623,0.251183,-0.612335
1.2687406539916992,0.337984,0.198719,0.0709823,0.0306799,-0.0510147,0.0349012,0.0742518,0.492799,0.507641,0.321459,0.555181,0.643546,-0.417477,0.016257,0.261436,0.0916224,0.747924,0.050623,0.251183,-0.612335,88.86501124966236,3.260017907120761,-82.45989643084202,-21.178026366898102,-10.156278920466118,13.156691311315356
1.3284978866577148,0.320202,0.201627,0.0643844,0.0311664,-0.0482065,0.0349165,0.0742425,0.492783,0.507668,0.320714,0.555032,0.643686,-0.418032,0.0162814,0.261448,0.0916166,0.748144,0.0507704,0.251183,-0.612054
1.3294661045074463,0.320202,0.201627,0.0643844,0.0311664,-0.0482065,0.0349165,0.0742425,0.492783,0.507668,0.320714,0.555032,0.643686,-0.418032,0.0162814,0.261448,0.0916166,0.748144,0.0507704,0.251183,-0.612054,88.90076306892712,3.377979945033061,-83.55989699512361,-21.303597476342837,-9.809266858450599,13.257086355977343
1.390031099319458,0.366174,0.152557,0.0641862,0.0270224,-0.0519181,0.0264675,0.0742647,0.492805,0.507617,0.321879,0.555049,0.643177,-0.417896,0.016258,0.261436,0.0916226,0.747915,0.0506251,0.251203,-0.612338
1.3909873962402344,0.366174,0.152557,0.0641862,0.0270224,-0.0519181,0.0264675,0.0742647,0.492805,0.507617,0.321879,0.555049,0.643177,-0.417896,0.016258,0.261436,0.0916226,0.747915,0.0506251,0.251203,-0.612338,88.78567119162376,3.285223982079285,-81.3764648401724,-20.897757791693387,-10.066938566361198,13.015737899203874
1.4501111507415771,0.357137,0.228913,0.0512513,0.034028,-0.0483474,0.041181,0.0742476,0.492801,0.507633,0.32117,0.555584,0.643388,-0.417406,0.0162812,0.261447,0.0916146,0.748144,0.0507874,0.251204,-0.612044
1.4510200023651123,0.357137,0.228913,0.0512513,0.034028,-0.0483474,0.041181,0.0742476,0.492801,0.507633,0.32117,0.555584,0.643388,-0.417406,0.0162812,0.261447,0.0916146,0.748144,0.0507874,0.251204,-0.612044,88.89148389760996,3.3349047343161904,-83.30463619232093,-21.374733967861644,-10.176001156410766,13.238445302484239
1.5106713771820068,0.338337,0.211469,0.0446045,0.0327108,-0.0456909,0.0372295,0.074253,0.492773,0.507639,0.321672,0.5553,0.643166,-0.417741,0.0162849,0.261446,0.0916189,0.74815,0.0507246,0.25118,-0.612052
1.5115814208984375,0.338337,0.211469,0.0446045,0.0327108,-0.0456909,0.0372295,0.074253,0.492773,0.507639,0.321672,0.5553,0.643166,-0.417741,0.0162849,0.261446,0.0916189,0.74815,0.0507246,0.25118,-0.612052,88.81836644403108,3.335799742834939,-82.18046772308223,-21.017432203039306,-10.131460591924435,13.049173750121035
1.5711023807525635,0.334166,0.196655,0.0385413,0.031176,-0.0439665,0.0344093,0.0742504,0.492801,0.507643,0.321472,0.555152,0.643567,-0.417473,0.0162601,0.261434,0.0916235,0.747935,0.0505783,0.251217,-0.612312
1.5720140933990479,0.334166,0.196655,0.0385413,0.031176,-0.0439665,0.0344093,0.0742504,0.492801,0.507643,0.321472,0.555152,0.643567,-0.417473,0.0162601,0.261434,0.0916235,0.747935,0.0505783,0.251217,-0.612312,88.86395559756808,3.2578394986307195,-82.43548166198677,-21.172826367402003,-10.141401631394615,13.15784659045105
1.6325736045837402,0.333006,0.196439,0.0775774,0.0302521,-0.0517822,0.0340768,0.0742497,0.492802,0.507638,0.321508,0.555153,0.643541,-0.417483,0.016256,0.261434,0.091621,0.747936,0.0506178,0.251202,-0.612313
1.6335265636444092,0.333006,0.196439,0.0775774,0.0302521,-0.0517822,0.0340768,0.0742497,0.492802,0.507638,0.321508,0.555153,0.643541,-0.417483,0.016256,0.261434,0.091621,0.747936,0.0506178,0.251202,-0.612313,88.85791784253398,3.259527522661978,-82.34807514499677,-21.161266366882046,-10.165567203873767,13.150752475710512
1.6938700675964355,0.363283,0.175434,0.0450401,0.029063,-0.0477721,0.0305291,0.0742499,0.4928,0.50764,0.32149,0.555152,0.643541,-0.417499,0.0162816,0.261449,0.0916163,0.748114,0.0507799,0.251134,-0.61211
1.6947777271270752,0.363283,0.175434,0.0450401,0.029063,-0.0477721,0.0305291,0.0742499,0.4928,0.50764,0.32149,0.555152,0.643541,-0.417499,0.0162816,0.261449,0.0916163,0.748114,0.0507799,0.251134,-0.61211,88.85673956318239,3.297400769516047,-82.52451398215521,-21.166543807858226,-10.250737497035766,13.13599847095912
1.7558748722076416,0.352712,0.220956,0.0643454,0.0328782,-0.0511089,0.0398059,0.074257,0.492814,0.507634,0.321398,0.555332,0.643612,-0.41722,0.0162577,0.261432,0.0916227,0.747962,0.0505876,0.251221,-0.612276
1.7568402290344238,0.352712,0.220956,0.0643454,0.0328782,-0.0511089,0.0398059,0.074257,0.492814,0.507634,0.321398,0.555332,0.643612,-0.41722,0.0162577,0.261432,0.0916227,0.747962,0.0505876,0.251221,-0.612276,88.88969012698499,3.2494377188750665,-82.81676223468087,-21.30091621910146,-10.255030531777592,13.210441328949091
1.8173596858978271,0.292702,0.246063,0.0584243,0.0348909,-0.0441541,0.0431994,0.0742528,0.492815,0.507634,0.32142,0.555363,0.643609,-0.417168,0.0162582,0.261435,0.0916236,0.747935,0.0505969,0.251198,-0.612318
1.8183221817016602,0.292702,0.246063,0.0584243,0.0348909,-0.0441541,0.0431994,0.0742528,0.492815,0.507634,0.32142,0.555363,0.643609,-0.417168,0.0162582,0.261435,0.0916236,0.747935,0.0505969,0.251198,-0.612318,88.892151678242,3.240271958715984,-82.80781400798888,-21.308018496777347,-10.277096049075464,13.209304547871938
1.8791003227233887,0.352729,0.149954,0.0582173,0.026353,-0.0495043,0.0250619,0.0742549,0.492819,0.507634,0.321372,0.555347,0.643618,-0.417212,0.0162821,0.261448,0.0916151,0.748143,0.0507645,0.251187,-0.612054
1.880058765411377,0.352729,0.149954,0.0582173,0.026353,-0.0495043,0.0250619,0.0742549,0.492819,0.507634,0.321372,0.555347,0.643618,-0.417212,0.0162821,0.261448,0.0916151,0.748143,0.0507645,0.251187,-0.612054,88.88700321560401,3.287802719257331,-82.97220988917014,-21.331679753048547,-10.34809171307453,13.216226627260209
1.9409055709838867,0.340375,0.165972,0.0577904,0.0282223,-0.0485566,0.0283424,0.0742571,0.492812,0.507624,0.321667,0.555074,0.643239,-0.417932,0.0162824,0.261449,0.0916171,0.748117,0.0507769,0.251179,-0.612088
1.9418668746948242,0.340375,0.165972,0.0577904,0.0282223,-0.0485566,0.0283424,0.0742571,0.492812,0.507624,0.321667,0.555074,0.643239,-0.417932,0.0162824,0.261449,0.0916171,0.748117,0.0507769,0.251179,-0.612088,88.80151011633274,3.337609252661383,-81.89603472807931,-20.988697596153045,-10.086750362697567,13.06144703636322
2.003491163253784,0.287348,0.154521,0.0452532,0.027215,-0.0410155,0.0247632,0.0742598,0.492803,0.507614,0.321888,0.554999,0.643148,-0.418001,0.0162597,0.261434,0.0916207,0.747969,0.0506045,0.251219,-0.612267
2.004453659057617,0.287348,0.154521,0.0452532,0.027215,-0.0410155,0.0247632,0.0742598,0.492803,0.507614,0.321888,0.554999,0.643148,-0.418001,0.0162597,0.261434,0.0916207,0.747969,0.0506045,0.251219,-0.612267,88.77779655364876,3.3021410426749638,-81.35075595505566,-20.859580065819337,-10.02264411793156,12.996745930173988
2.067091941833496,0.337516,0.200247,0.0513743,0.0312685,-0.0469933,0.0346965,0.074272,0.492819,0.50761,0.321818,0.55528,0.643216,-0.417577,0.0162829,0.261448,0.0916172,0.748133,0.0507671,0.251144,-0.612083
2.068056106567383,0.337516,0.200247,0.0513743,0.0312685,-0.0469933,0.0346965,0.074272,0.492819,0.50761,0.321818,0.55528,0.643216,-0.417577,0.0162829,0.261448,0.0916172,0.748133,0.0507671,0.251144,-0.612083,88.81441140740066,3.309377686420316,-81.97621310306366,-21.042127806322938,-10.299961369899886,13.054530227443793
2.1302969455718994,0.356119,0.208561,0.0512024,0.0322244,-0.0484991,0.0372142,0.0742508,0.492803,0.50764,0.321485,0.555168,0.64351,-0.41753,0.016259,0.261432,0.091622,0.747948,0.050591,0.25116,-0.612318
2.131270408630371,0.356119,0.208561,0.0512024,0.0322244,-0.0484991,0.0372142,0.0742508,0.492803,0.50764,0.321485,0.555168,0.64351,-0.41753,0.016259,0.261432,0.091622,0.747948,0.050591,0.25116,-0.612318,88.86292155923972,3.26673273827119,-82.46523023503197,-21.141510998898617,-10.13690959454034,13.138560788864641
2.194122314453125,0.372064,0.174079,0.0645212,0.0284919,-0.0527614,0.030699,0.0742495,0.492816,0.507627,0.320841,0.555467,0.644012,-0.416853,0.0162605,0.261435,0.0916213,0.747937,0.0505999,0.251184,-0.612321
2.1950862407684326,0.372064,0.174079,0.0645212,0.0284919,-0.0527614,0.030699,0.0742495,0.492816,0.507627,0.320841,0.555467,0.644012,-0.416853,0.0162605,0.261435,0.0916213,0.747937,0.0505999,0.251184,-0.612321,88.98049621889717,3.228726504654471,-84.1380475059996,-21.649763889307515,-10.295117625940588,13.367746636404984
2.2769312858581543,0.364702,0.189519,0.0387603,0.0303132,-0.0463744,0.0334981,0.0742695,0.492799,0.50763,0.321795,0.555289,0.643467,-0.417196,0.0162597,0.261435,0.0916219,0.747939,0.0506071,0.251204,-0.61231
2.2778868675231934,0.364702,0.189519,0.0387603,0.0303132,-0.0463744,0.0334981,0.0742695,0.492799,0.50763,0.321795,0.555289,0.643467,-0.417196,0.0162597,0.261435,0.0916219,0.747939,0.0506071,0.251204,-0.61231,88.84738373951001,3.2283968198247006,-82.04876540427476,-21.13410298942395,-10.368613887059357,13.108486885085032
2.3409600257873535,0.397312,0.228455,0.0315003,0.0344411,-0.0484388,0.042161,0.0742577,0.492818,0.507632,0.321377,0.555376,0.643603,-0.417192,0.0162576,0.261434,0.0916213,0.747934,0.0506055,0.251187,-0.612323
2.341921806335449,0.397312,0.228455,0.0315003,0.0344411,-0.0484388,0.042161,0.0742577,0.492818,0.507632,0.321377,0.555376,0.643603,-0.417192,0.0162576,0.261434,0.0916213,0.747934,0.0506055,0.251187,-0.612323,88.89553288573782,3.245201164266095,-82.88519141242429,-21.318352045925312,-10.265245334368073,13.21799584476534
2.4049479961395264,0.406708,0.235662,0.0578363,0.0341807,-0.0546243,0.0439131,0.0742571,0.492831,0.507612,0.321009,0.555411,0.643699,-0.41728,0.0162586,0.261436,0.0916216,0.747937,0.0506065,0.251187,-0.612319
2.405916452407837,0.406708,0.235662,0.0578363,0.0341807,-0.0546243,0.0439131,0.0742571,0.492831,0.507612,0.321009,0.555411,0.643699,-0.41728,0.0162586,0.261436,0.0916216,0.747937,0.0506065,0.251187,-0.612319,88.92984778463264,3.2691217323747632,-83.53592786727884,-21.46899401433614,-10.143561513237668,13.289267599105742
2.4689693450927734,0.377624,0.19158,0.0515741,0.0302713,-0.0505054,0.0341956,0.0742559,0.492794,0.507631,0.321686,0.555158,0.643447,-0.417484,0.0162578,0.261436,0.0916192,0.747933,0.0506417,0.251208,-0.612312
2.469935894012451,0.377624,0.19158,0.0515741,0.0302713,-0.0505054,0.0341956,0.0742559,0.492794,0.507631,0.321686,0.555158,0.643447,-0.417484,0.0162578,0.261436,0.0916192,0.747933,0.0506417,0.251208,-0.612312,88.83581753223329,3.2554527856506383,-81.9902090189252,-21.093056102340228,-10.2129254076673,13.105690940805172
2.5334665775299072,0.353565,0.166875,0.0578122,0.0282981,-0.0494931,0.0287411,0.0742595,0.492792,0.507661,0.321082,0.554844,0.643842,-0.417759,0.0162587,0.261435,0.091622,0.747937,0.0506134,0.251175,-0.612323
2.5344269275665283,0.353565,0.166875,0.0578122,0.0282981,-0.0494931,0.0287411,0.0742595,0.492792,0.507661,0.321082,0.554844,0.643842,-0.417759,0.0162587,0.261435,0.091622,0.747937,0.0506134,0.251175,-0.612323,88.88860751299029,3.280057642222521,-82.86854800325493,-21.20543932765785,-9.973714742651683,13.203214399784574
2.5978951454162598,0.385221,0.181641,0.0513362,0.0296086,-0.0510133,0.0321877,0.0742552,0.492816,0.507633,0.321332,0.555378,0.643601,-0.417227,0.0162809,0.261449,0.091614,0.748143,0.0507685,0.251199,-0.612049
2.5988705158233643,0.385221,0.181641,0.0513362,0.0296086,-0.0510133,0.0321877,0.0742552,0.492816,0.507633,0.321332,0.555378,0.643601,-0.417227,0.0162809,0.261449,0.091614,0.748143,0.0507685,0.251199,-0.612049,88.88886742019866,3.2933936108318136,-83.03306485779171,-21.3470542846051,-10.327801636172106,13.223935721450776
2.662478446960449,0.2917,0.23141,0.0647402,0.03359,-0.0455972,0.0403788,0.0742506,0.492815,0.507615,0.321393,0.555462,0.643023,-0.41796,0.0162817,0.261449,0.0916161,0.748143,0.0507516,0.251211,-0.612045
2.663439989089966,0.2917,0.23141,0.0647402,0.03359,-0.0455972,0.0403788,0.0742506,0.492815,0.507615,0.321393,0.555462,0.643023,-0.41796,0.0162817,0.261449,0.0916161,0.748143,0.0507516,0.251211,-0.612045,88.82806005535954,3.3815883954352564,-82.57411454040776,-21.126240778899337,-9.958801290027804,13.125449568020496
2.727385997772217,0.379242,0.164707,0.0642473,0.0278799,-0.0532239,0.0285427,0.0742374,0.492791,0.507641,0.321227,0.555402,0.643288,-0.417759,0.0162807,0.261449,0.0916143,0.748128,0.0507805,0.251181,-0.612074
2.7283525466918945,0.379242,0.164707,0.0642473,0.0278799,-0.0532239,0.0285427,0.0742374,0.492791,0.507641,0.321227,0.555402,0.643288,-0.417759,0.0162807,0.261449,0.0916143,0.748128,0.0507805,0.251181,-0.612074,88.86206963544595,3.356740111213023,-82.93957270640138,-21.220315250717018,-10.017370554098392,13.176479557181608
2.7919721603393555,0.311873,0.195755,0.0581462,0.030646,-0.0459473,0.0338049,0.0742478,0.492806,0.507639,0.321455,0.555161,0.643541,-0.417514,0.016257,0.261436,0.0916216,0.747944,0.050579,0.251193,-0.612311
2.792937755584717,0.311873,0.195755,0.0581462,0.030646,-0.0459473,0.0338049,0.0742478,0.492806,0.507639,0.321455,0.555161,0.643541,-0.417514,0.016257,0.261436,0.0916216,0.747944,0.050579,0.251193,-0.612311,88.86512418176318,3.264754595316181,-82.48977640693245,-21.16462783803466,-10.125743983061486,13.152121000263154
2.856203317642212,0.346281,0.193193,0.0644903,0.0301946,-0.0506913,0.0337201,0.0742545,0.4928,0.507636,0.321635,0.555175,0.643506,-0.41741,0.0162802,0.26145,0.0916149,0.748113,0.0508216,0.251197,-0.612082
2.8572001457214355,0.346281,0.193193,0.0644903,0.0301946,-0.0506913,0.0337201,0.0742545,0.4928,0.507636,0.321635,0.555175,0.643506,-0.41741,0.0162802,0.26145,0.0916149,0.748113,0.0508216,0.251197,-0.612082,88.83838407360616,3.2875434423255694,-82.20095150117557,-21.15949742477439,-10.331911773127853,13.133087544903667
2.9207875728607178,0.353216,0.157595,0.0383022,0.0277127,-0.046129,0.0266913,0.07425,0.492803,0.507665,0.320874,0.554841,0.64394,-0.417772,0.0162576,0.261438,0.0916204,0.74795,0.0506105,0.251218,-0.612289
2.92177414894104,0.353216,0.157595,0.0383022,0.0277127,-0.046129,0.0266913,0.07425,0.492803,0.507665,0.320874,0.554841,0.64394,-0.417772,0.0162576,0.261438,0.0916204,0.74795,0.0506105,0.251218,-0.612289,88.9071795878631,3.2904312495946404,-83.20536073173052,-21.298658196747084,-9.909143081423625,13.266811255933371
2.9855399131774902,0.344516,0.169388,0.0511235,0.0287515,-0.0476984,0.0288702,0.074239,0.492787,0.507643,0.321278,0.555408,0.643272,-0.417735,0.0162571,0.261431,0.0916238,0.747908,0.050599,0.251143,-0.612373
2.9865059852600098,0.344516,0.169388,0.0511235,0.0287515,-0.0476984,0.0288702,0.074239,0.492787,0.507643,0.321278,0.555408,0.643272,-0.417735,0.0162571,0.261431,0.0916238,0.747908,0.050599,0.251143,-0.612373,88.87069129235604,3.3071445483609248,-82.81663345645089,-21.174209344346032,-9.943582336355966,13.157697206657183
3.0510413646698,0.359545,0.183808,0.0449012,0.0300268,-0.0472825,0.032386,0.0742575,0.492818,0.50763,0.321394,0.555337,0.643596,-0.417242,0.01626,0.261434,0.0916206,0.747942,0.050614,0.251253,-0.612285
3.052011728286743,0.359545,0.183808,0.0449012,0.0300268,-0.0472825,0.032386,0.0742575,0.492818,0.50763,0.321394,0.555337,0.643596,-0.417242,0.01626,0.261434,0.0916206,0.747942,0.050614,0.251253,-0.612285,88.88347952524593,3.2507170509496963,-82.72538621634159,-21.314596313576054,-10.238688484439496,13.22451900494273
3.117002010345459,0.371046,0.153727,0.0644723,0.0266882,-0.0529131,0.0267321,0.0742587,0.492796,0.507629,0.321677,0.555159,0.643469,-0.417457,0.0162851,0.261451,0.0916117,0.748172,0.0507737,0.251221,-0.612004
3.1179394721984863,0.371046,0.153727,0.0644723,0.0266882,-0.0529131,0.0267321,0.0742587,0.492796,0.507629,0.321677,0.555159,0.643469,-0.417457,0.0162851,0.261451,0.0916117,0.748172,0.0507737,0.251221,-0.612004,88.83219914496628,3.2992859066618565,-82.17863843995195,-21.120808565739765,-10.315101202945094,13.103819146281623
3.1822049617767334,0.321236,0.209621,0.0712754,0.0314264,-0.0494481,0.036647,0.0742757,0.492798,0.507659,0.321195,0.555024,0.64382,-0.417467,0.0162871,0.261453,0.0916166,0.748138,0.0507865,0.251135,-0.61208
3.1831254959106445,0.321236,0.209621,0.0712754,0.0314264,-0.0494481,0.036647,0.0742757,0.492798,0.507659,0.321195,0.555024,0.64382,-0.417467,0.0162871,0.261453,0.0916166,0.748138,0.0507865,0.251135,-0.61208,88.89205253260185,3.297143812792682,-83.03852326220328,-21.267047615660793,-10.2398236921392,13.201801295668444
3.2475597858428955,0.389345,0.238002,0.0512744,0.0346165,-0.0518615,0.0440768,0.0742511,0.492789,0.507662,0.320868,0.554814,0.643918,-0.417846,0.0162818,0.261439,0.0916141,0.748173,0.0507528,0.251195,-0.612015
3.2485201358795166,0.389345,0.238002,0.0512744,0.0346165,-0.0518615,0.0440768,0.0742511,0.492789,0.507662,0.320868,0.554814,0.643918,-0.417846,0.0162818,0.261439,0.0916141,0.748173,0.0507528,0.251195,-0.612015,88.89832826983766,3.3406068578382233,-83.3198736947154,-21.287803778826834,-9.972092570756587,13.24518922683669
3.3298912048339844,0.359889,0.211585,0.0640713,0.0322662,-0.0515713,0.0376497,0.0742646,0.492798,0.50762,0.32169,0.5553,0.643501,-0.417211,0.0162592,0.261428,0.0916196,0.747924,0.0506077,0.251224,-0.61232
3.3308606147766113,0.359889,0.211585,0.0640713,0.0322662,-0.0515713,0.0376497,0.0742646,0.492798,0.50762,0.32169,0.5553,0.643501,-0.417211,0.0162592,0.261428,0.0916196,0.747924,0.0506077,0.251224,-0.61232,88.8558416549083,3.2318044166059794,-82.196654103888,-21.190436308382175,-10.327406067823919,13.138665117873764
3.3966269493103027,0.323644,0.182573,0.0644483,0.0294716,-0.0482814,0.0312346,0.0742715,0.492794,0.507628,0.321827,0.555303,0.643408,-0.417244,0.0162614,0.261431,0.0916237,0.747949,0.0505594,0.251207,-0.6123
3.397601842880249,0.323644,0.182573,0.0644483,0.0294716,-0.0482814,0.0312346,0.0742715,0.492794,0.507628,0.321827,0.555303,0.643408,-0.417244,0.0162614,0.261431,0.0916237,0.747949,0.0505594,0.251207,-0.6123,88.84336413156988,3.2339442527233584,-82.0248837128755,-21.09974901814269,-10.336754404633698,13.085542489275888
3.462859869003296,0.32287,0.188448,0.0903133,0.0295378,-0.0534579,0.0321404,0.0742574,0.492812,0.507622,0.321703,0.555023,0.643255,-0.417948,0.0162599,0.261434,0.0916227,0.74794,0.0506149,0.25121,-0.612305
3.4638383388519287,0.32287,0.188448,0.0903133,0.0295378,-0.0534579,0.0321404,0.0742574,0.492812,0.507622,0.321703,0.555023,0.643255,-0.417948,0.0162599,0.261434,0.0916227,0.74794,0.0506149,0.25121,-0.612305,88.80194825387399,3.2983794360065475,-81.68815218091484,-20.954842674744658,-10.00063226881057,13.05713325731394
3.529437303543091,0.352129,0.147091,0.0577274,0.0265451,-0.0495994,0.0246259,0.0742525,0.492802,0.50764,0.321491,0.555161,0.643553,-0.417468,0.0162598,0.261433,0.0916237,0.74794,0.0505979,0.251169,-0.612324
3.5303986072540283,0.352129,0.147091,0.0577274,0.0265451,-0.0495994,0.0246259,0.0742525,0.492802,0.50764,0.321491,0.555161,0.643553,-0.417468,0.0162598,0.261433,0.0916237,0.74794,0.0505979,0.251169,-0.612324,88.8653977209542,3.2579856097219473,-82.45596637581455,-21.16154545075777,-10.168604272681234,13.145153362991657
3.5961050987243652,0.32655,0.218952,0.0319374,0.0333823,-0.0420653,0.0386534,0.0742515,0.492802,0.507641,0.321491,0.555166,0.643527,-0.417502,0.0162581,0.261434,0.0916224,0.747922,0.0506072,0.251189,-0.612336
3.597066879272461,0.32655,0.218952,0.0319374,0.0333823,-0.0420653,0.0386534,0.0742515,0.492802,0.507641,0.321491,0.555166,0.643527,-0.417502,0.0162581,0.261434,0.0916224,0.747922,0.0506072,0.251189,-0.612336,88.8601435573118,3.260023549343009,-82.38516636660988,-21.157398393220348,-10.14501608583022,13.150319658138924
3.662557601928711,0.327199,0.238912,0.0515222,0.0346987,-0.0458443,0.0425282,0.0742517,0.492801,0.507642,0.321486,0.555184,0.643505,-0.417515,0.0162847,0.261447,0.0916174,0.74818,0.0507494,0.251182,-0.612012
3.66347599029541,0.327199,0.238912,0.0515222,0.0346987,-0.0458443,0.0425282,0.0742517,0.492801,0.507642,0.321486,0.555184,0.643505,-0.417515,0.0162847,0.261447,0.0916174,0.74818,0.0507494,0.251182,-0.612012,88.85449490873347,3.3129212972087494,-82.58675673847135,-21.168083359897004,-10.237547734349757,13.138019695049511
3.7281224727630615,0.356851,0.224372,0.0576785,0.0334075,-0.0502505,0.0403336,0.0742409,0.49279,0.507639,0.321261,0.555421,0.643301,-0.417687,0.0162609,0.261434,0.0916216,0.74794,0.0505976,0.251215,-0.612305
3.7290401458740234,0.356851,0.224372,0.0576785,0.0334075,-0.0502505,0.0403336,0.0742409,0.49279,0.507639,0.321261,0.555421,0.643301,-0.417687,0.0162609,0.261434,0.0916216,0.74794,0.0505976,0.251215,-0.612305,88.86997828084472,3.3100123115019118,-82.82949658919881,-21.214731852007887,-9.95571762255856,13.179676937541661
3.7936370372772217,0.393772,0.177815,0.0507913,0.0297168,-0.0521672,0.0320137,0.0742698,0.492828,0.507615,0.321786,0.555213,0.643252,-0.417635,0.0162863,0.261452,0.0916176,0.748199,0.0507425,0.251189,-0.611987
3.794569492340088,0.393772,0.177815,0.0507913,0.0297168,-0.0521672,0.0320137,0.0742698,0.492828,0.507615,0.321786,0.555213,0.643252,-0.417635,0.0162863,0.261452,0.0916176,0.748199,0.0507425,0.251189,-0.611987,88.81232276763028,3.3232860159430686,-82.01839170170123,-21.03685008835984,-10.26899617987332,13.061038851574313
3.859726905822754,0.315642,0.198779,0.0710153,0.0306879,-0.0490194,0.0342404,0.0742607,0.492795,0.507611,0.321926,0.555,0.643131,-0.417996,0.0162577,0.261431,0.091618,0.747933,0.0506419,0.251254,-0.612293
3.8606772422790527,0.315642,0.198779,0.0710153,0.0306879,-0.0490194,0.0342404,0.0742607,0.492795,0.507611,0.321926,0.555,0.643131,-0.417996,0.0162577,0.261431,0.091618,0.747933,0.0506419,0.251254,-0.612293,88.76760347071883,3.296641185934603,-81.16460913963657,-20.86169381738236,-10.03016124727367,13.002888735709105
3.9297218322753906,0.32618,0.21856,0.0514733,0.032895,-0.0459959,0.0385613,0.0742616,0.492802,0.507624,0.321634,0.555289,0.643515,-0.417245,0.016283,0.261439,0.0916127,0.748176,0.0507813,0.251204,-0.612006
3.93070387840271,0.32618,0.21856,0.0514733,0.032895,-0.0459959,0.0385613,0.0742616,0.492802,0.507624,0.321634,0.555289,0.643515,-0.417245,0.016283,0.261439,0.0916127,0.748176,0.0507813,0.251204,-0.612006,88.85332394305655,3.286423516085641,-82.4499780814446,-21.217393776206016,-10.41356436649601,13.145830536132248
3.9977152347564697,0.337253,0.182908,0.0645064,0.0294967,-0.0492633,0.0317816,0.0742559,0.492794,0.507635,0.32168,0.555152,0.643446,-0.417499,0.0162577,0.261432,0.0916237,0.747933,0.0505716,0.251158,-0.612338
3.9986846446990967,0.337253,0.182908,0.0645064,0.0294967,-0.0492633,0.0317816,0.0742559,0.492794,0.507635,0.32168,0.555152,0.643446,-0.417499,0.0162577,0.261432,0.0916237,0.747933,0.0505716,0.251158,-0.612338,88.8448059287704,3.253051123874059,-82.11750628295371,-21.064757430569028,-10.191195210857709,13.08475762716968
4.066316366195679,0.370965,0.143289,0.0321704,0.0262206,-0.0463544,0.0243834,0.0742519,0.492799,0.507637,0.32147,0.555192,0.643541,-0.417462,0.0162585,0.261431,0.0916205,0.747932,0.0506198,0.251187,-0.612323
4.067287445068359,0.370965,0.143289,0.0321704,0.0262206,-0.0463544,0.0243834,0.0742519,0.492799,0.507637,0.32147,0.555192,0.643541,-0.417462,0.0162585,0.261431,0.0916205,0.747932,0.0506198,0.251187,-0.612323,88.8648286775249,3.260185733760773,-82.46121677326532,-21.18288485521051,-10.165827133475583,13.15898039169511
4.134486436843872,0.34954,0.238852,0.0514892,0.0346907,-0.0478395,0.0431888,0.0742403,0.49279,0.507638,0.321291,0.555365,0.643291,-0.417754,0.0162595,0.261433,0.0916192,0.747939,0.050627,0.251212,-0.612304
4.135455369949341,0.34954,0.238852,0.0514892,0.0346907,-0.0478395,0.0431888,0.0742403,0.49279,0.507638,0.321291,0.555365,0.643291,-0.417754,0.0162595,0.261433,0.0916192,0.747939,0.050627,0.251212,-0.612304,88.86012941075508,3.3137030332116453,-82.6879392055512,-21.18418962418244,-9.946912935830921,13.170801306354829
4.202669382095337,0.353326,0.229518,0.0712003,0.033189,-0.052305,0.0413881,0.0742549,0.492794,0.507617,0.321695,0.555286,0.642923,-0.418115,0.0162851,0.261447,0.0916161,0.748155,0.0507694,0.251156,-0.612051
4.203641176223755,0.353326,0.229518,0.0712003,0.033189,-0.052305,0.0413881,0.0742549,0.492794,0.507617,0.321695,0.555286,0.642923,-0.418115,0.0162851,0.261447,0.0916161,0.748155,0.0507694,0.251156,-0.612051,88.78758785693569,3.379291109978927,-81.94089379423343,-20.923991349285274,-9.985168008364491,13.013019087768694
4.271853923797607,0.309932,0.198745,0.0706573,0.0311234,-0.0479336,0.0336792,0.0742435,0.492795,0.507638,0.321505,0.55514,0.64353,-0.41752,0.0162789,0.261394,0.0916343,0.748582,0.0502459,0.251495,-0.611433
4.272822618484497,0.309932,0.198745,0.0706573,0.0311234,-0.0479336,0.0336792,0.0742435,0.492795,0.507638,0.321505,0.55514,0.64353,-0.41752,0.0162789,0.261394,0.0916343,0.748582,0.0502459,0.251495,-0.611433,88.86289262427933,3.365779373328982,-83.07678911949323,-21.142415997939118,-10.139810850890198,13.108884470949675
4.365650653839111,0.377741,0.198829,0.0511953,0.0311437,-0.0510608,0.0357328,0.0742613,0.492786,0.507638,0.321863,0.555081,0.643379,-0.417556,0.0162599,0.261432,0.0916221,0.74796,0.0506063,0.251218,-0.612278
4.366624593734741,0.377741,0.198829,0.0511953,0.0311437,-0.0510608,0.0357328,0.0742613,0.492786,0.507638,0.321863,0.555081,0.643379,-0.417556,0.0162599,0.261432,0.0916221,0.74796,0.0506063,0.251218,-0.612278,88.81292692275274,3.2563223343024985,-81.64413562719704,-20.981209314448865,-10.219836030206043,13.049751228285693
4.4351325035095215,0.320202,0.201627,0.0643844,0.0311664,-0.0482065,0.0349165,0.0742516,0.492808,0.50764,0.321478,0.555203,0.643539,-0.417443,0.0162846,0.261452,0.0916174,0.748147,0.0507591,0.251201,-0.612044
4.436101675033569,0.320202,0.201627,0.0643844,0.0311664,-0.0482065,0.0349165,0.0742516,0.492808,0.50764,0.321478,0.555203,0.643539,-0.417443,0.0162846,0.261452,0.0916174,0.748147,0.0507591,0.251201,-0.612044,88.85770942710964,3.301393730085946,-82.57639070963111,-21.205223058784327,-10.25961131142988,13.158261523168647
4.504846811294556,0.30232,0.202985,0.0645304,0.0312833,-0.0461345,0.0345408,0.0742684,0.492825,0.507611,0.321789,0.555212,0.643219,-0.417686,0.0162379,0.261449,0.0915965,0.748163,0.0492772,0.252477,-0.61162
4.50582480430603,0.30232,0.202985,0.0645304,0.0312833,-0.0461345,0.0345408,0.0742684,0.492825,0.507611,0.321789,0.555212,0.643219,-0.417686,0.0162379,0.261449,0.0915965,0.748163,0.0492772,0.252477,-0.61162,88.78712052908742,3.292564844884304,-81.68635829094545,-20.999877796486466,-9.495519891208605,13.129604105347493
4.5733702182769775,0.361729,0.225102,0.0578273,0.0334657,-0.0502191,0.0407669,0.0742573,0.49282,0.507625,0.321643,0.555085,0.643242,-0.417931,0.0162617,0.261439,0.0916215,0.74794,0.0505874,0.251238,-0.612296
4.574291229248047,0.361729,0.225102,0.0578273,0.0334657,-0.0502191,0.0407669,0.0742573,0.49282,0.507625,0.321643,0.555085,0.643242,-0.417931,0.0162617,0.261439,0.0916215,0.74794,0.0505874,0.251238,-0.612296,88.80895600452435,3.302261591998795,-81.82645426343402,-20.987574293875376,-9.971456520343096,13.08027726093248
4.642675161361694,0.320422,0.260073,0.0449903,0.0368037,-0.044034,0.047069,0.07426,0.492782,0.507632,0.321924,0.555061,0.643342,-0.417592,0.0162832,0.261446,0.0916125,0.748181,0.0507651,0.251236,-0.611987
4.643599271774292,0.320422,0.260073,0.0449903,0.0368037,-0.044034,0.047069,0.07426,0.492782,0.507632,0.321924,0.555061,0.643342,-0.417592,0.0162832,0.261446,0.0916125,0.748181,0.0507651,0.251236,-0.611987,88.79434255965474,3.302007663046841,-81.61567300260819,-20.96749769927569,-10.31051422080959,13.028032231252567
4.711122512817383,0.314392,0.181986,0.0712473,0.0291859,-0.0479587,0.0305816,0.0742546,0.49277,0.507629,0.321979,0.555004,0.643349,-0.417615,0.0162594,0.261429,0.0916167,0.747952,0.0506148,0.25127,-0.612267
4.712045669555664,0.314392,0.181986,0.0712473,0.0291859,-0.0479587,0.0305816,0.0742546,0.49277,0.507629,0.321979,0.555004,0.643349,-0.417615,0.0162594,0.261429,0.0916167,0.747952,0.0506148,0.25127,-0.612267,88.79035994275736,3.2540329187596533,-81.28107706878099,-20.92600281003452,-10.206467629363576,13.01983561949418
4.78083062171936,0.43327,0.190812,0.0704682,0.0301881,-0.0593219,0.0349425,0.0742492,0.492808,0.507638,0.321455,0.55519,0.643573,-0.417426,0.0162564,0.261443,0.0916182,0.747945,0.0506354,0.251188,-0.612307
4.781757831573486,0.43327,0.190812,0.0704682,0.0301881,-0.0593219,0.0349425,0.0742492,0.492808,0.507638,0.321455,0.55519,0.643573,-0.417426,0.0162564,0.261443,0.0916182,0.747945,0.0506354,0.251188,-0.612307,88.86817826275195,3.2591136303878123,-82.50642932967565,-21.198575624765578,-10.187759571781108,13.166553905352373
4.850226402282715,0.330822,0.155145,0.0646513,0.0268131,-0.0488458,0.0256959,0.0742352,0.492789,0.507633,0.321327,0.555347,0.643259,-0.417799,0.0162837,0.261449,0.0916142,0.748185,0.0507304,0.25122,-0.611992
4.851149797439575,0.330822,0.155145,0.0646513,0.0268131,-0.0488458,0.0256959,0.0742352,0.492789,0.507633,0.321327,0.555347,0.643259,-0.417799,0.0162837,0.261449,0.0916142,0.748185,0.0507304,0.25122,-0.611992,88.848712420547,3.363111740294017,-82.77767701498064,-21.166989434290656,-10.013923856677438,13.139123167701952
4.919332265853882,0.381213,0.191173,0.0639894,0.0304546,-0.0537183,0.0343435,0.0742574,0.492814,0.507621,0.3212,0.555465,0.643804,-0.416901,0.0162802,0.261448,0.091612,0.748158,0.0507709,0.251195,-0.612031
4.920315504074097,0.381213,0.191173,0.0639894,0.0304546,-0.0537183,0.0343435,0.0742574,0.492814,0.507621,0.3212,0.555465,0.643804,-0.416901,0.0162802,0.261448,0.091612,0.748158,0.0507709,0.251195,-0.612031,88.9277251724938,3.268872245705112,-83.52156012576933,-21.509176378264034,-10.46199004193488,13.280112871291063
4.989579439163208,0.340103,0.235274,0.0579713,0.034154,-0.0486839,0.0420795,0.0742511,0.49282,0.507633,0.321387,0.555325,0.643618,-0.41723,0.0162556,0.261437,0.0916183,0.747933,0.0506332,0.251235,-0.612302
4.990518808364868,0.340103,0.235274,0.0579713,0.034154,-0.0486839,0.0420795,0.0742511,0.49282,0.507633,0.321387,0.555325,0.643618,-0.41723,0.0162556,0.261437,0.0916183,0.747933,0.0506332,0.251235,-0.612302,88.88542828642697,3.2474433670904754,-82.73290369530193,-21.31624969795072,-10.248872759998026,13.229118329857764
5.060142993927002,0.362683,0.17257,0.0445504,0.0292551,-0.0478673,0.030093,0.0742613,0.492801,0.50765,0.32101,0.555002,0.643898,-0.417519,0.0162829,0.261448,0.0916126,0.748163,0.0507305,0.251152,-0.612047
5.061108350753784,0.362683,0.17257,0.0445504,0.0292551,-0.0478673,0.030093,0.0742613,0.492801,0.50765,0.32101,0.555002,0.643898,-0.417519,0.0162829,0.261448,0.0916126,0.748163,0.0507305,0.251152,-0.612047,88.91145682617719,3.3092586339313725,-83.39701689893613,-21.328528749636373,-10.1536539111481,13.23444465373997
5.130939960479736,0.287347,0.172578,0.0447764,0.0292615,-0.0409136,0.0281459,0.0742548,0.492819,0.50762,0.321685,0.55504,0.643255,-0.417937,0.0162407,0.261457,0.0915904,0.748166,0.0493044,0.252523,-0.611595
5.131896734237671,0.287347,0.172578,0.0447764,0.0292615,-0.0409136,0.0281459,0.0742548,0.492819,0.50762,0.321685,0.55504,0.643255,-0.417937,0.0162407,0.261457,0.0915904,0.748166,0.0493044,0.252523,-0.611595,88.77452833420192,3.314362252252894,-81.58791343820832,-20.9625813713782,-9.34658657657741,13.136629864838742
5.201701402664185,0.321036,0.286691,0.0513683,0.0391608,-0.0451282,0.0520337,0.074246,0.492815,0.507627,0.321385,0.555335,0.64305,-0.418092,0.0162603,0.261442,0.0916234,0.747943,0.050606,0.251191,-0.61231
5.202663898468018,0.321036,0.286691,0.0513683,0.0391608,-0.0451282,0.0520337,0.074246,0.492815,0.507627,0.321385,0.555335,0.64305,-0.418092,0.0162603,0.261442,0.0916234,0.747943,0.050606,0.251191,-0.61231,88.82832759363443,3.346967340788531,-82.37657621693127,-21.05141535016603,-9.812658931037475,13.11049921239712
5.2726569175720215,0.342494,0.202527,0.0447794,0.0316964,-0.0462258,0.0355208,0.0742471,0.492815,0.507639,0.321444,0.555184,0.643581,-0.41743,0.0162814,0.261455,0.091612,0.748148,0.0507841,0.2512,-0.612041
5.2736265659332275,0.342494,0.202527,0.0447794,0.0316964,-0.0462258,0.0355208,0.0742471,0.492815,0.507639,0.321444,0.555184,0.643581,-0.41743,0.0162814,0.261455,0.091612,0.748148,0.0507841,0.2512,-0.612041,88.86091773151318,3.3006211541629247,-82.6154025204945,-21.225817229731202,-10.268908055964324,13.176363275388876
5.368363380432129,0.350124,0.185929,0.0577483,0.0299929,-0.0494183,0.032423,0.0742576,0.492833,0.507615,0.321557,0.555276,0.643337,-0.417597,0.0162876,0.261448,0.0916121,0.748146,0.0507585,0.251146,-0.612068
5.369372367858887,0.350124,0.185929,0.0577483,0.0299929,-0.0494183,0.032423,0.0742576,0.492833,0.507615,0.321557,0.555276,0.643337,-0.417597,0.0162876,0.261448,0.0916121,0.748146,0.0507585,0.251146,-0.612068,88.84258318141889,3.3207789654772513,-82.45560495094419,-21.14539809175338,-10.216575805913987,13.127058278841158
5.440215826034546,0.346599,0.209132,0.0707933,0.0318209,-0.0513709,0.0368601,0.0742542,0.492808,0.507618,0.321462,0.555276,0.643583,-0.41729,0.0162872,0.261447,0.0916048,0.748179,0.0507929,0.251271,-0.611974
5.441184043884277,0.346599,0.209132,0.0707933,0.0318209,-0.0513709,0.0368601,0.0742542,0.492808,0.507618,0.321462,0.555276,0.643583,-0.41729,0.0162872,0.261447,0.0916048,0.748179,0.0507929,0.251271,-0.611974,88.862214598572,3.2980011239264124,-82.64256255864979,-21.295052443173788,-10.334688420651018,13.1974176229186
5.511646270751953,0.289484,0.196775,0.0386073,0.0311919,-0.039976,0.0330879,0.0742486,0.492798,0.507644,0.321466,0.555189,0.643502,-0.417528,0.0162846,0.261438,0.0916165,0.748162,0.0507223,0.25111,-0.612065
5.512614488601685,0.289484,0.196775,0.0386073,0.0311919,-0.039976,0.0330879,0.0742486,0.492798,0.507644,0.321466,0.555189,0.643502,-0.417528,0.0162846,0.261438,0.0916165,0.748162,0.0507223,0.25111,-0.612065,88.86399539697085,3.3097184266619304,-82.71126592114624,-21.1504691306799,-10.223385759914787,13.128258444542723
5.582048416137695,0.355348,0.196379,0.0775444,0.0302441,-0.0537775,0.0347374,0.0742626,0.492824,0.507623,0.32124,0.555536,0.643831,-0.416732,0.0162905,0.261447,0.0916141,0.748134,0.050767,0.251147,-0.612082
5.583008289337158,0.355348,0.196379,0.0775444,0.0302441,-0.0537775,0.0347374,0.0742626,0.492824,0.507623,0.32124,0.555536,0.643831,-0.416732,0.0162905,0.261447,0.0916141,0.748134,0.050767,0.251147,-0.612082,88.93985116512464,3.248190794682672,-83.6148053927559,-21.54120895137929,-10.544739728345416,13.29086864975076
5.652081727981567,0.339355,0.213764,0.0451301,0.032468,-0.045641,0.0378138,0.0742579,0.492792,0.507625,0.32173,0.5551,0.64344,-0.41754,0.0162647,0.261433,0.0916165,0.747967,0.050604,0.251212,-0.612272
5.6529951095581055,0.339355,0.213764,0.0451301,0.032468,-0.045641,0.0378138,0.0742579,0.492792,0.507625,0.32173,0.5551,0.64344,-0.41754,0.0162647,0.261433,0.0916165,0.747967,0.050604,0.251212,-0.612272,88.82968301307318,3.260699326045168,-81.92368442209722,-21.05067795097513,-10.194042949359174,13.080021139311828
5.722444295883179,0.346986,0.197166,0.0580993,0.0307645,-0.0488336,0.0347158,0.0742424,0.492799,0.507633,0.321531,0.555065,0.64353,-0.417599,0.016263,0.261433,0.0916189,0.747984,0.0505648,0.251179,-0.612268
5.7233922481536865,0.346986,0.197166,0.0580993,0.0307645,-0.0488336,0.0347158,0.0742424,0.492799,0.507633,0.321531,0.555065,0.64353,-0.417599,0.016263,0.261433,0.0916189,0.747984,0.0505648,0.251179,-0.612268,88.85346883249612,3.2713689352779025,-82.33732374608492,-21.09795836366567,-10.110137640852228,13.111167262008223
5.793575286865234,0.315716,0.188491,0.0514043,0.0304441,-0.0446742,0.0325076,0.0742627,0.492826,0.50764,0.321361,0.555442,0.64365,-0.417045,0.0162686,0.261388,0.0916414,0.748337,0.0501225,0.251452,-0.611761
5.794496059417725,0.315716,0.188491,0.0514043,0.0304441,-0.0446742,0.0325076,0.0742627,0.492826,0.50764,0.321361,0.555442,0.64365,-0.417045,0.0162686,0.261388,0.0916414,0.748337,0.0501225,0.251452,-0.611761,88.92185575108483,3.289665184489384,-83.62594722656755,-21.347279946335,-10.236493468256425,13.217021283545954
5.866257905960083,0.324494,0.25528,0.0582742,0.0359225,-0.0465963,0.0461157,0.0742533,0.492814,0.507655,0.320803,0.554998,0.644007,-0.417514,0.0162576,0.261426,0.0916171,0.747965,0.0505782,0.251212,-0.612276
5.867217540740967,0.324494,0.25528,0.0582742,0.0359225,-0.0465963,0.0461157,0.0742533,0.492814,0.507655,0.320803,0.554998,0.644007,-0.417514,0.0162576,0.261426,0.0916171,0.747965,0.0505782,0.251212,-0.612276,88.93658104940191,3.2756345367757183,-83.61302785536662,-21.41857252909622,-10.008130781568102,13.319397380647217
5.938452959060669,0.347488,0.210506,0.0445493,0.032627,-0.0467497,0.0374914,0.0742638,0.492793,0.507638,0.321883,0.55505,0.643395,-0.417558,0.0162916,0.261442,0.0916136,0.748209,0.0507241,0.25119,-0.611975
5.939419507980347,0.347488,0.210506,0.0445493,0.032627,-0.0467497,0.0374914,0.0742638,0.492793,0.507638,0.321883,0.55505,0.643395,-0.417558,0.0162916,0.261442,0.0916136,0.748209,0.0507241,0.25119,-0.611975,88.80892690527781,3.3006422937988478,-81.82888070578385,-20.975696784057437,-10.321087253658632,13.035203845598485
6.012396812438965,0.318482,0.245006,0.0579784,0.0352346,-0.0461223,0.0435608,0.0742363,0.492797,0.507602,0.321486,0.5552,0.64357,-0.417393,0.016282,0.261392,0.0916123,0.748613,0.0502646,0.251529,-0.61138
6.013316869735718,0.318482,0.245006,0.0579784,0.0352346,-0.0461223,0.0435608,0.0742363,0.492797,0.507602,0.321486,0.5552,0.64357,-0.417393,0.016282,0.261392,0.0916123,0.748613,0.0502646,0.251529,-0.61138,88.87019644135805,3.3629653045297685,-83.18456059362417,-21.219035891645696,-10.195366511798712,13.133000419362098
6.084693670272827,0.393568,0.157098,0.0648933,0.0265389,-0.0547678,0.0276805,0.0742398,0.492819,0.507619,0.321408,0.555356,0.643628,-0.417157,0.0162778,0.261448,0.0916098,0.748144,0.0507878,0.251184,-0.612052
6.085616111755371,0.393568,0.157098,0.0648933,0.0265389,-0.0547678,0.0276805,0.0742398,0.492819,0.507619,0.321408,0.555356,0.643628,-0.417157,0.0162778,0.261448,0.0916098,0.748144,0.0507878,0.251184,-0.612052,88.8857378292084,3.282148886372108,-82.92414623091163,-21.349315930812377,-10.383275778019467,13.21398805646961
6.157033681869507,0.368253,0.192741,0.0839933,0.0296994,-0.0566172,0.0342888,0.0742506,0.492836,0.50761,0.32094,0.555622,0.643342,-0.417604,0.0162668,0.26143,0.0916151,0.748011,0.0505766,0.251124,-0.612257
6.157976150512695,0.368253,0.192741,0.0839933,0.0296994,-0.0566172,0.0342888,0.0742506,0.492836,0.50761,0.32094,0.555622,0.643342,-0.417604,0.0162668,0.26143,0.0916151,0.748011,0.0505766,0.251124,-0.612257,88.92219853601982,3.334084995943791,-83.76979660677576,-21.39167633874568,-9.956552785253946,13.25946804461687
6.22982120513916,0.349739,0.179838,0.0709192,0.0290027,-0.0520576,0.0311846,0.074221,0.492846,0.5076,0.320987,0.555585,0.643376,-0.417563,0.0162727,0.261449,0.0916001,0.748216,0.0507184,0.251118,-0.611997
6.230785846710205,0.349739,0.179838,0.0709192,0.0290027,-0.0520576,0.0311846,0.074221,0.492846,0.5076,0.320987,0.555585,0.643376,-0.417563,0.0162727,0.261449,0.0916001,0.748216,0.0507184,0.251118,-0.611997,88.91398509696603,3.3661477672847413,-83.80007894747476,-21.402764648545784,-10.069398398939612,13.251766128602338
6.3027894496917725,0.309417,0.223763,0.0454012,0.0331387,-0.0431379,0.0391609,0.0742484,0.492801,0.507609,0.321494,0.555228,0.643585,-0.417328,0.0162592,0.261419,0.0916038,0.747963,0.0506052,0.251261,-0.612258
6.303715705871582,0.309417,0.223763,0.0454012,0.0331387,-0.0431379,0.0391609,0.0742484,0.492801,0.507609,0.321494,0.555228,0.643585,-0.417328,0.0162592,0.261419,0.0916038,0.747963,0.0506052,0.251261,-0.612258,88.86650665023309,3.252942175041215,-82.46403571057964,-21.24576480112183,-10.22445028664377,13.187213433461713
6.377100706100464,0.319036,0.180685,0.0515072,0.0295311,-0.0451184,0.0305024,0.0742179,0.492823,0.507584,0.321751,0.555076,0.643303,-0.417766,0.0162678,0.261439,0.0915948,0.748185,0.0507552,0.251223,-0.611989
6.378065586090088,0.319036,0.180685,0.0515072,0.0295311,-0.0451184,0.0305024,0.0742179,0.492823,0.507584,0.321751,0.555076,0.643303,-0.417766,0.0162678,0.261439,0.0915948,0.748185,0.0507552,0.251223,-0.611989,88.80272856503296,3.3280331320733834,-81.87780107059014,-21.03764637009828,-10.176928868829421,13.07229028392582
6.451308012008667,0.306829,0.265437,0.0512975,0.0372813,-0.0443435,0.0476683,0.0742537,0.49282,0.507593,0.321213,0.555645,0.643228,-0.417539,0.0163,0.26145,0.0916013,0.748173,0.0507894,0.25111,-0.612047
6.452282667160034,0.306829,0.265437,0.0512975,0.0372813,-0.0443435,0.0476683,0.0742537,0.49282,0.507593,0.321213,0.555645,0.643228,-0.417539,0.0163,0.26145,0.0916013,0.748173,0.0507894,0.25111,-0.612047,88.88581412274885,3.356477438370658,-83.3309898314698,-21.329004804282825,-10.138519547418065,13.192508111346521
6.525468111038208,0.360909,0.195822,0.0650742,0.0299769,-0.0516234,0.0348514,0.0742247,0.492846,0.507594,0.32104,0.555604,0.64333,-0.417569,0.0162488,0.261441,0.0916084,0.747984,0.050596,0.251193,-0.61226
6.5264294147491455,0.360909,0.195822,0.0650742,0.0299769,-0.0516234,0.0348514,0.0742247,0.492846,0.507594,0.32104,0.555604,0.64333,-0.417569,0.0162488,0.261441,0.0916084,0.747984,0.050596,0.251193,-0.61226,88.9055606242938,3.323466122411165,-83.46394644826887,-21.392874716598755,-9.976750782927576,13.259384861141834
6.5999040603637695,0.360621,0.209339,0.0710243,0.0314029,-0.0534246,0.0373866,0.0742272,0.492816,0.507611,0.321421,0.555261,0.642996,-0.418247,0.0162741,0.261448,0.0916055,0.748191,0.0507356,0.251195,-0.611994
6.600877046585083,0.360621,0.209339,0.0710243,0.0314029,-0.0534246,0.0373866,0.0742272,0.492816,0.507611,0.321421,0.555261,0.642996,-0.418247,0.0162741,0.261448,0.0916055,0.748191,0.0507356,0.251195,-0.611994,88.80764261083172,3.4061973810312027,-82.3714841713243,-21.0080459600196,-9.84155601509947,13.081437365210725
6.674274921417236,0.330757,0.20905,0.0516843,0.0318299,-0.0465763,0.0370011,0.0742097,0.492846,0.507547,0.318291,0.557299,0.645023,-0.414794,0.0162467,0.261395,0.0915652,0.748268,0.0516478,0.251523,-0.611689
6.6752402782440186,0.330757,0.20905,0.0516843,0.0318299,-0.0465763,0.0370011,0.0742097,0.492846,0.507547,0.318291,0.557299,0.645023,-0.414794,0.0162467,0.261395,0.0915652,0.748268,0.0516478,0.251523,-0.611689,89.31243006474539,3.308658246172442,-89.9818685932296,-23.772449658275466,-10.950992340153105,14.448178448922368
6.748563051223755,0.26347,0.209948,0.0644382,0.0321285,-0.0427586,0.0354867,0.0742058,0.492843,0.507586,0.321057,0.555562,0.643361,-0.417565,0.01624,0.26143,0.0916005,0.747984,0.0505965,0.251163,-0.612272
6.7495341300964355,0.26347,0.209948,0.0644382,0.0321285,-0.0427586,0.0354867,0.0742058,0.492843,0.507586,0.321057,0.555562,0.643361,-0.417565,0.01624,0.26143,0.0916005,0.747984,0.0505965,0.251163,-0.612272,88.90684877759698,3.3187733687682117,-83.45291405282896,-21.383913074209243,-9.985760736292576,13.25646388757156
6.8232972621917725,0.34555,0.177382,0.0580142,0.0290115,-0.0489399,0.0306007,0.074266,0.492784,0.507616,0.321499,0.555427,0.643652,-0.416954,0.0162637,0.261406,0.091611,0.747973,0.0505208,0.25114,-0.612301
6.824214935302734,0.34555,0.177382,0.0580142,0.0290115,-0.0489399,0.0306007,0.074266,0.492784,0.507616,0.321499,0.555427,0.643652,-0.416954,0.0162637,0.261406,0.091611,0.747973,0.0505208,0.25114,-0.612301,88.90997744168459,3.220561572903747,-83.00289611171932,-21.309804154212575,-10.39767459785373,13.179036559975614
6.897960186004639,0.4017,0.15384,0.0643124,0.0266978,-0.0558763,0.0273581,0.0741997,0.492887,0.507604,0.319847,0.556249,0.643787,-0.416921,0.0162432,0.261444,0.0915953,0.74798,0.0507088,0.251292,-0.612214
6.898913860321045,0.4017,0.15384,0.0643124,0.0266978,-0.0558763,0.0273581,0.0741997,0.492887,0.507604,0.319847,0.556249,0.643787,-0.416921,0.0162432,0.261444,0.0915953,0.74798,0.0507088,0.251292,-0.612214,89.0672196168518,3.33740896820279,-86.09025357269157,-22.167674220286276,-9.96770983347909,13.691447943526502
6.973195552825928,0.323398,0.192459,0.0375803,0.0316946,-0.0430528,0.0331269,0.0742519,0.492811,0.507618,0.321149,0.555656,0.643493,-0.417165,0.0163363,0.261431,0.0915838,0.748395,0.0509916,0.250962,-0.611819
6.974155902862549,0.323398,0.192459,0.0375803,0.0316946,-0.0430528,0.0331269,0.0742519,0.492811,0.507618,0.321149,0.555656,0.643493,-0.417165,0.0163363,0.261431,0.0915838,0.748395,0.0509916,0.250962,-0.611819,88.92369227462821,3.359347988856601,-83.91259992443484,-21.44136073764665,-10.436078508370786,13.253989230707102
7.0478551387786865,-0.656225,-0.554897,-0.174074,-0.123343,0.0327181,-0.115488,0.0740505,0.492977,0.507959,0.320389,0.554883,0.644173,-0.41773,0.0118144,0.258487,0.0939769,0.751553,0.0370755,0.258254,-0.605886
7.048764944076538,-0.656225,-0.554897,-0.174074,-0.123343,0.0327181,-0.115488,0.0740505,0.492977,0.507959,0.320389,0.554883,0.644173,-0.41773,0.0118144,0.258487,0.0939769,0.751553,0.0370755,0.258254,-0.605886,89.27256730876644,3.5615315586574927,-91.89238032726666,-21.927418418377947,-9.94987467151998,13.395519881707592
7.12140417098999,0.403668,-0.63796,0.252793,-0.0762364,-0.0979554,-0.103595,0.0739604,0.492935,0.50784,0.320029,0.554009,0.644582,-0.418533,0.00503345,0.253093,0.0981468,0.756539,0.0148825,0.272044,-0.594491
7.12231707572937,0.403668,-0.63796,0.252793,-0.0762364,-0.0979554,-0.103595,0.0739604,0.492935,0.50784,0.320029,0.554009,0.644582,-0.418533,0.00503345,0.253093,0.0981468,0.756539,0.0148825,0.272044,-0.594491,89.51096397571553,4.016733857528075,-99.61655190628993,-23.654957336531567,-9.27217833551801,13.785773955782872
7.196652889251709,0.0562205,-0.653242,-0.0616367,-0.118653,0.0188312,-0.113266,0.0740336,0.492943,0.507823,0.320473,0.55471,0.644114,-0.417984,0.00673486,0.25329,0.0977466,0.758584,0.0167397,0.269672,-0.592914
7.197650671005249,0.0562205,-0.653242,-0.0616367,-0.118653,0.0188312,-0.113266,0.0740336,0.492943,0.507823,0.320473,0.55471,0.644114,-0.417984,0.00673486,0.25329,0.0977466,0.758584,0.0167397,0.269672,-0.592914,89.61123096658108,4.363812758471947,-101.34448823379505,-23.535821473094742,-9.65865833610975,13.508565525746103
7.2724714279174805,-2.37825,-1.52521,-0.704622,-0.24483,0.708916,-0.376225,0.0741119,0.492826,0.507378,0.320517,0.555299,0.643561,-0.41802,0.00450672,0.254464,0.0975479,0.757028,0.0153612,0.277332,-0.591405
7.273437023162842,-2.37825,-1.52521,-0.704622,-0.24483,0.708916,-0.376225,0.0741119,0.492826,0.507378,0.320517,0.555299,0.643561,-0.41802,0.00450672,0.254464,0.0975479,0.757028,0.0153612,0.277332,-0.591405,88.95576448557026,4.258192401864341,-93.42479590397492,-24.07031519462521,-8.995493490915894,13.697486627472294
7.372823238372803,-2.55086,-1.75886,-0.0115513,-0.302991,0.55356,-0.417573,0.0744505,0.49253,0.506161,0.319841,0.554628,0.64393,-0.418861,0.00497618,0.275583,0.0880197,0.737763,0.0587278,0.289073,-0.607201
7.3737897872924805,-2.55086,-1.75886,-0.0115513,-0.302991,0.55356,-0.417573,0.0744505,0.49253,0.506161,0.319841,0.554628,0.64393,-0.418861,0.00497618,0.275583,0.0880197,0.737763,0.0587278,0.289073,-0.607201,84.72132132999693,2.8589282934392317,-41.899076727326374,-21.23516923447481,-8.489497200076526,12.573048733145033
7.449012279510498,-2.2631,-1.41071,0.0324254,-0.262705,0.489669,-0.354126,0.0742634,0.492658,0.506789,0.319845,0.554115,0.64414,-0.419213,0.00891841,0.295207,0.0818252,0.728448,0.0972646,0.294129,-0.611057
7.449984312057495,-2.2631,-1.41071,0.0324254,-0.262705,0.489669,-0.354126,0.0742634,0.492658,0.506789,0.319845,0.554115,0.64414,-0.419213,0.00891841,0.295207,0.0818252,0.728448,0.0972646,0.294129,-0.611057,81.44521417610845,3.2435404138060586,-31.013516574737633,-16.941135729069096,-8.97621987314631,10.130172054705167
7.525396823883057,-3.09169,-1.46557,0.117316,-0.261551,0.643241,-0.38351,0.0743898,0.492577,0.506204,0.320648,0.554976,0.643248,-0.418831,-0.00243295,0.316759,0.0801511,0.719364,0.112924,0.337843,-0.596344
7.526363372802734,-3.09169,-1.46557,0.117316,-0.261551,0.643241,-0.38351,0.0743898,0.492577,0.506204,0.320648,0.554976,0.643248,-0.418831,-0.00243295,0.316759,0.0801511,0.719364,0.112924,0.337843,-0.596344,76.04135293263472,3.5697028085952462,-26.867617953998867,-14.507997074793671,-9.118198468578797,8.058681282673007
7.6019532680511475,-2.34202,-0.884585,0.0270777,-0.134026,0.577093,-0.257237,0.0740067,0.492824,0.506688,0.321483,0.554341,0.643674,-0.418377,-0.0211528,0.346263,0.0834423,0.710776,0.130834,0.405337,-0.559805
7.602916479110718,-2.34202,-0.884585,0.0270777,-0.134026,0.577093,-0.257237,0.0740067,0.492824,0.506688,0.321483,0.554341,0.643674,-0.418377,-0.0211528,0.346263,0.0834423,0.710776,0.130834,0.405337,-0.559805,68.00635231939599,4.724941448008122,-29.04924374690751,-11.489474651908676,-9.867789579109646,6.443226603865019
7.677048921585083,-2.28331,0.240742,0.527043,0.0748963,0.449908,-0.0438141,0.0744163,0.492585,0.506518,0.320258,0.554771,0.643816,-0.418528,-0.0335938,0.373186,0.0890608,0.699586,0.152385,0.457892,-0.526966
7.6779680252075195,-2.28331,0.240742,0.527043,0.0748963,0.449908,-0.0438141,0.0744163,0.492585,0.506518,0.320258,0.554771,0.643816,-0.418528,-0.0335938,0.373186,0.0890608,0.699586,0.152385,0.457892,-0.526966,61.04673196997681,5.684158627584265,-31.10766281316063,-8.763324587139998,-8.88525978159825,4.7171752934307865
7.75306248664856,-2.2276,0.546679,0.673125,0.136647,0.425587,0.0203014,0.0739887,0.492751,0.506601,0.32165,0.554393,0.643445,-0.418531,-0.0471294,0.405754,0.100526,0.682389,0.183245,0.515318,-0.484988
7.75399112701416,-2.2276,0.546679,0.673125,0.136647,0.425587,0.0203014,0.0739887,0.492751,0.506601,0.32165,0.554393,0.643445,-0.418531,-0.0471294,0.405754,0.100526,0.682389,0.183245,0.515318,-0.484988,52.191065112674615,6.494839016755722,-32.85526253819463,-4.111190488386692,-8.59225058250514,3.18249166423155
7.829841613769531,-2.14466,0.462404,0.0894656,0.150993,0.53149,0.00223842,0.0742604,0.492665,0.506978,0.32173,0.554825,0.642845,-0.41882,-0.0558272,0.424395,0.110682,0.669285,0.202429,0.548706,-0.458259
7.830818176269531,-2.14466,0.462404,0.0894656,0.150993,0.53149,0.00223842,0.0742604,0.492665,0.506978,0.32173,0.554825,0.642845,-0.41882,-0.0558272,0.424395,0.110682,0.669285,0.202429,0.548706,-0.458259,46.757036998858894,6.764839021245164,-33.93273008827389,-1.4714363083305975,-9.315345350765828,2.597884869094501
7.907168388366699,-2.06704,0.452185,-0.405993,0.171938,0.613749,0.00417922,0.0739501,0.492805,0.507245,0.320502,0.55407,0.644211,-0.418662,-0.0707449,0.44715,0.128148,0.646948,0.226484,0.597961,-0.415459
7.908144474029541,-2.06704,0.452185,-0.405993,0.171938,0.613749,0.00417922,0.0739501,0.492805,0.507245,0.320502,0.55407,0.644211,-0.418662,-0.0707449,0.44715,0.128148,0.646948,0.226484,0.597961,-0.415459,38.93788462538148,6.644394640740054,-35.61746442103412,-0.003005610295146399,-10.575536169128988,3.608616923976657
7.984827041625977,-2.3073,0.542541,-0.357331,0.208881,0.672548,0.0254044,0.0739723,0.492909,0.50748,0.3196,0.555033,0.644546,-0.417559,-0.08161,0.465071,0.14541,0.630655,0.243279,0.637758,-0.369262
7.985794544219971,-2.3073,0.542541,-0.357331,0.208881,0.672548,0.0254044,0.0739723,0.492909,0.50748,0.3196,0.555033,0.644546,-0.417559,-0.08161,0.465071,0.14541,0.630655,0.243279,0.637758,-0.369262,32.33707382544735,6.567169011492481,-38.486054806555174,2.683728754190914,-9.574337060791029,3.8260977081979908
8.061604499816895,-1.92785,0.643326,-0.482636,0.229521,0.651322,0.0465191,0.0739587,0.492941,0.507635,0.321028,0.554917,0.643654,-0.417992,-0.0875315,0.483542,0.163017,0.610139,0.270252,0.665161,-0.335046
8.062528371810913,-1.92785,0.643326,-0.482636,0.229521,0.651322,0.0465191,0.0739587,0.492941,0.507635,0.321028,0.554917,0.643654,-0.417992,-0.0875315,0.483542,0.163017,0.610139,0.270252,0.665161,-0.335046,25.84188956765621,6.593281011480028,-39.33078080807424,6.591438215140883,-10.36441455488479,4.569935527442788
8.137946844100952,-1.82944,0.928112,-0.193698,0.279613,0.535472,0.07831,0.073747,0.49297,0.507649,0.320903,0.553974,0.644434,-0.418138,-0.0881009,0.505722,0.181787,0.577099,0.310057,0.685808,-0.317001
8.138895273208618,-1.82944,0.928112,-0.193698,0.279613,0.535472,0.07831,0.073747,0.49297,0.507649,0.320903,0.553974,0.644434,-0.418138,-0.0881009,0.505722,0.181787,0.577099,0.310057,0.685808,-0.317001,19.346442530984387,6.390226142174592,-37.24157244246292,9.330192746583375,-11.551860427039703,7.02002319552599
8.214029788970947,-1.56561,1.51778,0.351313,0.368587,0.352703,0.183623,0.0739097,0.492949,0.507747,0.321549,0.554779,0.643837,-0.417493,-0.085967,0.526278,0.203424,0.543978,0.346622,0.703382,-0.298655
8.214975118637085,-1.56561,1.51778,0.351313,0.368587,0.352703,0.183623,0.0739097,0.492949,0.507747,0.321549,0.554779,0.643837,-0.417493,-0.085967,0.526278,0.203424,0.543978,0.346622,0.703382,-0.298655,13.151638773396396,6.04852391585122,-35.44654612049248,13.458459180007774,-12.186671629336166,8.193782930355125
8.291361808776855,-1.55144,1.65042,0.617331,0.408781,0.263355,0.198227,0.073774,0.492964,0.507715,0.321165,0.554411,0.644265,-0.417617,-0.0825875,0.54223,0.223104,0.512822,0.386016,0.711467,-0.286042
8.29229211807251,-1.55144,1.65042,0.617331,0.408781,0.263355,0.198227,0.073774,0.492964,0.507715,0.321165,0.554411,0.644265,-0.417617,-0.0825875,0.54223,0.223104,0.512822,0.386016,0.711467,-0.286042,7.713630875258546,6.788480595089835,-33.08080187807196,14.868414391527509,-16.315898891072692,8.930675282468142
8.394202470779419,-1.27513,1.84893,0.239659,0.463817,0.312906,0.233192,0.0740244,0.492957,0.508067,0.320777,0.55564,0.644136,-0.416479,-0.0763257,0.556251,0.243046,0.487498,0.417421,0.719549,-0.265244
8.395161151885986,-1.27513,1.84893,0.239659,0.463817,0.312906,0.233192,0.0740244,0.492957,0.508067,0.320777,0.55564,0.644136,-0.416479,-0.0763257,0.556251,0.243046,0.487498,0.417421,0.719549,-0.265244,2.696178637287163,7.465006147794234,-32.084968828189034,18.05448630759346,-15.519221872639408,9.321815180546604
8.472918272018433,-1.9306,1.66164,1.80038,0.388118,0.104381,0.170208,0.0738334,0.49296,0.507707,0.320816,0.554626,0.644013,-0.417988,-0.0699467,0.566043,0.256608,0.466088,0.444624,0.720681,-0.256302
8.473893880844116,-1.9306,1.66164,1.80038,0.388118,0.104381,0.170208,0.0738334,0.49296,0.507707,0.320816,0.554626,0.644013,-0.417988,-0.0699467,0.566043,0.256608,0.466088,0.444624,0.720681,-0.256302,-1.0409477229852362,8.547635704886929,-30.388802235860076,19.922566614382813,-15.660978605167244,10.779378729222646
8.552037239074707,-1.91582,1.54713,1.64496,0.385485,0.102658,0.150473,0.0737006,0.493038,0.507861,0.321354,0.553979,0.64472,-0.417342,-0.0667108,0.574078,0.275049,0.447489,0.464966,0.728055,-0.231291
8.553004264831543,-1.91582,1.54713,1.64496,0.385485,0.102658,0.150473,0.0737006,0.493038,0.507861,0.321354,0.553979,0.64472,-0.417342,-0.0667108,0.574078,0.275049,0.447489,0.464966,0.728055,-0.231291,-5.389119228388232,9.190605594655393,-30.410136179963477,23.512974520154856,-14.25788720365956,11.710117969554661
8.630585432052612,-0.533642,1.56286,-1.12355,0.466638,0.413125,0.18992,0.0742677,0.492917,0.508291,0.320958,0.555927,0.644144,-0.415944,-0.0645404,0.580063,0.295036,0.413594,0.483432,0.742246,-0.210486
8.631557703018188,-0.533642,1.56286,-1.12355,0.466638,0.413125,0.18992,0.0742677,0.492917,0.508291,0.320958,0.555927,0.644144,-0.415944,-0.0645404,0.580063,0.295036,0.413594,0.483432,0.742246,-0.210486,-10.422713205250853,8.043472674026935,-29.708146173960387,23.15167247063522,-13.574090341574411,16.55423453899004
8.70942211151123,-0.306461,1.59222,-1.02169,0.446776,0.334724,0.204531,0.0744684,0.492829,0.508324,0.32136,0.555536,0.643858,-0.416598,-0.0572264,0.586134,0.308758,0.387083,0.502226,0.744383,-0.209355
8.710386276245117,-0.306461,1.59222,-1.02169,0.446776,0.334724,0.204531,0.0744684,0.492829,0.508324,0.32136,0.555536,0.643858,-0.416598,-0.0572264,0.586134,0.308758,0.387083,0.502226,0.744383,-0.209355,-13.501168054897288,8.096676418456932,-27.414106465721453,24.659426258123826,-13.472798091018193,18.851628155145313
8.787597417831421,-0.451688,1.79439,-1.07515,0.487342,0.360698,0.242639,0.074512,0.4928,0.50836,0.321474,0.555276,0.643925,-0.416753,-0.0506736,0.590523,0.314976,0.373113,0.513515,0.741895,-0.216059
8.788507223129272,-0.451688,1.79439,-1.07515,0.487342,0.360698,0.242639,0.074512,0.4928,0.50836,0.321474,0.555276,0.643925,-0.416753,-0.0506736,0.590523,0.314976,0.373113,0.513515,0.741895,-0.216059,-14.551094959415206,8.424410113548197,-25.375230701619575,26.60218020758053,-13.528802043342946,19.17183226628726
8.865719318389893,-0.493547,2.07852,-1.72794,0.566155,0.488609,0.305312,0.074718,0.492733,0.508216,0.319082,0.556435,0.643908,-0.417073,-0.0491173,0.591112,0.313255,0.375139,0.512552,0.740363,-0.220053
8.866729259490967,-0.493547,2.07852,-1.72794,0.566155,0.488609,0.305312,0.074718,0.492733,0.508216,0.319082,0.556435,0.643908,-0.417073,-0.0491173,0.591112,0.313255,0.375139,0.512552,0.740363,-0.220053,-13.82037594040672,8.438489906630862,-25.399458011974673,27.072890227692938,-12.047406155006744,17.810830950464744
8.946227073669434,-0.234484,2.38699,-1.28802,0.62258,0.39168,0.38295,0.0746533,0.492737,0.50833,0.320646,0.555619,0.643603,-0.417431,-0.0482042,0.591486,0.302822,0.387279,0.512365,0.730218,-0.23298
8.947190761566162,-0.234484,2.38699,-1.28802,0.62258,0.39168,0.38295,0.0746533,0.492737,0.50833,0.320646,0.555619,0.643603,-0.417431,-0.0482042,0.591486,0.302822,0.387279,0.512365,0.730218,-0.23298,-11.93025708378026,9.47172543012906,-24.595053141538774,26.437547470263212,-14.207258315129215,18.31953950567744
9.024283409118652,-0.736116,2.16308,-0.929496,0.551859,0.457179,0.34021,0.0746004,0.492711,0.508166,0.320441,0.555599,0.64381,-0.417296,-0.0414859,0.592569,0.28025,0.418981,0.509558,0.705428,-0.259185
9.025189638137817,-0.736116,2.16308,-0.929496,0.551859,0.457179,0.34021,0.0746004,0.492711,0.508166,0.320441,0.555599,0.64381,-0.417296,-0.0414859,0.592569,0.28025,0.418981,0.509558,0.705428,-0.259185,-6.866579532324726,11.87050801853246,-23.690396861460798,27.924765957874502,-13.768822023644319,15.784599147886924
9.101497411727905,-1.04109,2.64038,-0.857662,0.643057,0.53956,0.430499,0.0745441,0.49269,0.508059,0.320829,0.555168,0.643607,-0.417884,-0.0334502,0.592122,0.258607,0.452482,0.506494,0.677702,-0.281858
9.102400541305542,-1.04109,2.64038,-0.857662,0.643057,0.53956,0.430499,0.0745441,0.49269,0.508059,0.320829,0.555168,0.643607,-0.417884,-0.0334502,0.592122,0.258607,0.452482,0.506494,0.677702,-0.281858,-1.84296228619886,14.524086124620386,-23.313333564594156,30.406654551498303,-12.801117947357284,13.020215016272562
9.17909288406372,-1.07206,2.90041,-0.490965,0.693143,0.494583,0.474071,0.0748756,0.492609,0.508151,0.320334,0.555792,0.643743,-0.417224,-0.0212761,0.59031,0.234271,0.483376,0.499637,0.64367,-0.32
9.179999589920044,-1.07206,2.90041,-0.490965,0.693143,0.494583,0.474071,0.0748756,0.492609,0.508151,0.320334,0.555792,0.643743,-0.417224,-0.0212761,0.59031,0.234271,0.483376,0.499637,0.64367,-0.32,4.9310918792073295,16.426643127624057,-21.833891001998047,34.21847877485263,-11.997381876487882,8.317949579065473
9.259544849395752,-1.15946,3.23424,-0.493987,0.71648,0.493206,0.534025,0.0751565,0.4924,0.507953,0.321283,0.555258,0.643587,-0.417446,-0.00879608,0.58821,0.217154,0.496718,0.495229,0.6203,-0.351067
9.260523319244385,-1.15946,3.23424,-0.493987,0.71648,0.493206,0.534025,0.0751565,0.4924,0.507953,0.321283,0.555258,0.643587,-0.417446,-0.00879608,0.58821,0.217154,0.496718,0.495229,0.6203,-0.351067,9.297568488555159,17.003851926841403,-19.90842869609317,36.247291888148226,-8.265316887167419,7.674818966730241
9.360413551330566,-0.509178,4.38673,-1.76084,1.00485,0.629464,0.781832,0.0755615,0.492364,0.508364,0.321819,0.556877,0.642834,-0.416035,-0.008097,0.577874,0.19667,0.529797,0.474163,0.604049,-0.360012
9.361386775970459,-0.509178,4.38673,-1.76084,1.00485,0.629464,0.781832,0.0755615,0.492364,0.508364,0.321819,0.556877,0.642834,-0.416035,-0.008097,0.577874,0.19667,0.529797,0.474163,0.604049,-0.360012,14.04608699266071,17.442103978851694,-22.09777087816361,34.32995703714317,-6.744758102163058,7.157803591305704
9.441229343414307,-0.390987,4.47399,-2.10061,1.03947,0.65709,0.807666,0.0759997,0.492273,0.508834,0.321445,0.556018,0.643334,-0.416699,-0.00774181,0.568304,0.180808,0.558095,0.460249,0.585077,-0.366587
9.442209005355835,-0.390987,4.47399,-2.10061,1.03947,0.65709,0.807666,0.0759997,0.492273,0.508834,0.321445,0.556018,0.643334,-0.416699,-0.00774181,0.568304,0.180808,0.558095,0.460249,0.585077,-0.366587,18.081293070872057,18.865607451254593,-23.955986364626522,33.58019253961395,-8.283733715339663,6.024497572595877
9.521872282028198,-0.412394,4.62314,-2.21984,1.06279,0.697449,0.848093,0.0758782,0.492317,0.50895,0.321381,0.556368,0.644061,-0.415156,-0.00458986,0.554802,0.159954,0.58759,0.440318,0.559042,-0.385137
9.522826910018921,-0.412394,4.62314,-2.21984,1.06279,0.697449,0.848093,0.0758782,0.492317,0.50895,0.321381,0.556368,0.644061,-0.415156,-0.00458986,0.554802,0.159954,0.58759,0.440318,0.559042,-0.385137,23.94092007432173,19.49001735654209,-25.130225983299802,32.36621076312504,-9.648079280626867,4.159387477387585
9.601361989974976,-0.173428,4.88953,-2.62524,1.13008,0.73464,0.916553,0.0756005,0.492475,0.509121,0.322289,0.556274,0.644426,-0.414009,-0.00623446,0.540359,0.144138,0.61522,0.412639,0.547333,-0.389435
9.602286100387573,-0.173428,4.88953,-2.62524,1.13008,0.73464,0.916553,0.0756005,0.492475,0.509121,0.322289,0.556274,0.644426,-0.414009,-0.00623446,0.540359,0.144138,0.61522,0.412639,0.547333,-0.389435,28.09791960509475,19.43134610186116,-27.913055848881683,30.186986313937282,-8.220549257177804,4.363821664770374
9.681475162506104,-0.215005,4.76091,-2.65568,1.10771,0.753569,0.894106,0.0757312,0.492422,0.509269,0.322018,0.558053,0.642554,-0.414736,-0.00497669,0.524296,0.128029,0.645032,0.386721,0.526931,-0.395884
9.682396650314331,-0.215005,4.76091,-2.65568,1.10771,0.753569,0.894106,0.0757312,0.492422,0.509269,0.322018,0.558053,0.642554,-0.414736,-0.00497669,0.524296,0.128029,0.645032,0.386721,0.526931,-0.395884,32.871406403207075,20.105272584803345,-31.200165191093028,29.10387868352244,-7.704772157831593,3.667820525908415
9.762601613998413,-0.158357,4.78383,-2.39808,1.09326,0.673874,0.8927,0.0755659,0.4925,0.509311,0.321987,0.55683,0.6438,-0.41447,-0.00251045,0.509841,0.115158,0.663619,0.365089,0.509423,-0.408421
9.763566732406616,-0.158357,4.78383,-2.39808,1.09326,0.673874,0.8927,0.0755659,0.4925,0.509311,0.321987,0.55683,0.6438,-0.41447,-0.00251045,0.509841,0.115158,0.663619,0.365089,0.509423,-0.408421,37.17885646041534,20.055538248433294,-32.62830172607732,27.55595162129336,-6.807955471527784,3.6623010661595714
9.843029499053955,0.165782,4.0793,-2.55029,0.95599,0.66506,0.751677,0.0753179,0.492527,0.509094,0.322344,0.556107,0.644027,-0.414811,0.00319677,0.493291,0.101034,0.685635,0.343385,0.48122,-0.424757
9.843952417373657,0.165782,4.0793,-2.55029,0.95599,0.66506,0.751677,0.0753179,0.492527,0.509094,0.322344,0.556107,0.644027,-0.414811,0.00319677,0.493291,0.101034,0.685635,0.343385,0.48122,-0.424757,42.58374806765248,20.414486395655263,-34.40084324799623,27.78537804583252,-6.704999345103259,2.3913052541950215
9.92358922958374,-0.0315466,2.9912,-2.21406,0.724857,0.624278,0.534584,0.075246,0.492508,0.508628,0.321647,0.55694,0.643304,-0.415356,0.0127658,0.474081,0.0861913,0.703877,0.322734,0.447757,-0.447116
9.924568891525269,-0.0315466,2.9912,-2.21406,0.724857,0.624278,0.534584,0.075246,0.492508,0.508628,0.321647,0.55694,0.643304,-0.415356,0.0127658,0.474081,0.0861913,0.703877,0.322734,0.447757,-0.447116,48.52200098032651,20.337599214431002,-35.88066000616373,26.729257994220895,-4.9250712321049095,2.7964182577077814
10.005161046981812,0.0159268,2.29034,-2.33262,0.583654,0.637496,0.402569,0.0749544,0.492619,0.508418,0.322968,0.556033,0.643438,-0.41534,0.0201104,0.456228,0.075514,0.713024,0.301514,0.415463,-0.477573
10.00614047050476,0.0159268,2.29034,-2.33262,0.583654,0.637496,0.402569,0.0749544,0.492619,0.508418,0.322968,0.556033,0.643438,-0.41534,0.0201104,0.456228,0.075514,0.713024,0.301514,0.415463,-0.477573,54.16820961603189,18.72434611048334,-35.33728849403194,27.973488597423753,-4.303664954483846,1.1116235640622154
10.08582592010498,-1.23912,0.844508,-0.78995,0.27636,0.562693,0.154336,0.0749616,0.49226,0.506887,0.322265,0.556152,0.642492,-0.417186,0.0258675,0.442085,0.0676754,0.708386,0.287745,0.388116,-0.514546
10.086826086044312,-1.23912,0.844508,-0.78995,0.27636,0.562693,0.154336,0.0749616,0.49226,0.506887,0.322265,0.556152,0.642492,-0.417186,0.0258675,0.442085,0.0676754,0.708386,0.287745,0.388116,-0.514546,58.413006075080425,16.078477363865744,-32.137489281097935,28.776713790806472,-2.603918554933589,-0.4648000777107768
10.16611385345459,0.458787,1.28757,-2.24567,0.413649,0.592193,0.323474,0.0738312,0.492867,0.507755,0.323084,0.554457,0.644157,-0.416241,0.0264167,0.433776,0.0649649,0.703938,0.276755,0.370563,-0.539037
10.167107343673706,0.458787,1.28757,-2.24567,0.413649,0.592193,0.323474,0.0738312,0.492867,0.507755,0.323084,0.554457,0.644157,-0.416241,0.0264167,0.433776,0.0649649,0.703938,0.276755,0.370563,-0.539037,61.17420862381123,13.705292589109252,-28.820964589038073,30.119860186049777,-3.2161024195963543,-2.5344837828152222
10.246466398239136,0.984096,1.32671,-1.64914,0.367386,0.530939,0.420462,0.0750447,0.492421,0.507764,0.322696,0.556061,0.642577,-0.416843,0.0316269,0.426272,0.0620653,0.707697,0.273652,0.356114,-0.545401
10.247468948364258,0.984096,1.32671,-1.64914,0.367386,0.530939,0.420462,0.0750447,0.492421,0.507764,0.322696,0.556061,0.642577,-0.416843,0.0316269,0.426272,0.0620653,0.707697,0.273652,0.356114,-0.545401,62.92711608891749,13.741274803434019,-29.585034132556892,29.629184625295323,-3.3411963825696613,-2.055191503081664
