# Timestamp, Fx, Fy, Fz, Tx, Ty, Tz, FemurPosX, FemurPosY, FemurPosZ, FemurQuatW, FemurQuatX, FemurQuatY, FemurQuatZ, TibiaPosX, TibiaPosY, TibiaPosZ, TibiaQuatW, TibiaQuatX, TibiaQuatY, TibiaQuatZ, Flexion, Adduction, Rotation, Anterior_Posterior, Medial_Lateral, Proximal_Distal
0.15528297424316406,-7.4712,4.7788,0.159995,0.405811,0.948264,0.843483,0.0362772,0.456276,0.328271,0.340976,0.64469,0.588592,-0.348812,-0.00122161,0.550828,0.00724551,0.497982,0.508849,0.584625,-0.388974,15.730357554278639,4.476005741556841,-15.34980991310182,19.743133395031926,-15.03223419649719,6.235395770836131
0.1562342643737793,-7.4712,4.7788,0.159995,0.405811,0.948264,0.843483,0.0362772,0.456276,0.328271,0.340976,0.64469,0.588592,-0.348812,-0.00122161,0.550828,0.00724551,0.497982,0.508849,0.584625,-0.388974,15.730357554278639,4.476005741556841,-15.34980991310182,19.743133395031926,-15.03223419649719,6.235395770836131
0.29555797576904297,-7.3412,4.76935,0.0487852,0.404881,0.951571,0.838738,0.0363556,0.45626,0.328296,0.341185,0.644901,0.588712,-0.348014,0.00631811,0.54728,0.000674283,0.500562,0.510414,0.56919,-0.406125,17.837520997287573,4.769978632830057,-13.742595905430145,18.97770722429736,-15.085626397821024,4.692720413403698
0.2965199947357178,-7.3412,4.76935,0.0487852,0.404881,0.951571,0.838738,0.0363556,0.45626,0.328296,0.341185,0.644901,0.588712,-0.348014,0.00631811,0.54728,0.000674283,0.500562,0.510414,0.56919,-0.406125,17.837520997287573,4.769978632830057,-13.742595905430145,18.97770722429736,-15.085626397821024,4.692720413403698
0.43559813499450684,-7.32792,4.66775,-0.164654,0.381442,1.02302,0.817402,0.0363414,0.456244,0.328281,0.34085,0.644656,0.588822,-0.348611,0.0197936,0.535289,-0.0176944,0.510612,0.506104,0.532586,-0.44664,23.34137948356874,5.1022463726342675,-10.725614309059631,17.101377346781,-15.061008798744218,2.474205121934615
0.4365580081939697,-7.32792,4.66775,-0.164654,0.381442,1.02302,0.817402,0.0363414,0.456244,0.328281,0.34085,0.644656,0.588822,-0.348611,0.0197936,0.535289,-0.0176944,0.510612,0.506104,0.532586,-0.44664,23.34137948356874,5.1022463726342675,-10.725614309059631,17.101377346781,-15.061008798744218,2.474205121934615
0.5740861892700195,-7.63248,4.38519,0.049824,0.296333,1.07396,0.769591,0.0363689,0.456233,0.328154,0.341818,0.644911,0.588451,-0.347817,0.0367004,0.512666,-0.044198,0.527517,0.489855,0.480547,-0.500841,31.564987229539774,4.392002830801937,-6.851418313135328,13.927173778208,-13.706238281391581,0.762759808526946
0.5750377178192139,-7.63248,4.38519,0.049824,0.296333,1.07396,0.769591,0.0363689,0.456233,0.328154,0.341818,0.644911,0.588451,-0.347817,0.0367004,0.512666,-0.044198,0.527517,0.489855,0.480547,-0.500841,31.564987229539774,4.392002830801937,-6.851418313135328,13.927173778208,-13.706238281391581,0.762759808526946
0.7133195400238037,-7.3795,3.87022,0.111477,0.156736,1.08457,0.676112,0.0363713,0.456171,0.328012,0.340361,0.644484,0.588505,-0.349939,0.0574431,0.482624,-0.0710138,0.530305,0.479081,0.411744,-0.565442,40.32961548707407,3.187650582629378,-0.06757211410473041,10.290091837625463,-12.715696565415865,2.3175443074435007
0.7142660617828369,-7.3795,3.87022,0.111477,0.156736,1.08457,0.676112,0.0363713,0.456171,0.328012,0.340361,0.644484,0.588505,-0.349939,0.0574431,0.482624,-0.0710138,0.530305,0.479081,0.411744,-0.565442,40.32961548707407,3.187650582629378,-0.06757211410473041,10.290091837625463,-12.715696565415865,2.3175443074435007
0.85349440574646,-7.42151,3.36897,0.793024,0.0160396,0.979632,0.60625,0.036444,0.456109,0.327505,0.34094,0.644239,0.589038,-0.348927,0.0702046,0.447432,-0.0930838,0.54984,0.45383,0.347816,-0.608883,49.37960307984541,1.9425204558324272,3.947114570178761,6.713522906555458,-12.601457889347433,3.027894326906819
0.8544435501098633,-7.42151,3.36897,0.793024,0.0160396,0.979632,0.60625,0.036444,0.456109,0.327505,0.34094,0.644239,0.589038,-0.348927,0.0702046,0.447432,-0.0930838,0.54984,0.45383,0.347816,-0.608883,49.37960307984541,1.9425204558324272,3.947114570178761,6.713522906555458,-12.601457889347433,3.027894326906819
0.9926810264587402,-6.94337,2.60901,0.879145,-0.125473,0.895322,0.465917,0.0366096,0.456073,0.327418,0.34139,0.644664,0.588413,-0.348758,0.0832427,0.417925,-0.105017,0.564182,0.438792,0.294774,-0.634247,55.99447610658599,1.600171725675203,6.562663753058299,3.106022800675535,-11.310280948311883,4.99179388960527
0.9936285018920898,-6.94337,2.60901,0.879145,-0.125473,0.895322,0.465917,0.0366096,0.456073,0.327418,0.34139,0.644664,0.588413,-0.348758,0.0832427,0.417925,-0.105017,0.564182,0.438792,0.294774,-0.634247,55.99447610658599,1.600171725675203,6.562663753058299,3.106022800675535,-11.310280948311883,4.99179388960527
1.1346771717071533,-6.99388,3.05259,0.789847,-0.0734583,0.922214,0.54302,0.0367362,0.456005,0.327364,0.341853,0.645031,0.587619,-0.348964,0.094719,0.386579,-0.112368,0.584907,0.418952,0.241117,-0.651326,62.97040799636109,1.7525148537988886,7.279766519714785,-0.336474564957463,-9.914526823734889,6.119942521817879
1.1356382369995117,-6.99388,3.05259,0.789847,-0.0734583,0.922214,0.54302,0.0367362,0.456005,0.327364,0.341853,0.645031,0.587619,-0.348964,0.094719,0.386579,-0.112368,0.584907,0.418952,0.241117,-0.651326,62.97040799636109,1.7525148537988886,7.279766519714785,-0.336474564957463,-9.914526823734889,6.119942521817879
1.3044724464416504,-6.73014,3.12064,0.418568,-0.0161246,0.920225,0.564354,0.0366939,0.456049,0.327434,0.341749,0.645057,0.587855,-0.34862,0.0929884,0.348616,-0.118074,0.621887,0.369241,0.195861,-0.662236,71.65764641755605,1.478642131570289,4.480415151159538,-4.801568267129703,-10.445237172999494,7.294026276733322
1.3054289817810059,-6.73014,3.12064,0.418568,-0.0161246,0.920225,0.564354,0.0366939,0.456049,0.327434,0.341749,0.645057,0.587855,-0.34862,0.0929884,0.348616,-0.118074,0.621887,0.369241,0.195861,-0.662236,71.65764641755605,1.478642131570289,4.480415151159538,-4.801568267129703,-10.445237172999494,7.294026276733322
1.4453682899475098,-6.53494,2.35008,0.315825,-0.0867939,0.929153,0.429941,0.0366247,0.456072,0.327352,0.340746,0.645362,0.5877,-0.349297,0.0723628,0.321411,-0.121021,0.662675,0.298733,0.197169,-0.657834,77.47464944682427,1.3654092949340213,-4.413668546392766,-9.463196651477695,-11.178215529965511,8.734029193628894
1.4463179111480713,-6.53494,2.35008,0.315825,-0.0867939,0.929153,0.429941,0.0366247,0.456072,0.327352,0.340746,0.645362,0.5877,-0.349297,0.0723628,0.321411,-0.121021,0.662675,0.298733,0.197169,-0.657834,77.47464944682427,1.3654092949340213,-4.413668546392766,-9.463196651477695,-11.178215529965511,8.734029193628894
1.5851585865020752,-6.90857,1.61716,0.512923,-0.20484,0.86321,0.26998,0.0366225,0.456044,0.327208,0.34052,0.645296,0.587571,-0.349856,0.0647923,0.310222,-0.121373,0.674302,0.269811,0.195966,-0.658875,79.85645582974968,0.998458438699011,-6.401233397435159,-10.31027190270052,-10.711567113183087,9.067479537656581
1.5861108303070068,-6.90857,1.61716,0.512923,-0.20484,0.86321,0.26998,0.0366225,0.456044,0.327208,0.34052,0.645296,0.587571,-0.349856,0.0647923,0.310222,-0.121373,0.674302,0.269811,0.195966,-0.658875,79.85645582974968,0.998458438699011,-6.401233397435159,-10.31027190270052,-10.711567113183087,9.067479537656581
1.726440191268921,-6.68972,0.503828,0.0567876,-0.376064,0.926865,0.0660516,0.0364411,0.456124,0.327489,0.340334,0.644011,0.588956,-0.350077,0.0612216,0.318155,-0.121706,0.671339,0.278349,0.210243,-0.653929,77.90167349229543,1.163595626583354,-6.403819375504857,-10.178770868341836,-12.497651249964422,9.162229794664931
1.7274012565612793,-6.68972,0.503828,0.0567876,-0.376064,0.926865,0.0660516,0.0364411,0.456124,0.327489,0.340334,0.644011,0.588956,-0.350077,0.0612216,0.318155,-0.121706,0.671339,0.278349,0.210243,-0.653929,77.90167349229543,1.163595626583354,-6.403819375504857,-10.178770868341836,-12.497651249964422,9.162229794664931
1.867913007736206,-7.25976,0.85614,1.09263,-0.362576,0.808419,0.173208,0.0364057,0.456178,0.327134,0.339529,0.644613,0.58844,-0.350618,0.0450429,0.356717,-0.121352,0.657866,0.303437,0.281918,-0.629016,69.1813331514794,1.4185844696380643,-8.109903403547754,-6.85853487457488,-13.453732110151543,7.074566375595568
1.8688774108886719,-7.25976,0.85614,1.09263,-0.362576,0.808419,0.173208,0.0364057,0.456178,0.327134,0.339529,0.644613,0.58844,-0.350618,0.0450429,0.356717,-0.121352,0.657866,0.303437,0.281918,-0.629016,69.1813331514794,1.4185844696380643,-8.109903403547754,-6.85853487457488,-13.453732110151543,7.074566375595568
2.0090229511260986,-7.93034,1.5847,0.732186,-0.20943,0.975205,0.332292,0.0362216,0.45627,0.32736,0.339976,0.644353,0.588672,-0.350274,0.0323119,0.401182,-0.111529,0.632621,0.345265,0.357314,-0.594062,58.29119398425253,1.6261825440293773,-9.229008980935316,-4.530159824674049,-14.597433976381147,6.824811167274639
2.0099761486053467,-7.93034,1.5847,0.732186,-0.20943,0.975205,0.332292,0.0362216,0.45627,0.32736,0.339976,0.644353,0.588672,-0.350274,0.0323119,0.401182,-0.111529,0.632621,0.345265,0.357314,-0.594062,58.29119398425253,1.6261825440293773,-9.229008980935316,-4.530159824674049,-14.597433976381147,6.824811167274639
2.150857448577881,-7.7612,2.4864,-0.181027,-0.0423457,1.09167,0.492022,0.0361788,0.45634,0.327863,0.340789,0.64444,0.588602,-0.349439,0.0245307,0.436743,-0.098105,0.610398,0.375366,0.405033,-0.567859,50.74908632823257,1.5442768629465284,-9.558378958499597,2.54797013736292,-15.308421876649195,3.7336078750635577
2.1518189907073975,-7.7612,2.4864,-0.181027,-0.0423457,1.09167,0.492022,0.0361788,0.45634,0.327863,0.340789,0.64444,0.588602,-0.349439,0.0245307,0.436743,-0.098105,0.610398,0.375366,0.405033,-0.567859,50.74908632823257,1.5442768629465284,-9.558378958499597,2.54797013736292,-15.308421876649195,3.7336078750635577
2.320054769515991,-7.41477,2.90043,-1.19462,0.0489292,1.22757,0.581819,0.0361555,0.45639,0.328356,0.340443,0.64421,0.589002,-0.349527,0.0150193,0.475883,-0.0755304,0.574903,0.413295,0.462166,-0.533926,41.13636868617544,1.2407019564596862,-9.535171033916885,8.757051493722882,-16.193405572903327,3.019326877041279
2.3209941387176514,-7.41477,2.90043,-1.19462,0.0489292,1.22757,0.581819,0.0361555,0.45639,0.328356,0.340443,0.64421,0.589002,-0.349527,0.0150193,0.475883,-0.0755304,0.574903,0.413295,0.462166,-0.533926,41.13636868617544,1.2407019564596862,-9.535171033916885,8.757051493722882,-16.193405572903327,3.019326877041279
2.462296724319458,-6.64359,3.7925,-2.05917,0.205578,1.31524,0.751564,0.0362156,0.456353,0.328694,0.340561,0.64536,0.588349,-0.348388,0.0160099,0.505753,-0.0524519,0.534049,0.451301,0.496005,-0.514877,33.62875635457477,0.6690660226201933,-7.31945781119541,14.523245576289641,-16.004895342897367,2.3718067867949193
2.4632411003112793,-6.64359,3.7925,-2.05917,0.205578,1.31524,0.751564,0.0362156,0.456353,0.328694,0.340561,0.64536,0.588349,-0.348388,0.0160099,0.505753,-0.0524519,0.534049,0.451301,0.496005,-0.514877,33.62875635457477,0.6690660226201933,-7.31945781119541,14.523245576289641,-16.004895342897367,2.3718067867949193
2.605119466781616,-6.9665,4.51644,-1.97506,0.351294,1.2814,0.838248,0.0362181,0.456357,0.328773,0.341083,0.644806,0.588419,-0.348785,0.0164551,0.534196,-0.0240644,0.484667,0.492529,0.534567,-0.48657,24.51889043198131,0.6037479813371331,-5.497274009451171,19.034684430147585,-16.552914618026684,6.100064902327429
2.6060662269592285,-6.9665,4.51644,-1.97506,0.351294,1.2814,0.838248,0.0362181,0.456357,0.328773,0.341083,0.644806,0.588419,-0.348785,0.0164551,0.534196,-0.0240644,0.484667,0.492529,0.534567,-0.48657,24.51889043198131,0.6037479813371331,-5.497274009451171,19.034684430147585,-16.552914618026684,6.100064902327429
2.748941421508789,-7.11176,4.71292,-2.00344,0.413361,1.23777,0.877752,0.0364278,0.456281,0.328859,0.339748,0.647106,0.586983,-0.348248,0.00776807,0.555918,0.0110515,0.46227,0.519703,0.579803,-0.424315,15.640933464546508,2.0121983362031743,-9.457802989147837,22.06306460851693,-16.138937388339478,6.259767808403642
2.7498855590820312,-7.11176,4.71292,-2.00344,0.413361,1.23777,0.877752,0.0364278,0.456281,0.328859,0.339748,0.647106,0.586983,-0.348248,0.00776807,0.555918,0.0110515,0.46227,0.519703,0.579803,-0.424315,15.640933464546508,2.0121983362031743,-9.457802989147837,22.06306460851693,-16.138937388339478,6.259767808403642
2.8908023834228516,-7.93577,4.90912,-1.98004,0.444462,1.30035,0.887884,0.0364947,0.456255,0.328789,0.339594,0.64722,0.586601,-0.348829,0.00589785,0.567964,0.0376814,0.443399,0.5487,0.600781,-0.376015,8.87406911655715,4.286435451293279,-11.39298352459715,23.476034152968158,-16.906359210883238,7.676051049678382
2.8918092250823975,-7.93577,4.90912,-1.98004,0.444462,1.30035,0.887884,0.0364947,0.456255,0.328789,0.339594,0.64722,0.586601,-0.348829,0.00589785,0.567964,0.0376814,0.443399,0.5487,0.600781,-0.376015,8.87406911655715,4.286435451293279,-11.39298352459715,23.476034152968158,-16.906359210883238,7.676051049678382
3.033498764038086,-7.33228,5.21703,-1.42733,0.50462,1.04955,0.911,0.036379,0.456275,0.328747,0.341168,0.646049,0.587673,-0.347659,0.0119931,0.576764,0.0588154,0.414385,0.575031,0.608887,-0.356203,4.120026867688849,5.4849175853973,-9.620823208565442,26.01202185886684,-17.29584251221726,8.759691361035745
3.0344436168670654,-7.33228,5.21703,-1.42733,0.50462,1.04955,0.911,0.036379,0.456275,0.328747,0.341168,0.646049,0.587673,-0.347659,0.0119931,0.576764,0.0588154,0.414385,0.575031,0.608887,-0.356203,4.120026867688849,5.4849175853973,-9.620823208565442,26.01202185886684,-17.29584251221726,8.759691361035745
3.1778926849365234,-7.33157,6.21601,-2.59343,0.655975,1.2845,1.05112,0.0368453,0.456052,0.329014,0.339741,0.647022,0.587432,-0.347653,0.0241986,0.581132,0.075097,0.402587,0.60643,0.603477,-0.32555,0.40299081411963944,9.03721424000597,-9.60498727278817,25.051232227219415,-13.79109183627168,9.611416040386711
3.1788489818573,-7.33157,6.21601,-2.59343,0.655975,1.2845,1.05112,0.0368453,0.456052,0.329014,0.339741,0.647022,0.587432,-0.347653,0.0241986,0.581132,0.075097,0.402587,0.60643,0.603477,-0.32555,0.40299081411963944,9.03721424000597,-9.60498727278817,25.051232227219415,-13.79109183627168,9.611416040386711
3.3218648433685303,-7.37243,7.04869,-2.51275,0.780209,1.31235,1.1283,0.0381341,0.455672,0.32976,0.340702,0.645924,0.587879,-0.347998,0.0532285,0.58546,0.078377,0.384863,0.642539,0.566833,-0.34311,1.155793289003413,13.02451843149424,-4.332624396142404,30.218042967588353,-12.416998852973492,10.270015930686974
3.322887897491455,-7.37243,7.04869,-2.51275,0.780209,1.31235,1.1283,0.0381341,0.455672,0.32976,0.340702,0.645924,0.587879,-0.347998,0.0532285,0.58546,0.078377,0.384863,0.642539,0.566833,-0.34311,1.155793289003413,13.02451843149424,-4.332624396142404,30.218042967588353,-12.416998852973492,10.270015930686974
3.463590621948242,-7.01868,8.8927,-2.80735,1.08983,1.37953,1.47438,0.0392045,0.455225,0.329986,0.341438,0.652446,0.582231,-0.344589,0.071032,0.58253,0.0701667,0.408703,0.655946,0.536841,-0.338378,3.672836224205503,15.95477283785934,-5.361725222510459,28.82754855417568,-8.10803502673666,9.924780420053073
3.4644951820373535,-7.01868,8.8927,-2.80735,1.08983,1.37953,1.47438,0.0392045,0.455225,0.329986,0.341438,0.652446,0.582231,-0.344589,0.071032,0.58253,0.0701667,0.408703,0.655946,0.536841,-0.338378,3.672836224205503,15.95477283785934,-5.361725222510459,28.82754855417568,-8.10803502673666,9.924780420053073
3.6078858375549316,-7.00751,9.35132,-2.22618,1.15165,1.3231,1.61678,0.0402664,0.454865,0.330406,0.347055,0.658811,0.574954,-0.339041,0.0838271,0.576138,0.0522961,0.438414,0.652315,0.508898,-0.351143,8.069150341207086,16.48000327253126,-6.171074450070064,27.75650187600707,-7.761731789572381,9.830208923243672
3.6089229583740234,-7.00751,9.35132,-2.22618,1.15165,1.3231,1.61678,0.0402664,0.454865,0.330406,0.347055,0.658811,0.574954,-0.339041,0.0838271,0.576138,0.0522961,0.438414,0.652315,0.508898,-0.351143,8.069150341207086,16.48000327253126,-6.171074450070064,27.75650187600707,-7.761731789572381,9.830208923243672
3.752244234085083,-7.54498,8.68179,-1.5304,0.860782,1.34535,1.50813,0.0387694,0.455371,0.329451,0.349082,0.657922,0.574732,-0.339062,0.108154,0.560726,0.0259929,0.453217,0.639429,0.476113,-0.3988,14.819654015379268,15.521663826942792,-3.839347434768917,22.01309883485111,5.306839297306202,11.015705128577416
3.7531940937042236,-7.54498,8.68179,-1.5304,0.860782,1.34535,1.50813,0.0387694,0.455371,0.329451,0.349082,0.657922,0.574732,-0.339062,0.108154,0.560726,0.0259929,0.453217,0.639429,0.476113,-0.3988,14.819654015379268,15.521663826942792,-3.839347434768917,22.01309883485111,5.306839297306202,11.015705128577416
3.8961243629455566,-6.46631,8.9932,-0.861528,1.0411,1.19176,1.57535,0.0389126,0.455187,0.329644,0.349151,0.656541,0.576914,-0.337961,0.129967,0.534816,-0.00687175,0.49061,0.621606,0.409764,-0.45277,26.203746240397738,16.180317530222748,-2.629816713790392,19.430640602844594,7.10484066001977,6.031454032360305
3.897082567214966,-6.46631,8.9932,-0.861528,1.0411,1.19176,1.57535,0.0389126,0.455187,0.329644,0.349151,0.656541,0.576914,-0.337961,0.129967,0.534816,-0.00687175,0.49061,0.621606,0.409764,-0.45277,26.203746240397738,16.180317530222748,-2.629816713790392,19.430640602844594,7.10484066001977,6.031454032360305
4.039203643798828,-7.45443,8.83995,-1.02605,1.018,1.42336,1.5109,0.0400897,0.454875,0.330195,0.349712,0.659148,0.57456,-0.336313,0.140845,0.511383,-0.0297245,0.523013,0.59835,0.369241,-0.481764,33.73605749507242,15.629951285056725,-3.8383689462690262,14.6385790205875,8.569365473304849,5.424245383051412
4.040224313735962,-7.45443,8.83995,-1.02605,1.018,1.42336,1.5109,0.0400897,0.454875,0.330195,0.349712,0.659148,0.57456,-0.336313,0.140845,0.511383,-0.0297245,0.523013,0.59835,0.369241,-0.481764,33.73605749507242,15.629951285056725,-3.8383689462690262,14.6385790205875,8.569365473304849,5.424245383051412
4.182291030883789,-7.91915,9.16532,-0.502794,1.06193,1.39847,1.60151,0.0394606,0.45501,0.330036,0.350707,0.660049,0.573133,-0.335944,0.148033,0.488918,-0.0482358,0.552605,0.577068,0.330056,-0.502676,40.40109470312166,15.700436124888034,-5.616288711124486,11.401934212235513,8.784067666765292,5.900456589514153
4.183246850967407,-7.91915,9.16532,-0.502794,1.06193,1.39847,1.60151,0.0394606,0.45501,0.330036,0.350707,0.660049,0.573133,-0.335944,0.148033,0.488918,-0.0482358,0.552605,0.577068,0.330056,-0.502676,40.40109470312166,15.700436124888034,-5.616288711124486,11.401934212235513,8.784067666765292,5.900456589514153
4.3274335861206055,-7.45255,8.93807,-0.23195,1.02745,1.29434,1.60226,0.0394947,0.455034,0.329934,0.350107,0.660116,0.572799,-0.337005,0.151705,0.466886,-0.063358,0.58045,0.552143,0.29736,-0.519416,46.441725884491184,15.737961785567489,-8.29255567139305,8.23338542822634,9.198712428055673,6.393207405471823
4.3283915519714355,-7.45255,8.93807,-0.23195,1.02745,1.29434,1.60226,0.0394947,0.455034,0.329934,0.350107,0.660116,0.572799,-0.337005,0.151705,0.466886,-0.063358,0.58045,0.552143,0.29736,-0.519416,46.441725884491184,15.737961785567489,-8.29255567139305,8.23338542822634,9.198712428055673,6.393207405471823
4.471430540084839,-8.58651,8.27712,-0.341181,0.968892,1.40081,1.49118,0.0391234,0.455138,0.329897,0.350967,0.659953,0.574082,-0.334236,0.157721,0.444193,-0.0748257,0.596579,0.535635,0.263621,-0.53637,51.896242154944886,15.249523034699804,-9.209693014029886,3.3323448311826365,7.269761348061716,8.544718722040228
4.472340822219849,-8.58651,8.27712,-0.341181,0.968892,1.40081,1.49118,0.0391234,0.455138,0.329897,0.350967,0.659953,0.574082,-0.334236,0.157721,0.444193,-0.0748257,0.596579,0.535635,0.263621,-0.53637,51.896242154944886,15.249523034699804,-9.209693014029886,3.3323448311826365,7.269761348061716,8.544718722040228
4.614490985870361,-8.03319,7.49448,-0.290445,0.851125,1.29193,1.37249,0.0389747,0.455295,0.329658,0.350271,0.659237,0.574757,-0.335217,0.165723,0.419235,-0.0825844,0.593578,0.526215,0.222315,-0.566868,57.11255742598054,13.603281579981665,-6.528926070813149,-0.2905390400206649,5.847944508551597,10.004968814129402
4.6154468059539795,-8.03319,7.49448,-0.290445,0.851125,1.29193,1.37249,0.0389747,0.455295,0.329658,0.350271,0.659237,0.574757,-0.335217,0.165723,0.419235,-0.0825844,0.593578,0.526215,0.222315,-0.566868,57.11255742598054,13.603281579981665,-6.528926070813149,-0.2905390400206649,5.847944508551597,10.004968814129402
4.760630369186401,-8.50132,7.44089,-0.315545,0.855357,1.31365,1.36469,0.0385729,0.455266,0.329576,0.350718,0.657683,0.574871,-0.337599,0.168122,0.392921,-0.0909502,0.630541,0.493417,0.181841,-0.570869,64.054612246421,14.72951633358807,-14.50510214957262,-0.8016355402765809,5.539891765907446,10.856119073771902
4.761587381362915,-8.50132,7.44089,-0.315545,0.855357,1.31365,1.36469,0.0385729,0.455266,0.329576,0.350718,0.657683,0.574871,-0.337599,0.168122,0.392921,-0.0909502,0.630541,0.493417,0.181841,-0.570869,64.054612246421,14.72951633358807,-14.50510214957262,-0.8016355402765809,5.539891765907446,10.856119073771902
4.903719663619995,-8.00328,7.18057,-0.505932,0.803403,1.29385,1.33607,0.0382318,0.455395,0.329425,0.350819,0.658441,0.574408,-0.336804,0.172275,0.366886,-0.0947213,0.644098,0.463914,0.144178,-0.590875,70.17472373536141,13.091241184510238,-18.088014531931094,-3.5608506494338465,7.477544863366101,10.438188262700399
4.904684543609619,-8.00328,7.18057,-0.505932,0.803403,1.29385,1.33607,0.0382318,0.455395,0.329425,0.350819,0.658441,0.574408,-0.336804,0.172275,0.366886,-0.0947213,0.644098,0.463914,0.144178,-0.590875,70.17472373536141,13.091241184510238,-18.088014531931094,-3.5608506494338465,7.477544863366101,10.438188262700399
5.048031330108643,-8.11044,6.88724,-0.764301,0.756914,1.35333,1.28386,0.0381468,0.455448,0.329436,0.350297,0.658429,0.574629,-0.336994,0.176052,0.344907,-0.0957228,0.661701,0.442735,0.107867,-0.595401,75.59298688093249,13.41562715850198,-27.13849340979354,-4.939974806254892,6.133131545077751,11.81815987874038
5.048987627029419,-8.11044,6.88724,-0.764301,0.756914,1.35333,1.28386,0.0381468,0.455448,0.329436,0.350297,0.658429,0.574629,-0.336994,0.176052,0.344907,-0.0957228,0.661701,0.442735,0.107867,-0.595401,75.59298688093249,13.41562715850198,-27.13849340979354,-4.939974806254892,6.133131545077751,11.81815987874038
5.190791606903076,-8.04423,6.7815,-0.491745,0.714722,1.28048,1.27149,0.0382338,0.455434,0.329337,0.350393,0.65917,0.573934,-0.336629,0.177683,0.331357,-0.0958345,0.670623,0.429579,0.0904968,-0.597944,78.32350318876279,13.384182197711308,-33.214035353864844,-7.10969172822303,5.632060754655168,13.90551295945999
5.191738605499268,-8.04423,6.7815,-0.491745,0.714722,1.28048,1.27149,0.0382338,0.455434,0.329337,0.350393,0.65917,0.573934,-0.336629,0.177683,0.331357,-0.0958345,0.670623,0.429579,0.0904968,-0.597944,78.32350318876279,13.384182197711308,-33.214035353864844,-7.10969172822303,5.632060754655168,13.90551295945999
5.336690187454224,-8.47435,6.32577,-0.0645448,0.637537,1.23277,1.17774,0.0381541,0.455446,0.32907,0.351812,0.657914,0.574711,-0.336281,0.17871,0.323718,-0.0952925,0.670571,0.425774,0.0791113,-0.602323,79.62422513874472,12.80414004733402,-34.51832892571433,-7.976011522364992,4.145118625171121,14.656536967601841
5.337643623352051,-8.47435,6.32577,-0.0645448,0.637537,1.23277,1.17774,0.0381541,0.455446,0.32907,0.351812,0.657914,0.574711,-0.336281,0.17871,0.323718,-0.0952925,0.670571,0.425774,0.0791113,-0.602323,79.62422513874472,12.80414004733402,-34.51832892571433,-7.976011522364992,4.145118625171121,14.656536967601841
5.481542110443115,-8.16344,5.51325,0.226246,0.495697,1.10565,0.999715,0.0380179,0.455503,0.32869,0.350835,0.65715,0.576137,-0.336355,0.176715,0.319612,-0.0962208,0.671498,0.417603,0.0766598,-0.607307,80.54544850281384,12.113260358728379,-35.783346443523655,-9.098034271492962,4.676114932870361,14.652248131265093
5.482537508010864,-8.16344,5.51325,0.226246,0.495697,1.10565,0.999715,0.0380179,0.455503,0.32869,0.350835,0.65715,0.576137,-0.336355,0.176715,0.319612,-0.0962208,0.671498,0.417603,0.0766598,-0.607307,80.54544850281384,12.113260358728379,-35.783346443523655,-9.098034271492962,4.676114932870361,14.652248131265093
5.626378536224365,-7.45247,4.05422,0.411518,0.22437,0.935173,0.673878,0.0373944,0.455619,0.32817,0.350139,0.658979,0.573637,-0.337771,0.176703,0.318134,-0.0956686,0.649349,0.429502,0.066171,-0.624096,80.1256724931337,10.255376794151852,-27.22487757645409,-7.671181378198686,3.3422792956876033,13.338320782462857
5.627327919006348,-7.45247,4.05422,0.411518,0.22437,0.935173,0.673878,0.0373944,0.455619,0.32817,0.350139,0.658979,0.573637,-0.337771,0.176703,0.318134,-0.0956686,0.649349,0.429502,0.066171,-0.624096,80.1256724931337,10.255376794151852,-27.22487757645409,-7.671181378198686,3.3422792956876033,13.338320782462857
5.772113800048828,-7.56115,3.33722,0.71212,0.0337274,0.854081,0.5435,0.0375675,0.455533,0.327533,0.349579,0.656699,0.57521,-0.34011,0.16926,0.317403,-0.0998732,0.602308,0.443929,0.0688225,-0.65986,77.42359759965804,5.207892992024182,0.17028953526519713,-7.078398895052693,0.10070362132537952,13.819375622261362
5.773022413253784,-7.56115,3.33722,0.71212,0.0337274,0.854081,0.5435,0.0375675,0.455533,0.327533,0.349579,0.656699,0.57521,-0.34011,0.16926,0.317403,-0.0998732,0.602308,0.443929,0.0688225,-0.65986,77.42359759965804,5.207892992024182,0.17028953526519713,-7.078398895052693,0.10070362132537952,13.819375622261362
5.916393995285034,-6.18267,2.44876,0.551062,-0.250121,0.748926,0.502497,0.0371975,0.455863,0.327985,0.346336,0.656056,0.57674,-0.342072,0.152118,0.338382,-0.103051,0.573628,0.451365,0.110267,-0.674582,72.31833593880151,2.637466004818582,13.441828474759602,-6.035511085639445,-2.7131589188372356,9.362324555745724
5.917420387268066,-6.18267,2.44876,0.551062,-0.250121,0.748926,0.502497,0.0371975,0.455863,0.327985,0.346336,0.656056,0.57674,-0.342072,0.152118,0.338382,-0.103051,0.573628,0.451365,0.110267,-0.674582,72.31833593880151,2.637466004818582,13.441828474759602,-6.035511085639445,-2.7131589188372356,9.362324555745724
6.063421964645386,-7.44348,2.08264,0.595666,-0.292759,0.760767,0.428492,0.0369684,0.456018,0.328171,0.346547,0.655506,0.577053,-0.342384,0.151145,0.376413,-0.0996798,0.528278,0.494312,0.155881,-0.672517,63.72933464053108,2.126130861122953,19.391371910217792,1.6939100158805893,-3.2493099848181104,6.242252808640365
6.064373970031738,-7.44348,2.08264,0.595666,-0.292759,0.760767,0.428492,0.0369684,0.456018,0.328171,0.346547,0.655506,0.577053,-0.342384,0.151145,0.376413,-0.0996798,0.528278,0.494312,0.155881,-0.672517,63.72933464053108,2.126130861122953,19.391371910217792,1.6939100158805893,-3.2493099848181104,6.242252808640365
6.224355220794678,-7.41861,1.93595,0.527875,-0.315095,0.768814,0.487401,0.0370317,0.456008,0.328368,0.344798,0.657183,0.575698,-0.343215,0.150266,0.417676,-0.0888489,-0.472025,-0.532937,-0.211847,0.669546,53.942849700768654,1.1590132275723768,23.538310126910087,8.532647972957093,-0.06788401182250861,2.961761137797834
6.225262880325317,-7.41861,1.93595,0.527875,-0.315095,0.768814,0.487401,0.0370317,0.456008,0.328368,0.344798,0.657183,0.575698,-0.343215,0.150266,0.417676,-0.0888489,-0.472025,-0.532937,-0.211847,0.669546,53.942849700768654,1.1590132275723768,23.538310126910087,8.532647972957093,-0.06788401182250861,2.961761137797834
6.366973876953125,-6.47225,1.89334,0.356524,-0.284682,0.673291,0.488439,0.0371153,0.456006,0.328392,0.345458,0.656088,0.576812,-0.342776,0.142875,0.449775,-0.0775282,-0.433185,-0.552273,-0.262771,0.66204,46.28339685739763,0.09558062319658277,25.10183989657411,14.700942455940588,-1.2185246823967473,1.4106682088454794
6.367887258529663,-6.47225,1.89334,0.356524,-0.284682,0.673291,0.488439,0.0371153,0.456006,0.328392,0.345458,0.656088,0.576812,-0.342776,0.142875,0.449775,-0.0775282,-0.433185,-0.552273,-0.262771,0.66204,46.28339685739763,0.09558062319658277,25.10183989657411,14.700942455940588,-1.2185246823967473,1.4106682088454794
6.512101650238037,-6.24795,1.14719,-0.253017,-0.388219,0.805701,0.35252,0.0369437,0.45609,0.328473,0.347086,0.655983,0.576864,-0.341242,0.130949,0.475748,-0.0671943,-0.407503,-0.560796,-0.311386,0.649991,39.94910823391561,-1.0070520553323314,24.697652433460533,19.336462079044335,-4.809186601922436,2.6963873471962803
6.51304817199707,-6.24795,1.14719,-0.253017,-0.388219,0.805701,0.35252,0.0369437,0.45609,0.328473,0.347086,0.655983,0.576864,-0.341242,0.130949,0.475748,-0.0671943,-0.407503,-0.560796,-0.311386,0.649991,39.94910823391561,-1.0070520553323314,24.697652433460533,19.336462079044335,-4.809186601922436,2.6963873471962803
6.659094572067261,-6.68781,1.27293,0.0834814,-0.344946,0.808873,0.345621,0.0366436,0.456225,0.328351,0.346125,0.654798,0.578302,-0.342059,0.116844,0.498768,-0.0555934,-0.396994,-0.562675,-0.361844,0.62838,34.54359868732507,-1.1059912604804867,21.506595906505368,21.68467575364425,-5.483777809099116,4.394608578455131
6.660055160522461,-6.68781,1.27293,0.0834814,-0.344946,0.808873,0.345621,0.0366436,0.456225,0.328351,0.346125,0.654798,0.578302,-0.342059,0.116844,0.498768,-0.0555934,-0.396994,-0.562675,-0.361844,0.62838,34.54359868732507,-1.1059912604804867,21.506595906505368,21.68467575364425,-5.483777809099116,4.394608578455131
6.805345058441162,-6.94017,2.41688,0.913515,-0.103143,0.695512,0.492563,0.0365217,0.456248,0.328372,0.345931,0.654407,0.579098,-0.341655,0.102394,0.528013,-0.0322568,-0.384214,-0.570784,-0.424174,0.58878,27.194405833447192,-0.5689526579541011,16.821619661248477,25.538902649229005,-5.313487145962629,5.249091031529658
6.806300640106201,-6.94017,2.41688,0.913515,-0.103143,0.695512,0.492563,0.0365217,0.456248,0.328372,0.345931,0.654407,0.579098,-0.341655,0.102394,0.528013,-0.0322568,-0.384214,-0.570784,-0.424174,0.58878,27.194405833447192,-0.5689526579541011,16.821619661248477,25.538902649229005,-5.313487145962629,5.249091031529658
6.951193332672119,-7.23693,3.31273,0.605336,0.0798193,0.790036,0.602116,0.0367154,0.456199,0.328551,0.347289,0.655583,0.577418,-0.340866,0.0919774,0.551808,-0.00388812,0.353555,0.584261,0.47756,-0.552788,19.063339084688977,-0.8605524890316929,14.679034487257752,29.198730158283556,-7.0377744412987395,7.678667821785185
6.952161073684692,-7.23693,3.31273,0.605336,0.0798193,0.790036,0.602116,0.0367154,0.456199,0.328551,0.347289,0.655583,0.577418,-0.340866,0.0919774,0.551808,-0.00388812,0.353555,0.584261,0.47756,-0.552788,19.063339084688977,-0.8605524890316929,14.679034487257752,29.198730158283556,-7.0377744412987395,7.678667821785185
7.0982184410095215,-7.20258,3.85369,-0.470735,0.17302,0.978091,0.671031,0.036988,0.4561,0.328741,0.34623,0.655745,0.577204,-0.341993,0.0824041,0.566738,0.0196607,0.340461,0.591291,0.518982,-0.514898,13.225461260354548,-0.35544401536526143,11.2358619237737,30.621436937972412,-5.78027954163541,9.47529712030327
7.099165439605713,-7.20258,3.85369,-0.470735,0.17302,0.978091,0.671031,0.036988,0.4561,0.328741,0.34623,0.655745,0.577204,-0.341993,0.0824041,0.566738,0.0196607,0.340461,0.591291,0.518982,-0.514898,13.225461260354548,-0.35544401536526143,11.2358619237737,30.621436937972412,-5.78027954163541,9.47529712030327
7.26064395904541,-6.94549,3.81768,-0.659907,0.199078,0.980985,0.648054,0.0370007,0.456088,0.328693,0.345989,0.656106,0.576804,-0.342218,0.070906,0.576529,0.0361438,0.335092,0.593954,0.550192,-0.481892,8.967767739507098,-0.12665044475603124,8.057450998662867,31.569558874015932,-7.146091899281488,12.525511999314318
7.261605739593506,-6.94549,3.81768,-0.659907,0.199078,0.980985,0.648054,0.0370007,0.456088,0.328693,0.345989,0.656106,0.576804,-0.342218,0.070906,0.576529,0.0361438,0.335092,0.593954,0.550192,-0.481892,8.967767739507098,-0.12665044475603124,8.057450998662867,31.569558874015932,-7.146091899281488,12.525511999314318
7.4080400466918945,-6.83041,4.69601,-0.916928,0.313073,1.0198,0.845748,0.0370437,0.456064,0.328729,0.3458,0.656763,0.57635,-0.341914,0.0583692,0.578264,0.0451244,0.346917,0.595233,0.564451,-0.454687,7.360035845935899,0.894677625053013,4.650790691901253,30.805982691710764,-12.553313847874973,11.294895443199149
7.40899133682251,-6.83041,4.69601,-0.916928,0.313073,1.0198,0.845748,0.0370437,0.456064,0.328729,0.3458,0.656763,0.57635,-0.341914,0.0583692,0.578264,0.0451244,0.346917,0.595233,0.564451,-0.454687,7.360035845935899,0.894677625053013,4.650790691901253,30.805982691710764,-12.553313847874973,11.294895443199149
7.55573296546936,-6.71878,4.1404,-1.30135,0.256765,1.09261,0.750635,0.0371798,0.455987,0.328787,0.347368,0.655066,0.577395,-0.341818,0.0479258,0.575172,0.0426573,0.374958,0.586016,0.567867,-0.439908,8.413155429490809,1.7470156975998525,1.2290769648596769,30.063404253608514,-15.24415662566934,8.7171627490076
7.556691646575928,-6.71878,4.1404,-1.30135,0.256765,1.09261,0.750635,0.0371798,0.455987,0.328787,0.347368,0.655066,0.577395,-0.341818,0.0479258,0.575172,0.0426573,0.374958,0.586016,0.567867,-0.439908,8.413155429490809,1.7470156975998525,1.2290769648596769,30.063404253608514,-15.24415662566934,8.7171627490076
7.703831672668457,-6.78625,3.97529,-1.14403,0.220953,1.1092,0.699995,0.0371319,0.456012,0.328716,0.346089,0.655598,0.57708,-0.342626,0.0537922,0.565976,0.0213164,0.391096,0.574435,0.541176,-0.473494,13.590874675867777,1.2111289345448455,2.8193756386507425,28.784706774587875,-14.340824547685608,6.981403856083949
7.704802989959717,-6.78625,3.97529,-1.14403,0.220953,1.1092,0.699995,0.0371319,0.456012,0.328716,0.346089,0.655598,0.57708,-0.342626,0.0537922,0.565976,0.0213164,0.391096,0.574435,0.541176,-0.473494,13.590874675867777,1.2111289345448455,2.8193756386507425,28.784706774587875,-14.340824547685608,6.981403856083949
7.852918386459351,-7.30923,3.84078,-0.331126,0.17853,1.04851,0.679759,0.0370116,0.456062,0.328514,0.347294,0.656514,0.576249,-0.341046,0.0536524,0.5517,-0.00334448,0.423422,0.552347,0.516745,-0.498599,19.551157726410274,0.4321502668043078,2.507800619429041,25.475444042765396,-14.812066152028262,5.786887094293284
7.853879690170288,-7.30923,3.84078,-0.331126,0.17853,1.04851,0.679759,0.0370116,0.456062,0.328514,0.347294,0.656514,0.576249,-0.341046,0.0536524,0.5517,-0.00334448,0.423422,0.552347,0.516745,-0.498599,19.551157726410274,0.4321502668043078,2.507800619429041,25.475444042765396,-14.812066152028262,5.786887094293284
7.999639511108398,-7.39779,3.74521,-0.112496,0.166598,1.05235,0.665106,0.0369107,0.456072,0.328512,0.34573,0.656923,0.576074,-0.342142,0.0477415,0.536222,-0.0232144,0.464922,0.523989,0.500153,-0.509048,25.132451694423324,0.5415316677302879,-0.5087847146722927,21.729494981887125,-13.632686336927339,3.4250051209508707
8.000593900680542,-7.39779,3.74521,-0.112496,0.166598,1.05235,0.665106,0.0369107,0.456072,0.328512,0.34573,0.656923,0.576074,-0.342142,0.0477415,0.536222,-0.0232144,0.464922,0.523989,0.500153,-0.509048,25.132451694423324,0.5415316677302879,-0.5087847146722927,21.729494981887125,-13.632686336927339,3.4250051209508707
8.148452997207642,-7.4637,3.58674,-0.204427,0.149058,1.07486,0.634281,0.0369284,0.456074,0.328535,0.345408,0.656903,0.576183,-0.342322,0.0469764,0.520446,-0.0407237,-0.495068,-0.502658,-0.478812,0.522477,30.116139661047367,0.8130004640493772,-1.9319321062255355,18.302889702272935,-13.472505823445772,2.7702814532185798
8.149422645568848,-7.4637,3.58674,-0.204427,0.149058,1.07486,0.634281,0.0369284,0.456074,0.328535,0.345408,0.656903,0.576183,-0.342322,0.0469764,0.520446,-0.0407237,-0.495068,-0.502658,-0.478812,0.522477,30.116139661047367,0.8130004640493772,-1.9319321062255355,18.302889702272935,-13.472505823445772,2.7702814532185798
8.310421466827393,-7.24353,3.63563,0.00414299,0.16654,1.01591,0.642014,0.0369612,0.456084,0.328449,0.346083,0.655992,0.577035,-0.341953,0.0408644,0.503288,-0.0560853,0.532202,0.47416,0.464539,-0.525487,34.783716031209,1.34110106723365,-5.191752468498946,14.542460118603072,-14.563694688743816,2.1555344456870804
8.311316013336182,-7.24353,3.63563,0.00414299,0.16654,1.01591,0.642014,0.0369612,0.456084,0.328449,0.346083,0.655992,0.577035,-0.341953,0.0408644,0.503288,-0.0560853,0.532202,0.47416,0.464539,-0.525487,34.783716031209,1.34110106723365,-5.191752468498946,14.542460118603072,-14.563694688743816,2.1555344456870804
8.457121133804321,-7.27816,3.57966,-0.201028,0.174173,1.07099,0.642959,0.0369153,0.456096,0.328414,0.346258,0.655872,0.577159,-0.341796,0.0322114,0.48467,-0.0697362,0.571131,0.440448,0.454283,-0.522917,39.237807234522066,2.0285637903983846,-9.75273098240079,10.406757663269083,-15.670235413453407,1.8497805752692797
8.458086967468262,-7.27816,3.57966,-0.201028,0.174173,1.07099,0.642959,0.0369153,0.456096,0.328414,0.346258,0.655872,0.577159,-0.341796,0.0322114,0.48467,-0.0697362,0.571131,0.440448,0.454283,-0.522917,39.237807234522066,2.0285637903983846,-9.75273098240079,10.406757663269083,-15.670235413453407,1.8497805752692797
8.605069637298584,-7.5214,3.06608,-0.264267,0.0898888,1.1035,0.531567,0.0369141,0.456072,0.328372,0.346696,0.656425,0.576446,-0.341493,0.0331542,0.46959,-0.0800807,0.587446,0.422269,0.436828,-0.534582,42.85504673252588,1.9466745077638776,-10.404768408385062,7.537449609190041,-15.627491022779495,2.6703081167174885
8.606030464172363,-7.5214,3.06608,-0.264267,0.0898888,1.1035,0.531567,0.0369141,0.456072,0.328372,0.346696,0.656425,0.576446,-0.341493,0.0331542,0.46959,-0.0800807,0.587446,0.422269,0.436828,-0.534582,42.85504673252588,1.9466745077638776,-10.404768408385062,7.537449609190041,-15.627491022779495,2.6703081167174885
8.7523193359375,-7.38029,2.58867,-0.204552,0.011672,1.06903,0.447202,0.0368043,0.456077,0.328251,0.345677,0.655833,0.577142,-0.342486,0.031144,0.450544,-0.0908838,0.612247,0.394904,0.418466,-0.542301,47.34508378720583,2.4800674250179844,-12.85044333838034,4.284196241368084,-15.145311521251292,2.8481308395766836
8.753239154815674,-7.38029,2.58867,-0.204552,0.011672,1.06903,0.447202,0.0368043,0.456077,0.328251,0.345677,0.655833,0.577142,-0.342486,0.031144,0.450544,-0.0908838,0.612247,0.394904,0.418466,-0.542301,47.34508378720583,2.4800674250179844,-12.85044333838034,4.284196241368084,-15.145311521251292,2.8481308395766836
8.897411108016968,-7.62761,2.23827,-0.142605,-0.0437688,1.09354,0.379376,0.036861,0.456062,0.328073,0.347082,0.654505,0.577704,-0.342661,0.0258381,0.430766,-0.0994481,0.638693,0.362138,0.408224,-0.542477,51.0895429362103,2.8543052112132172,-16.413691523178013,0.8158779997446326,-15.467007478674244,3.897919910690651
8.898347616195679,-7.62761,2.23827,-0.142605,-0.0437688,1.09354,0.379376,0.036861,0.456062,0.328073,0.347082,0.654505,0.577704,-0.342661,0.0258381,0.430766,-0.0994481,0.638693,0.362138,0.408224,-0.542477,51.0895429362103,2.8543052112132172,-16.413691523178013,0.8158779997446326,-15.467007478674244,3.897919910690651
9.043887853622437,-7.59856,1.86161,-0.0234329,-0.118578,1.07553,0.298289,0.0369221,0.456045,0.327856,0.345519,0.655172,0.57771,-0.342954,0.0265488,0.410464,-0.107105,0.656695,0.334603,0.38668,-0.55432,55.79984870045139,3.031164794340156,-18.26774436959048,-2.5249570949843667,-14.111820064736246,4.18337614948721
9.044804096221924,-7.59856,1.86161,-0.0234329,-0.118578,1.07553,0.298289,0.0369221,0.456045,0.327856,0.345519,0.655172,0.57771,-0.342954,0.0265488,0.410464,-0.107105,0.656695,0.334603,0.38668,-0.55432,55.79984870045139,3.031164794340156,-18.26774436959048,-2.5249570949843667,-14.111820064736246,4.18337614948721
9.191095352172852,-7.32731,2.25157,0.0826101,-0.0644959,1.02562,0.383652,0.0369534,0.455999,0.327848,0.346179,0.654754,0.577595,-0.34328,0.0299867,0.395961,-0.111567,0.666749,0.318345,0.365525,-0.566122,59.24969237789691,3.0894263790979153,-18.68289465964613,-3.429882457609727,-13.512963379759462,4.154513372343376
9.192046880722046,-7.32731,2.25157,0.0826101,-0.0644959,1.02562,0.383652,0.0369534,0.455999,0.327848,0.346179,0.654754,0.577595,-0.34328,0.0299867,0.395961,-0.111567,0.666749,0.318345,0.365525,-0.566122,59.24969237789691,3.0894263790979153,-18.68289465964613,-3.429882457609727,-13.512963379759462,4.154513372343376
9.339857816696167,-7.3831,2.85849,0.132793,0.0336786,1.02124,0.49653,0.0370729,0.455981,0.327901,0.345536,0.655379,0.577421,-0.343028,0.0369357,0.382397,-0.11501,0.672165,0.311971,0.34086,-0.578518,62.36606406250263,3.3819621904117008,-18.557451973517555,-6.14682881489734,-13.321187389355336,5.390687748382096
9.340823411941528,-7.3831,2.85849,0.132793,0.0336786,1.02124,0.49653,0.0370729,0.455981,0.327901,0.345536,0.655379,0.577421,-0.343028,0.0369357,0.382397,-0.11501,0.672165,0.311971,0.34086,-0.578518,62.36606406250263,3.3819621904117008,-18.557451973517555,-6.14682881489734,-13.321187389355336,5.390687748382096
9.488898754119873,-7.41846,2.84618,0.0137576,0.0449721,1.05609,0.48986,0.0370851,0.455948,0.327897,0.34595,0.655091,0.577733,-0.342635,0.04279,0.367894,-0.117613,0.67674,0.299413,0.316215,-0.593618,65.87913246807443,2.9997297248973194,-17.60678423509549,-7.497694587604808,-12.068126042450885,5.773788691872078
9.489848852157593,-7.41846,2.84618,0.0137576,0.0449721,1.05609,0.48986,0.0370851,0.455948,0.327897,0.34595,0.655091,0.577733,-0.342635,0.04279,0.367894,-0.117613,0.67674,0.299413,0.316215,-0.593618,65.87913246807443,2.9997297248973194,-17.60678423509549,-7.497694587604808,-12.068126042450885,5.773788691872078
9.637762069702148,-7.55427,3.5695,0.117,0.150002,1.04063,0.62691,0.0372242,0.455896,0.327947,0.346692,0.655713,0.576862,-0.342161,0.0502238,0.356344,-0.119063,0.679984,0.297026,0.289041,-0.604858,68.69417241800514,3.2362271865913836,-17.34822282410292,-8.289585221280413,-13.333230745374198,6.031857917947508
9.638733863830566,-7.55427,3.5695,0.117,0.150002,1.04063,0.62691,0.0372242,0.455896,0.327947,0.346692,0.655713,0.576862,-0.342161,0.0502238,0.356344,-0.119063,0.679984,0.297026,0.289041,-0.604858,68.69417241800514,3.2362271865913836,-17.34822282410292,-8.289585221280413,-13.333230745374198,6.031857917947508
9.785665035247803,-7.34184,3.14347,-0.0854754,0.0892834,1.05677,0.541295,0.0372071,0.455916,0.327978,0.346113,0.655719,0.577028,-0.342457,0.0554483,0.34255,-0.120109,0.6823,0.286728,0.266357,-0.617501,71.76755141503804,2.8925002162053044,-16.655599632882993,-10.203868166071837,-11.703137666608292,7.428653728337318
9.786623239517212,-7.34184,3.14347,-0.0854754,0.0892834,1.05677,0.541295,0.0372071,0.455916,0.327978,0.346113,0.655719,0.577028,-0.342457,0.0554483,0.34255,-0.120109,0.6823,0.286728,0.266357,-0.617501,71.76755141503804,2.8925002162053044,-16.655599632882993,-10.203868166071837,-11.703137666608292,7.428653728337318
9.938941955566406,-7.30605,2.38346,0.39856,-0.0377066,0.928229,0.382342,0.0371553,0.455896,0.327708,0.345211,0.655513,0.577239,-0.343405,0.0559699,0.331706,-0.120935,0.686374,0.274278,0.250504,-0.625228,74.29245496689111,2.767008071186685,-17.36338847483295,-10.825091818362749,-11.681852613451587,7.851656384100901
9.939909219741821,-7.30605,2.38346,0.39856,-0.0377066,0.928229,0.382342,0.0371553,0.455896,0.327708,0.345211,0.655513,0.577239,-0.343405,0.0559699,0.331706,-0.120935,0.686374,0.274278,0.250504,-0.625228,74.29245496689111,2.767008071186685,-17.36338847483295,-10.825091818362749,-11.681852613451587,7.851656384100901
10.08729100227356,-7.35876,2.02005,0.435167,-0.0932517,0.90768,0.29908,0.037168,0.455886,0.327616,0.345686,0.655128,0.577274,-0.343604,0.0549065,0.325617,-0.121598,0.691217,0.261121,0.245013,-0.627697,75.78266831590933,2.582273192806472,-18.396843961887505,-10.011003596247221,-10.8037024459156,7.7228965561299265
10.08823037147522,-7.35876,2.02005,0.435167,-0.0932517,0.90768,0.29908,0.037168,0.455886,0.327616,0.345686,0.655128,0.577274,-0.343604,0.0549065,0.325617,-0.121598,0.691217,0.261121,0.245013,-0.627697,75.78266831590933,2.582273192806472,-18.396843961887505,-10.011003596247221,-10.8037024459156,7.7228965561299265
