# Timestamp, Fx, Fy, Fz, Tx, Ty, Tz, FemurPosX, FemurPosY, FemurPosZ, FemurQuatW, FemurQuatX, FemurQuatY, FemurQuatZ, TibiaPosX, TibiaPosY, TibiaPosZ, TibiaQuatW, TibiaQuatX, TibiaQuatY, TibiaQuatZ, Flexion, Adduction, Rotation, Anterior_Posterior, Medial_Lateral, Proximal_Distal
0.09047794342041016,-2.39267,-0.924613,-1.31336,-0.103003,0.930523,-0.296554,0.0625974,0.42759,0.338988,0.170584,0.661281,0.626955,-0.374882,0.00194229,0.441676,-0.10987,0.521892,0.380726,0.354727,-0.675903,68.27668974922089,4.866411504345594,-6.096301926578771,-5.551414722164631,-7.988019505966447,4.3471119188011755
0.09149289131164551,-2.39267,-0.924613,-1.31336,-0.103003,0.930523,-0.296554,0.0625974,0.42759,0.338988,0.170584,0.661281,0.626955,-0.374882,0.00194229,0.441676,-0.10987,0.521892,0.380726,0.354727,-0.675903,68.27668974922089,4.866411504345594,-6.096301926578771,-5.551414722164631,-7.988019505966447,4.3471119188011755
0.18365812301635742,-2.14727,-1.02412,-1.33803,-0.132237,0.895124,-0.321697,0.0626075,0.4276,0.339036,0.170519,0.661365,0.626972,-0.374734,0.00295743,0.44493,-0.108607,0.516076,0.386715,0.357087,-0.675727,67.4226754797145,4.829423229525486,-5.117633554400128,-5.308988531392631,-8.34255332198153,4.405671272110536
0.18465709686279297,-2.14727,-1.02412,-1.33803,-0.132237,0.895124,-0.321697,0.0626075,0.4276,0.339036,0.170519,0.661365,0.626972,-0.374734,0.00295743,0.44493,-0.108607,0.516076,0.386715,0.357087,-0.675727,67.4226754797145,4.829423229525486,-5.117633554400128,-5.308988531392631,-8.34255332198153,4.405671272110536
0.27477288246154785,-2.4501,-1.30256,-1.23095,-0.205768,0.883144,-0.353923,0.0625414,0.427607,0.338896,0.170545,0.661047,0.626852,-0.375483,0.00262908,0.445128,-0.108627,0.516068,0.386367,0.358259,-0.675311,67.28175023134102,4.869296653033169,-5.248012699048426,-5.173581376306536,-7.839623227656922,4.477860089338379
0.2757432460784912,-2.4501,-1.30256,-1.23095,-0.205768,0.883144,-0.353923,0.0625414,0.427607,0.338896,0.170545,0.661047,0.626852,-0.375483,0.00262908,0.445128,-0.108627,0.516068,0.386367,0.358259,-0.675311,67.28175023134102,4.869296653033169,-5.248012699048426,-5.173581376306536,-7.839623227656922,4.477860089338379
0.36582040786743164,-2.01685,-2.27105,-1.41835,-0.383788,0.890324,-0.501138,0.0626359,0.427559,0.338877,0.168085,0.66285,0.62651,-0.373983,0.000139753,0.445856,-0.108395,0.515636,0.383924,0.360809,-0.675677,67.56669770921175,4.612073565742726,-5.262252317983597,-6.2224195509729245,-8.660565319255383,4.377116677167947
0.3668038845062256,-2.01685,-2.27105,-1.41835,-0.383788,0.890324,-0.501138,0.0626359,0.427559,0.338877,0.168085,0.66285,0.62651,-0.373983,0.000139753,0.445856,-0.108395,0.515636,0.383924,0.360809,-0.675677,67.56669770921175,4.612073565742726,-5.262252317983597,-6.2224195509729245,-8.660565319255383,4.377116677167947
0.4577038288116455,-1.66443,-2.51956,-0.825167,-0.513839,0.803836,-0.427387,0.062516,0.427583,0.338816,0.166252,0.662783,0.627095,-0.373939,-0.00351632,0.450304,-0.106535,0.510907,0.384451,0.372489,-0.672624,66.48842794861099,4.327953489562542,-4.811207500584639,-7.115478619959622,-8.34927627070568,4.941029061206109
0.45870280265808105,-1.66443,-2.51956,-0.825167,-0.513839,0.803836,-0.427387,0.062516,0.427583,0.338816,0.166252,0.662783,0.627095,-0.373939,-0.00351632,0.450304,-0.106535,0.510907,0.384451,0.372489,-0.672624,66.48842794861099,4.327953489562542,-4.811207500584639,-7.115478619959622,-8.34927627070568,4.941029061206109
0.5506269931793213,-1.55775,-3.77041,-0.477108,-0.916008,0.808287,-0.532931,0.0628281,0.427552,0.338983,0.166267,0.663051,0.626413,-0.374599,0.002035,0.448275,-0.108718,-0.488122,-0.391085,-0.354063,0.695291,66.67669197411645,2.49977928603408,3.056614364357413,-4.962213851795143,-9.081462327302635,5.264345537922692
0.5515522956848145,-1.55775,-3.77041,-0.477108,-0.916008,0.808287,-0.532931,0.0628281,0.427552,0.338983,0.166267,0.663051,0.626413,-0.374599,0.002035,0.448275,-0.108718,-0.488122,-0.391085,-0.354063,0.695291,66.67669197411645,2.49977928603408,3.056614364357413,-4.962213851795143,-9.081462327302635,5.264345537922692
0.6450865268707275,-0.555597,-5.51759,0.228634,-1.16669,0.584777,-0.647192,0.0623171,0.427806,0.33859,0.169695,0.660299,0.627102,-0.376765,0.0058104,0.450287,-0.108981,-0.469398,-0.398988,-0.345836,0.707723,65.48564177022052,1.3148049563655142,8.73682162161582,-1.151041049421858,-9.237417658082933,4.8283836706655325
0.6460671424865723,-0.555597,-5.51759,0.228634,-1.16669,0.584777,-0.647192,0.0623171,0.427806,0.33859,0.169695,0.660299,0.627102,-0.376765,0.0058104,0.450287,-0.108981,-0.469398,-0.398988,-0.345836,0.707723,65.48564177022052,1.3148049563655142,8.73682162161582,-1.151041049421858,-9.237417658082933,4.8283836706655325
0.738243579864502,-0.308134,-5.83966,0.816972,-1.1215,0.415969,-0.688822,0.0624329,0.427825,0.338165,0.168843,0.65969,0.627301,-0.377882,0.0115132,0.458006,-0.106369,-0.449601,-0.416286,-0.345306,0.710865,63.35528763949549,1.3703854968491531,11.06204280870417,0.9176311211928467,-9.261913179269861,4.551265188325125
0.739220380783081,-0.308134,-5.83966,0.816972,-1.1215,0.415969,-0.688822,0.0624329,0.427825,0.338165,0.168843,0.65969,0.627301,-0.377882,0.0115132,0.458006,-0.106369,-0.449601,-0.416286,-0.345306,0.710865,63.35528763949549,1.3703854968491531,11.06204280870417,0.9176311211928467,-9.261913179269861,4.551265188325125
0.8319919109344482,-0.72477,-5.97408,1.75247,-1.04753,0.349745,-0.726036,0.0621883,0.427889,0.33804,0.163511,0.664333,0.626529,-0.373346,0.0183635,0.466337,-0.10249,-0.429879,-0.434653,-0.347254,0.711122,61.79886434643334,1.4323444312456335,12.59229733655058,-1.611681842978154,-9.143293326666692,4.1012676787186795
0.8329706192016602,-0.72477,-5.97408,1.75247,-1.04753,0.349745,-0.726036,0.0621883,0.427889,0.33804,0.163511,0.664333,0.626529,-0.373346,0.0183635,0.466337,-0.10249,-0.429879,-0.434653,-0.347254,0.711122,61.79886434643334,1.4323444312456335,12.59229733655058,-1.611681842978154,-9.143293326666692,4.1012676787186795
0.9258639812469482,1.15712,-5.349,0.624719,-0.98989,0.501107,-0.554466,0.0624373,0.427815,0.338117,0.168542,0.659491,0.627278,-0.378401,0.02567,0.472115,-0.0989882,-0.411602,-0.450407,-0.345213,0.713124,59.06140476300486,1.7340924763083125,14.782044403655583,3.9768269833335697,-8.116894481510437,3.7022293001581383
0.9268510341644287,1.15712,-5.349,0.624719,-0.98989,0.501107,-0.554466,0.0624373,0.427815,0.338117,0.168542,0.659491,0.627278,-0.378401,0.02567,0.472115,-0.0989882,-0.411602,-0.450407,-0.345213,0.713124,59.06140476300486,1.7340924763083125,14.782044403655583,3.9768269833335697,-8.116894481510437,3.7022293001581383
1.0199296474456787,1.12072,-5.2549,0.89725,-0.990595,0.589916,-0.551665,0.0625222,0.427748,0.338175,0.16816,0.660086,0.627078,-0.377863,0.0272412,0.477882,-0.0954658,-0.403509,-0.457445,-0.35296,0.709467,57.575693298939875,1.8361414432993184,14.766040508719815,4.153055323867221,-7.843042666201156,3.406777862968671
1.0209295749664307,1.12072,-5.2549,0.89725,-0.990595,0.589916,-0.551665,0.0625222,0.427748,0.338175,0.16816,0.660086,0.627078,-0.377863,0.0272412,0.477882,-0.0954658,-0.403509,-0.457445,-0.35296,0.709467,57.575693298939875,1.8361414432993184,14.766040508719815,4.153055323867221,-7.843042666201156,3.406777862968671
1.1168556213378906,0.179914,-5.87567,1.47671,-1.09342,0.528433,-0.683239,0.0623602,0.427815,0.338037,0.162944,0.664399,0.626438,-0.373629,0.0255218,0.483612,-0.0925369,-0.396382,-0.460396,-0.362539,0.706741,57.01002268269505,1.4874413080883817,14.711669680352387,1.217944560003739,-8.678593480352978,2.913620040339083
1.1178531646728516,0.179914,-5.87567,1.47671,-1.09342,0.528433,-0.683239,0.0623602,0.427815,0.338037,0.162944,0.664399,0.626438,-0.373629,0.0255218,0.483612,-0.0925369,-0.396382,-0.460396,-0.362539,0.706741,57.01002268269505,1.4874413080883817,14.711669680352387,1.217944560003739,-8.678593480352978,2.913620040339083
1.21327805519104,-0.334955,-4.92637,-0.325945,-0.887077,0.632796,-0.669403,0.0624413,0.427766,0.338466,0.168872,0.659454,0.627231,-0.378397,0.0263889,0.490606,-0.088178,-0.388004,-0.467175,-0.371829,0.7021,54.35508456594036,1.7298984199706908,14.871151098586882,6.877167178274374,-8.137865006884882,3.3887035560934295
1.2142856121063232,-0.334955,-4.92637,-0.325945,-0.887077,0.632796,-0.669403,0.0624413,0.427766,0.338466,0.168872,0.659454,0.627231,-0.378397,0.0263889,0.490606,-0.088178,-0.388004,-0.467175,-0.371829,0.7021,54.35508456594036,1.7298984199706908,14.871151098586882,6.877167178274374,-8.137865006884882,3.3887035560934295
1.3103718757629395,-0.690336,-4.22888,-0.176544,-0.762396,0.551806,-0.55409,0.0623456,0.427855,0.338527,0.162797,0.664577,0.626774,-0.37281,0.0270368,0.503333,-0.0796321,-0.377299,-0.479032,-0.391449,0.68916,52.27451609785022,2.083403381241764,13.306833000282884,4.077936145072652,-8.45787398665936,2.1422612120538025
1.3114566802978516,-0.690336,-4.22888,-0.176544,-0.762396,0.551806,-0.55409,0.0623456,0.427855,0.338527,0.162797,0.664577,0.626774,-0.37281,0.0270368,0.503333,-0.0796321,-0.377299,-0.479032,-0.391449,0.68916,52.27451609785022,2.083403381241764,13.306833000282884,4.077936145072652,-8.45787398665936,2.1422612120538025
1.4042036533355713,0.0906181,-3.77956,-0.128511,-0.694281,0.414484,-0.416481,0.0624487,0.427943,0.338856,0.167547,0.65946,0.627728,-0.378151,0.027302,0.521745,-0.0647532,-0.349142,-0.495366,-0.419613,0.675749,46.23503969317634,2.160220989197233,13.737157650793124,10.971955278465273,-8.237751637205518,2.824561097352473
1.4051835536956787,0.0906181,-3.77956,-0.128511,-0.694281,0.414484,-0.416481,0.0624487,0.427943,0.338856,0.167547,0.65946,0.627728,-0.378151,0.027302,0.521745,-0.0647532,-0.349142,-0.495366,-0.419613,0.675749,46.23503969317634,2.160220989197233,13.737157650793124,10.971955278465273,-8.237751637205518,2.824561097352473
1.4992082118988037,-0.669102,-3.94294,-0.0991361,-0.686584,0.517059,-0.459473,0.0620508,0.428035,0.33876,0.162192,0.664736,0.627197,-0.372081,0.0290431,0.537937,-0.0500979,-0.318789,-0.514305,-0.444686,0.660392,41.9232778573828,1.8794445681904213,14.009870061926433,8.74381535598843,-10.282407198639216,2.945272648359552
1.5001561641693115,-0.669102,-3.94294,-0.0991361,-0.686584,0.517059,-0.459473,0.0620508,0.428035,0.33876,0.162192,0.664736,0.627197,-0.372081,0.0290431,0.537937,-0.0500979,-0.318789,-0.514305,-0.444686,0.660392,41.9232778573828,1.8794445681904213,14.009870061926433,8.74381535598843,-10.282407198639216,2.945272648359552
1.5939092636108398,-0.516945,-5.35608,-0.311971,-0.863179,0.563712,-0.659315,0.0623557,0.427967,0.339033,0.167738,0.659203,0.628324,-0.377525,0.03325,0.549764,-0.0365317,-0.292273,-0.525019,-0.458011,0.655101,37.45344692157462,1.741314010007527,15.581166116423823,17.49143089420683,-9.275234961472593,2.480203480008228
1.5948729515075684,-0.516945,-5.35608,-0.311971,-0.863179,0.563712,-0.659315,0.0623557,0.427967,0.339033,0.167738,0.659203,0.628324,-0.377525,0.03325,0.549764,-0.0365317,-0.292273,-0.525019,-0.458011,0.655101,37.45344692157462,1.741314010007527,15.581166116423823,17.49143089420683,-9.275234961472593,2.480203480008228
1.6883795261383057,2.38528,-4.83551,-0.288342,-0.894956,0.305603,-0.475392,0.0619902,0.428098,0.338968,0.162374,0.664877,0.627098,-0.371917,0.0388411,0.556185,-0.0277972,-0.263149,-0.537494,-0.462866,0.653917,35.33787396871039,1.0815866405696284,17.715239208438774,15.332775723291219,-10.940929178711551,0.984497319819507
1.689366340637207,2.38528,-4.83551,-0.288342,-0.894956,0.305603,-0.475392,0.0619902,0.428098,0.338968,0.162374,0.664877,0.627098,-0.371917,0.0388411,0.556185,-0.0277972,-0.263149,-0.537494,-0.462866,0.653917,35.33787396871039,1.0815866405696284,17.715239208438774,15.332775723291219,-10.940929178711551,0.984497319819507
1.7827067375183105,1.49438,-5.87082,0.672665,-1.07547,0.226231,-0.60482,0.062212,0.428069,0.338999,0.166342,0.658607,0.628633,-0.378667,0.0462099,0.561055,-0.0202341,-0.232741,-0.548519,-0.463038,0.656166,31.71126069757857,1.4116757603509476,20.362870696721803,21.58820831351522,-9.582677880249637,3.385917985086873
1.7836947441101074,1.49438,-5.87082,0.672665,-1.07547,0.226231,-0.60482,0.062212,0.428069,0.338999,0.166342,0.658607,0.628633,-0.378667,0.0462099,0.561055,-0.0202341,-0.232741,-0.548519,-0.463038,0.656166,31.71126069757857,1.4116757603509476,20.362870696721803,21.58820831351522,-9.582677880249637,3.385917985086873
1.876729965209961,-0.206514,-5.37528,0.573329,-1.03687,0.426531,-0.558493,0.0619459,0.428162,0.338878,0.161957,0.664439,0.627584,-0.372061,0.05381,0.565515,-0.0118624,-0.201452,-0.557821,-0.465448,0.656971,29.747306574783863,0.46384035561827347,23.040442965607483,20.02817856476161,-10.524541225791843,0.8471757057117895
1.8777482509613037,-0.206514,-5.37528,0.573329,-1.03687,0.426531,-0.558493,0.0619459,0.428162,0.338878,0.161957,0.664439,0.627584,-0.372061,0.05381,0.565515,-0.0118624,-0.201452,-0.557821,-0.465448,0.656971,29.747306574783863,0.46384035561827347,23.040442965607483,20.02817856476161,-10.524541225791843,0.8471757057117895
1.9708638191223145,2.04344,-5.305,0.807547,-1.01199,0.106735,-0.510392,0.0620433,0.428111,0.339019,0.160119,0.663944,0.628335,-0.372471,0.0623133,0.569764,-0.00240794,-0.173195,-0.569121,-0.467398,0.653944,26.995941417913578,0.8722916783940826,24.79234270437899,22.1011133621891,-9.272135508718693,0.36460401145776977
1.9718282222747803,2.04344,-5.305,0.807547,-1.01199,0.106735,-0.510392,0.0620433,0.428111,0.339019,0.160119,0.663944,0.628335,-0.372471,0.0623133,0.569764,-0.00240794,-0.173195,-0.569121,-0.467398,0.653944,26.995941417913578,0.8722916783940826,24.79234270437899,22.1011133621891,-9.272135508718693,0.36460401145776977
2.0665600299835205,1.81565,-4.57105,-0.3337,-0.866428,0.333201,-0.359285,0.0621235,0.4281,0.339076,0.159612,0.66417,0.6282,-0.372514,0.0687803,0.573777,0.0073985,-0.149783,-0.574219,-0.475222,0.649617,24.31735567697332,0.5737446172418078,25.935365732636644,23.77090538412615,-6.779868332450662,-0.9073121421057468
2.067504405975342,1.81565,-4.57105,-0.3337,-0.866428,0.333201,-0.359285,0.0621235,0.4281,0.339076,0.159612,0.66417,0.6282,-0.372514,0.0687803,0.573777,0.0073985,-0.149783,-0.574219,-0.475222,0.649617,24.31735567697332,0.5737446172418078,25.935365732636644,23.77090538412615,-6.779868332450662,-0.9073121421057468
2.161522150039673,0.699011,-4.09344,0.957682,-0.724072,0.166789,-0.308312,0.0619536,0.428196,0.339135,0.16584,0.659244,0.628817,-0.377469,0.0752599,0.578289,0.0190657,-0.118675,-0.58951,-0.48472,0.63517,19.130324874407677,1.8011189510898762,26.86366263233701,26.595924084575994,-7.51250507193286,6.217427519796801
2.1624577045440674,0.699011,-4.09344,0.957682,-0.724072,0.166789,-0.308312,0.0619536,0.428196,0.339135,0.16584,0.659244,0.628817,-0.377469,0.0752599,0.578289,0.0190657,-0.118675,-0.58951,-0.48472,0.63517,19.130324874407677,1.8011189510898762,26.86366263233701,26.595924084575994,-7.51250507193286,6.217427519796801
2.2562363147735596,0.469982,-4.52131,1.1222,-0.658948,0.182392,-0.402423,0.0621206,0.428013,0.339296,0.163802,0.660328,0.628865,-0.376383,0.0810805,0.581118,0.0286997,-0.0989873,-0.592763,-0.489589,0.631772,17.256644288224187,1.584126315123088,27.872230797102045,28.84128723515763,-5.90153406596376,3.5686631059090264
2.2572193145751953,0.469982,-4.52131,1.1222,-0.658948,0.182392,-0.402423,0.0621206,0.428013,0.339296,0.163802,0.660328,0.628865,-0.376383,0.0810805,0.581118,0.0286997,-0.0989873,-0.592763,-0.489589,0.631772,17.256644288224187,1.584126315123088,27.872230797102045,28.84128723515763,-5.90153406596376,3.5686631059090264
2.357484817504883,-0.715385,-3.7158,2.07351,-0.415236,0.0968499,-0.430824,0.0618713,0.428147,0.339343,0.15994,0.664352,0.627889,-0.372574,0.084529,0.585759,0.0414252,-0.0724333,-0.607581,-0.503059,0.610353,13.562822147704416,2.438724862118522,27.597898922094558,25.246306959458614,-8.874733464295481,7.289967952301704
2.3585450649261475,-0.715385,-3.7158,2.07351,-0.415236,0.0968499,-0.430824,0.0618713,0.428147,0.339343,0.15994,0.664352,0.627889,-0.372574,0.084529,0.585759,0.0414252,-0.0724333,-0.607581,-0.503059,0.610353,13.562822147704416,2.438724862118522,27.597898922094558,25.246306959458614,-8.874733464295481,7.289967952301704
2.4520297050476074,-1.94856,-3.95923,3.09301,-0.304936,-0.0641341,-0.625384,0.0619148,0.428115,0.339502,0.161385,0.663996,0.628077,-0.372267,0.0843303,0.592622,0.0598411,0.0694915,0.614896,0.524048,-0.58519,10.542487500576991,3.0867588090388276,25.156000670244175,28.846331895564262,-8.761815742810303,6.6904502458516095
2.452983856201172,-1.94856,-3.95923,3.09301,-0.304936,-0.0641341,-0.625384,0.0619148,0.428115,0.339502,0.161385,0.663996,0.628077,-0.372267,0.0843303,0.592622,0.0598411,0.0694915,0.614896,0.524048,-0.58519,10.542487500576991,3.0867588090388276,25.156000670244175,28.846331895564262,-8.761815742810303,6.6904502458516095
2.5470023155212402,-2.89937,-3.14097,4.36555,-0.275537,-0.272474,-0.558231,0.0618966,0.42816,0.339642,0.161017,0.663924,0.629102,-0.370823,0.0791142,0.600346,0.082294,0.0810359,0.628117,0.551067,-0.543349,7.496629567928036,4.820641830692744,20.17153772659073,30.66752262418558,-9.996648516639,6.577022691192646
2.548048496246338,-2.89937,-3.14097,4.36555,-0.275537,-0.272474,-0.558231,0.0618966,0.42816,0.339642,0.161017,0.663924,0.629102,-0.370823,0.0791142,0.600346,0.082294,0.0810359,0.628117,0.551067,-0.543349,7.496629567928036,4.820641830692744,20.17153772659073,30.66752262418558,-9.996648516639,6.577022691192646
2.6421096324920654,-3.02248,-3.21851,4.90647,-0.198121,-0.383952,-0.539655,0.0614098,0.428397,0.340049,0.166554,0.660793,0.627998,-0.375807,0.0695832,0.607313,0.10654,0.0906324,0.633214,0.583239,-0.500657,2.9705410894076207,5.361128743509138,15.073723018245461,35.04741770167242,-9.456256957547232,10.14695300464737
2.6430675983428955,-3.02248,-3.21851,4.90647,-0.198121,-0.383952,-0.539655,0.0614098,0.428397,0.340049,0.166554,0.660793,0.627998,-0.375807,0.0695832,0.607313,0.10654,0.0906324,0.633214,0.583239,-0.500657,2.9705410894076207,5.361128743509138,15.073723018245461,35.04741770167242,-9.456256957547232,10.14695300464737
2.7373266220092773,-3.08694,-2.91901,5.12168,-0.130219,-0.420497,-0.468808,0.0615715,0.428326,0.340077,0.166175,0.660455,0.628817,-0.375199,0.058381,0.611778,0.12808,0.108244,0.635206,0.610271,-0.460831,0.5552872549603096,5.652317463553761,9.804659968607355,38.54315912235122,-9.79646004338451,7.7398100543951
2.7383053302764893,-3.08694,-2.91901,5.12168,-0.130219,-0.420497,-0.468808,0.0615715,0.428326,0.340077,0.166175,0.660455,0.628817,-0.375199,0.058381,0.611778,0.12808,0.108244,0.635206,0.610271,-0.460831,0.5552872549603096,5.652317463553761,9.804659968607355,38.54315912235122,-9.79646004338451,7.7398100543951
2.83400297164917,-3.13074,-2.04897,5.09489,-0.158001,-0.419026,-0.448832,0.0614999,0.428321,0.339938,0.166468,0.660453,0.628516,-0.375576,0.0398265,0.615166,0.15116,0.135196,0.645594,0.640799,-0.392818,-3.7062081849832493,7.046694427682729,1.7897759790360548,37.35563097593517,-11.24195431858869,12.177645328216078
2.8349337577819824,-3.13074,-2.04897,5.09489,-0.158001,-0.419026,-0.448832,0.0614999,0.428321,0.339938,0.166468,0.660453,0.628516,-0.375576,0.0398265,0.615166,0.15116,0.135196,0.645594,0.640799,-0.392818,-3.7062081849832493,7.046694427682729,1.7897759790360548,37.35563097593517,-11.24195431858869,12.177645328216078
2.930429697036743,-2.36759,-1.94961,4.13582,-0.169344,-0.411022,-0.447836,0.0619017,0.428078,0.340034,0.167141,0.66024,0.628695,-0.375353,0.0101577,0.61611,0.171781,0.185868,0.649796,0.668994,-0.309298,-7.293339263569545,8.475299784432256,-9.025239876618466,37.041916347035304,-14.07434983255246,14.559216367594777
2.9313926696777344,-2.36759,-1.94961,4.13582,-0.169344,-0.411022,-0.447836,0.0619017,0.428078,0.340034,0.167141,0.66024,0.628695,-0.375353,0.0101577,0.61611,0.171781,0.185868,0.649796,0.668994,-0.309298,-7.293339263569545,8.475299784432256,-9.025239876618466,37.041916347035304,-14.07434983255246,14.559216367594777
3.028244972229004,-2.67314,-1.13769,4.71288,-0.199767,-0.462559,-0.430251,0.0615511,0.428208,0.340248,0.166381,0.660815,0.629449,-0.373408,-0.0215551,0.613843,0.184614,0.240082,0.647266,0.690213,-0.216823,-10.907493178448625,9.38959982724863,-20.67213832974806,34.5528426169155,-13.02578314716536,17.87834619827302
3.0292301177978516,-2.67314,-1.13769,4.71288,-0.199767,-0.462559,-0.430251,0.0615511,0.428208,0.340248,0.166381,0.660815,0.629449,-0.373408,-0.0215551,0.613843,0.184614,0.240082,0.647266,0.690213,-0.216823,-10.907493178448625,9.38959982724863,-20.67213832974806,34.5528426169155,-13.02578314716536,17.87834619827302
3.1234183311462402,-2.30139,0.15859,3.72692,0.14236,-0.296418,-0.333385,0.0618547,0.428042,0.340387,0.166781,0.661099,0.628498,-0.374329,-0.0428946,0.610557,0.187501,0.280512,0.640285,0.697539,-0.157442,-12.91433576542203,9.78887205988864,-28.722933631869733,34.12717405418155,-12.01680231990224,19.966089577242577
3.1243371963500977,-2.30139,0.15859,3.72692,0.14236,-0.296418,-0.333385,0.0618547,0.428042,0.340387,0.166781,0.661099,0.628498,-0.374329,-0.0428946,0.610557,0.187501,0.280512,0.640285,0.697539,-0.157442,-12.91433576542203,9.78887205988864,-28.722933631869733,34.12717405418155,-12.01680231990224,19.966089577242577
3.218967914581299,-2.57278,0.185432,4.2442,0.380682,-0.284419,-0.474873,0.0621076,0.427791,0.340207,0.168229,0.659767,0.628885,-0.375379,-0.0570826,0.607677,0.184832,0.319651,0.630926,0.696585,-0.120518,-13.181087554402216,10.776431239143438,-34.636880802351726,36.91722653519017,-11.211459151667388,18.447740160432215
3.2199325561523438,-2.57278,0.185432,4.2442,0.380682,-0.284419,-0.474873,0.0621076,0.427791,0.340207,0.168229,0.659767,0.628885,-0.375379,-0.0570826,0.607677,0.184832,0.319651,0.630926,0.696585,-0.120518,-13.181087554402216,10.776431239143438,-34.636880802351726,36.91722653519017,-11.211459151667388,18.447740160432215
3.3155064582824707,-1.47558,0.542888,4.8016,0.610012,-0.415577,-0.548581,0.0618218,0.427925,0.339921,0.167096,0.661201,0.628573,-0.373883,-0.0675074,0.606317,0.179055,0.344373,0.624163,0.693616,-0.10356,-12.446672504684123,11.37202286757891,-37.94053737612083,36.62160576339585,-13.842568659529261,15.754085672038293
3.3164384365081787,-1.47558,0.542888,4.8016,0.610012,-0.415577,-0.548581,0.0618218,0.427925,0.339921,0.167096,0.661201,0.628573,-0.373883,-0.0675074,0.606317,0.179055,0.344373,0.624163,0.693616,-0.10356,-12.446672504684123,11.37202286757891,-37.94053737612083,36.62160576339585,-13.842568659529261,15.754085672038293
3.413309335708618,-1.10758,-0.262921,4.04033,0.554441,-0.317376,-0.79034,0.0617436,0.428007,0.339743,0.167954,0.66119,0.627983,-0.374509,-0.0732419,0.605184,0.174545,0.357779,0.617135,0.694309,-0.0952593,-12.069236126936579,11.330642846155948,-39.852761767831005,36.40088126991611,-13.943789460748961,15.794806553031536
3.414283037185669,-1.10758,-0.262921,4.04033,0.554441,-0.317376,-0.79034,0.0617436,0.428007,0.339743,0.167954,0.66119,0.627983,-0.374509,-0.0732419,0.605184,0.174545,0.357779,0.617135,0.694309,-0.0952593,-12.069236126936579,11.330642846155948,-39.852761767831005,36.40088126991611,-13.943789460748961,15.794806553031536
3.5112786293029785,-0.695223,0.0124698,3.7311,0.504881,-0.369715,-0.594375,0.0618971,0.427875,0.339562,0.16723,0.660574,0.628203,-0.37555,-0.0753959,0.604653,0.169466,0.366486,0.607659,0.697769,-0.0977589,-10.85323733128702,10.95185842196109,-40.88030125723106,36.975110222404034,-11.636706210744698,15.396681609828113
3.5122172832489014,-0.695223,0.0124698,3.7311,0.504881,-0.369715,-0.594375,0.0618971,0.427875,0.339562,0.16723,0.660574,0.628203,-0.37555,-0.0753959,0.604653,0.169466,0.366486,0.607659,0.697769,-0.0977589,-10.85323733128702,10.95185842196109,-40.88030125723106,36.975110222404034,-11.636706210744698,15.396681609828113
3.609022378921509,-0.220244,-0.438418,2.9325,0.351397,-0.275465,-0.468834,0.0623286,0.427567,0.338801,0.168001,0.6605,0.628027,-0.375629,-0.0754725,0.605207,0.15992,0.379056,0.601864,0.694332,-0.109457,-8.867684928070874,11.529932445962237,-40.94490863894221,36.90850493418775,-12.564313502577933,13.868757758057999
3.6099536418914795,-0.220244,-0.438418,2.9325,0.351397,-0.275465,-0.468834,0.0623286,0.427567,0.338801,0.168001,0.6605,0.628027,-0.375629,-0.0754725,0.605207,0.15992,0.379056,0.601864,0.694332,-0.109457,-8.867684928070874,11.529932445962237,-40.94490863894221,36.90850493418775,-12.564313502577933,13.868757758057999
3.706439733505249,-1.8741,-0.652918,2.66167,0.284586,0.0513579,-0.414179,0.0625744,0.427567,0.338793,0.168738,0.660463,0.627441,-0.376342,-0.0719507,0.608666,0.143851,0.396247,0.597288,0.685976,-0.125186,-6.378164625282042,12.80314421825616,-40.945390334163925,35.17607208728157,-10.541033382050777,16.341271713970034
3.7075254917144775,-1.8741,-0.652918,2.66167,0.284586,0.0513579,-0.414179,0.0625744,0.427567,0.338793,0.168738,0.660463,0.627441,-0.376342,-0.0719507,0.608666,0.143851,0.396247,0.597288,0.685976,-0.125186,-6.378164625282042,12.80314421825616,-40.945390334163925,35.17607208728157,-10.541033382050777,16.341271713970034
3.805683135986328,2.29517,0.432522,2.936,0.380245,-0.316765,-0.0473672,0.0626619,0.427453,0.338362,0.168946,0.65998,0.627332,-0.377277,-0.0692264,0.6095,0.124961,0.411761,0.591102,0.676762,-0.151803,-2.9182593069109557,14.054302363017225,-40.13446835110248,31.818030277373637,-11.02362555039118,16.47773384868632
3.8066678047180176,2.29517,0.432522,2.936,0.380245,-0.316765,-0.0473672,0.0626619,0.427453,0.338362,0.168946,0.65998,0.627332,-0.377277,-0.0692264,0.6095,0.124961,0.411761,0.591102,0.676762,-0.151803,-2.9182593069109557,14.054302363017225,-40.13446835110248,31.818030277373637,-11.02362555039118,16.47773384868632
3.90470814704895,1.60936,-0.171154,2.57265,0.260902,-0.0937174,-0.114233,0.0629983,0.427294,0.338067,0.166894,0.663355,0.626363,-0.373866,-0.0660578,0.608817,0.10625,0.425971,0.576939,0.66904,-0.195129,2.9701539460874438,14.025041033847563,-38.42380211677335,30.958985000631422,-14.018964273763967,10.063997816811991
3.9056811332702637,1.60936,-0.171154,2.57265,0.260902,-0.0937174,-0.114233,0.0629983,0.427294,0.338067,0.166894,0.663355,0.626363,-0.373866,-0.0660578,0.608817,0.10625,0.425971,0.576939,0.66904,-0.195129,2.9701539460874438,14.025041033847563,-38.42380211677335,30.958985000631422,-14.018964273763967,10.063997816811991
4.003430366516113,1.13468,0.160702,1.28747,0.253864,0.29489,0.005205,0.0629575,0.427316,0.337772,0.168072,0.659449,0.62683,-0.379425,-0.0635676,0.607672,0.0894509,0.441289,0.566215,0.659106,-0.224152,6.449506951903495,15.201859894592577,-37.82478266147315,31.659899448152807,-12.609041917730416,10.656929336102523
4.004365921020508,1.13468,0.160702,1.28747,0.253864,0.29489,0.005205,0.0629575,0.427316,0.337772,0.168072,0.659449,0.62683,-0.379425,-0.0635676,0.607672,0.0894509,0.441289,0.566215,0.659106,-0.224152,6.449506951903495,15.201859894592577,-37.82478266147315,31.659899448152807,-12.609041917730416,10.656929336102523
4.101019859313965,0.519008,-0.576703,1.25614,0.212621,0.487994,-0.100661,0.0632662,0.42715,0.337849,0.168831,0.661386,0.626657,-0.375986,-0.060023,0.604397,0.0713857,0.460745,0.556536,0.644829,-0.249355,10.823120947829127,16.115766914912395,-37.4551901923339,29.601011422270332,-14.667672766171325,7.492097429217068
4.101953506469727,0.519008,-0.576703,1.25614,0.212621,0.487994,-0.100661,0.0632662,0.42715,0.337849,0.168831,0.661386,0.626657,-0.375986,-0.060023,0.604397,0.0713857,0.460745,0.556536,0.644829,-0.249355,10.823120947829127,16.115766914912395,-37.4551901923339,29.601011422270332,-14.667672766171325,7.492097429217068
4.198533773422241,0.783993,-2.11213,2.60622,0.1014,0.315835,-0.347799,0.0627253,0.427308,0.337334,0.166983,0.663447,0.625374,-0.375315,-0.0601311,0.599831,0.0556098,0.474334,0.542165,0.637752,-0.272648,14.73513325260693,15.951226540382141,-37.5006287999944,26.96934498774616,-14.295487195049985,5.509463583531829
4.199521064758301,0.783993,-2.11213,2.60622,0.1014,0.315835,-0.347799,0.0627253,0.427308,0.337334,0.166983,0.663447,0.625374,-0.375315,-0.0601311,0.599831,0.0556098,0.474334,0.542165,0.637752,-0.272648,14.73513325260693,15.951226540382141,-37.5006287999944,26.96934498774616,-14.295487195049985,5.509463583531829
4.297847032546997,1.57152,-1.46943,3.60188,0.318123,0.135669,-0.186146,0.0629765,0.427223,0.336669,0.171861,0.659349,0.626754,-0.378024,-0.0622372,0.59307,0.041296,0.48464,0.52789,0.632727,-0.293449,17.408055556783655,15.882165578111072,-36.819681972476204,25.474178438759346,-15.758059274732005,6.602661663161343
4.298798084259033,1.57152,-1.46943,3.60188,0.318123,0.135669,-0.186146,0.0629765,0.427223,0.336669,0.171861,0.659349,0.626754,-0.378024,-0.0622372,0.59307,0.041296,0.48464,0.52789,0.632727,-0.293449,17.408055556783655,15.882165578111072,-36.819681972476204,25.474178438759346,-15.758059274732005,6.602661663161343
4.408543109893799,4.2689,-3.40754,3.63446,-0.0262744,-0.142014,-0.54616,0.0629796,0.427125,0.336564,0.171572,0.659483,0.62645,-0.378424,-0.0618841,0.587045,0.0255545,0.503449,0.513198,0.620897,-0.312497,21.229325524269143,16.494576173761867,-37.51477912829567,24.61814150690301,-15.74758010724451,5.35428679436228
4.409460783004761,4.2689,-3.40754,3.63446,-0.0262744,-0.142014,-0.54616,0.0629796,0.427125,0.336564,0.171572,0.659483,0.62645,-0.378424,-0.0618841,0.587045,0.0255545,0.503449,0.513198,0.620897,-0.312497,21.229325524269143,16.494576173761867,-37.51477912829567,24.61814150690301,-15.74758010724451,5.35428679436228
4.505133628845215,2.54279,-3.30114,3.04993,0.0635239,0.256131,-0.565048,0.0630057,0.427166,0.336174,0.168763,0.66192,0.625403,-0.377162,-0.0624478,0.580222,0.0123461,0.517672,0.492697,0.618846,-0.326028,24.701381674825246,15.74650311737747,-38.71326820720341,22.155943653202062,-11.386775754737199,4.806047621660062
4.506104946136475,2.54279,-3.30114,3.04993,0.0635239,0.256131,-0.565048,0.0630057,0.427166,0.336174,0.168763,0.66192,0.625403,-0.377162,-0.0624478,0.580222,0.0123461,0.517672,0.492697,0.618846,-0.326028,24.701381674825246,15.74650311737747,-38.71326820720341,22.155943653202062,-11.386775754737199,4.806047621660062
4.603375673294067,2.94816,-3.28399,3.34761,0.0731547,0.160088,-0.672558,0.0625139,0.427388,0.335269,0.166085,0.663567,0.625653,-0.375038,-0.0651254,0.574638,0.00149243,0.530749,0.486798,0.607704,-0.334708,27.26791393687097,16.669956516136132,-39.650429034629205,17.953872730085905,-15.696892720644064,2.923572015695968
4.604348421096802,2.94816,-3.28399,3.34761,0.0731547,0.160088,-0.672558,0.0625139,0.427388,0.335269,0.166085,0.663567,0.625653,-0.375038,-0.0651254,0.574638,0.00149243,0.530749,0.486798,0.607704,-0.334708,27.26791393687097,16.669956516136132,-39.650429034629205,17.953872730085905,-15.696892720644064,2.923572015695968
4.702283143997192,3.34795,-5.15976,2.923,-0.177125,0.193194,-1.13029,0.0626198,0.427532,0.335141,0.165246,0.664575,0.625485,-0.3739,-0.0674848,0.568446,-0.00885542,0.542899,0.469439,0.603264,-0.347794,30.342597461568822,16.221226811902437,-40.429522435252395,17.037476002850255,-15.590119792474695,2.033211987196863
4.7032599449157715,3.34795,-5.15976,2.923,-0.177125,0.193194,-1.13029,0.0626198,0.427532,0.335141,0.165246,0.664575,0.625485,-0.3739,-0.0674848,0.568446,-0.00885542,0.542899,0.469439,0.603264,-0.347794,30.342597461568822,16.221226811902437,-40.429522435252395,17.037476002850255,-15.590119792474695,2.033211987196863
4.801020383834839,-0.691527,-3.78197,9.16204,0.0093662,-0.410396,-0.637767,0.0618365,0.427823,0.334927,0.164889,0.664282,0.626566,-0.372768,-0.0630831,0.562373,-0.0215383,0.549794,0.464138,0.585391,-0.373658,33.94434833793233,16.738337833990236,-39.30528808431711,14.99082006952609,-17.032811449434213,1.4719081746817475
4.8019609451293945,-0.691527,-3.78197,9.16204,0.0093662,-0.410396,-0.637767,0.0618365,0.427823,0.334927,0.164889,0.664282,0.626566,-0.372768,-0.0630831,0.562373,-0.0215383,0.549794,0.464138,0.585391,-0.373658,33.94434833793233,16.738337833990236,-39.30528808431711,14.99082006952609,-17.032811449434213,1.4719081746817475
4.897686958312988,0.85405,-2.67597,7.88934,0.377852,-0.17141,-0.406584,0.0624327,0.427519,0.335084,0.173501,0.659201,0.625603,-0.379438,-0.0455288,0.553524,-0.0343364,0.542498,0.47342,0.555184,-0.416341,36.349069652415736,17.418725298566642,-34.45591849817032,15.09421135155086,-16.110229847082486,4.693045647703406
4.898651361465454,0.85405,-2.67597,7.88934,0.377852,-0.17141,-0.406584,0.0624327,0.427519,0.335084,0.173501,0.659201,0.625603,-0.379438,-0.0455288,0.553524,-0.0343364,0.542498,0.47342,0.555184,-0.416341,36.349069652415736,17.418725298566642,-34.45591849817032,15.09421135155086,-16.110229847082486,4.693045647703406
4.995359420776367,4.11347,-2.13751,6.52117,0.63983,-0.194203,-0.681362,0.0628052,0.427258,0.335769,0.169584,0.665288,0.624401,-0.372499,-0.048263,0.542982,-0.0442842,0.571082,0.453599,0.550622,-0.406114,39.39298887227305,18.09634966404114,-39.36607218894394,8.629134707801429,-15.181473832314795,3.137428356080817
4.996284008026123,4.11347,-2.13751,6.52117,0.63983,-0.194203,-0.681362,0.0628052,0.427258,0.335769,0.169584,0.665288,0.624401,-0.372499,-0.048263,0.542982,-0.0442842,0.571082,0.453599,0.550622,-0.406114,39.39298887227305,18.09634966404114,-39.36607218894394,8.629134707801429,-15.181473832314795,3.137428356080817
5.093676328659058,4.61785,-3.70649,6.25284,0.528047,-0.158976,-1.01265,0.0627112,0.427155,0.333565,0.175262,0.659516,0.62514,-0.378842,-0.0519819,0.532693,-0.0556465,0.586601,0.435351,0.54413,-0.412665,41.179347811034305,18.56926441203604,-40.79285728326089,11.008854198113157,-14.63086639626142,4.915649575639005
5.094633340835571,4.61785,-3.70649,6.25284,0.528047,-0.158976,-1.01265,0.0627112,0.427155,0.333565,0.175262,0.659516,0.62514,-0.378842,-0.0519819,0.532693,-0.0556465,0.586601,0.435351,0.54413,-0.412665,41.179347811034305,18.56926441203604,-40.79285728326089,11.008854198113157,-14.63086639626142,4.915649575639005
5.194148302078247,4.74924,-5.72818,6.32373,0.150734,-0.384343,-1.15102,0.0619739,0.427964,0.333662,0.167827,0.663682,0.624947,-0.375236,-0.0593255,0.522041,-0.0665429,0.596237,0.408149,0.535972,-0.436636,46.40015394052855,17.13315440688426,-41.9021533354749,7.48373072863884,-16.665894963913733,2.7627000138664632
5.195141315460205,4.74924,-5.72818,6.32373,0.150734,-0.384343,-1.15102,0.0619739,0.427964,0.333662,0.167827,0.663682,0.624947,-0.375236,-0.0593255,0.522041,-0.0665429,0.596237,0.408149,0.535972,-0.436636,46.40015394052855,17.13315440688426,-41.9021533354749,7.48373072863884,-16.665894963913733,2.7627000138664632
5.295058965682983,1.98849,-7.57472,6.61326,-0.493084,-0.352786,-1.41453,0.0614835,0.428255,0.333616,0.167747,0.662267,0.62531,-0.377162,-0.0495658,0.50943,-0.0847957,0.594154,0.392869,0.4961,-0.496507,53.41500903007138,15.697207511708996,-38.016232210279284,12.245294179059544,-16.493874534849773,2.891911017457551
5.2960100173950195,1.98849,-7.57472,6.61326,-0.493084,-0.352786,-1.41453,0.0614835,0.428255,0.333616,0.167747,0.662267,0.62531,-0.377162,-0.0495658,0.50943,-0.0847957,0.594154,0.392869,0.4961,-0.496507,53.41500903007138,15.697207511708996,-38.016232210279284,12.245294179059544,-16.493874534849773,2.891911017457551
5.413081884384155,1.15945,-5.0665,4.30897,-0.223258,-0.190104,-1.09381,0.0628038,0.42765,0.33455,0.169367,0.662037,0.625379,-0.376726,-0.0351293,0.492026,-0.101659,0.602781,0.379908,0.45215,-0.536549,59.788213557812654,15.363442611787672,-37.40611639336522,15.014670977967583,-15.16008283526673,3.569447507985347
5.414048433303833,1.15945,-5.0665,4.30897,-0.223258,-0.190104,-1.09381,0.0628038,0.42765,0.33455,0.169367,0.662037,0.625379,-0.376726,-0.0351293,0.492026,-0.101659,0.602781,0.379908,0.45215,-0.536549,59.788213557812654,15.363442611787672,-37.40611639336522,15.014670977967583,-15.16008283526673,3.569447507985347
5.513120412826538,0.850189,-3.22008,2.22323,0.209087,-0.12676,-0.593145,0.0627546,0.427489,0.335984,0.167896,0.664353,0.625368,-0.373311,-0.0244019,0.486807,-0.106822,0.60433,0.380314,0.428329,-0.553788,62.82341862229706,15.301958591608255,-37.39880378089937,15.754682187881418,-13.537469311925019,2.848285908202606
5.514088153839111,0.850189,-3.22008,2.22323,0.209087,-0.12676,-0.593145,0.0627546,0.427489,0.335984,0.167896,0.664353,0.625368,-0.373311,-0.0244019,0.486807,-0.106822,0.60433,0.380314,0.428329,-0.553788,62.82341862229706,15.301958591608255,-37.39880378089937,15.754682187881418,-13.537469311925019,2.848285908202606
5.61463737487793,1.16349,-2.30595,1.9847,0.364345,0.0290496,-0.194812,0.0634433,0.427116,0.33635,0.166627,0.664497,0.625487,-0.373424,-0.00984374,0.480647,-0.112278,0.599362,0.386098,0.402302,-0.574323,65.25943427067506,15.22529868621787,-36.082848375160296,16.31131974339075,-9.319737062762279,3.608818366888701
5.615591526031494,1.16349,-2.30595,1.9847,0.364345,0.0290496,-0.194812,0.0634433,0.427116,0.33635,0.166627,0.664497,0.625487,-0.373424,-0.00984374,0.480647,-0.112278,0.599362,0.386098,0.402302,-0.574323,65.25943427067506,15.22529868621787,-36.082848375160296,16.31131974339075,-9.319737062762279,3.608818366888701
5.715975046157837,1.1497,-1.34424,4.63764,0.460595,-0.23276,0.195851,0.0635365,0.426763,0.335095,0.174646,0.660389,0.624286,-0.379016,-0.0014821,0.474242,-0.117084,0.597049,0.388737,0.387838,-0.584806,65.40184572471757,15.106262561267156,-33.86737290523916,20.04749538966676,-6.368703756868822,5.001401243328476
5.716927528381348,1.1497,-1.34424,4.63764,0.460595,-0.23276,0.195851,0.0635365,0.426763,0.335095,0.174646,0.660389,0.624286,-0.379016,-0.0014821,0.474242,-0.117084,0.597049,0.388737,0.387838,-0.584806,65.40184572471757,15.106262561267156,-33.86737290523916,20.04749538966676,-6.368703756868822,5.001401243328476
5.816759347915649,-2.33603,-2.2843,6.04075,0.18659,-0.633425,-0.0497713,0.0630083,0.42733,0.334278,0.179026,0.663645,0.619664,-0.378868,0.00451175,0.465923,-0.121196,0.593343,0.388268,0.369625,-0.600474,66.7686030747667,14.15744228560293,-32.0892167898678,19.472989588450147,-7.194864159178386,4.706586401710665
5.817780494689941,-2.33603,-2.2843,6.04075,0.18659,-0.633425,-0.0497713,0.0630083,0.42733,0.334278,0.179026,0.663645,0.619664,-0.378868,0.00451175,0.465923,-0.121196,0.593343,0.388268,0.369625,-0.600474,66.7686030747667,14.15744228560293,-32.0892167898678,19.472989588450147,-7.194864159178386,4.706586401710665
5.916388273239136,2.2709,-4.11018,8.24958,-0.165766,-1.32519,-0.646244,0.0618122,0.428036,0.330781,0.182958,0.658155,0.620525,-0.385107,-0.0076784,0.446248,-0.131837,0.614181,0.35302,0.3582,-0.608154,70.37242858139177,13.69278334512378,-36.86453135852819,20.752207327385463,-9.17644133695114,4.2248940815914775
5.917314291000366,2.2709,-4.11018,8.24958,-0.165766,-1.32519,-0.646244,0.0618122,0.428036,0.330781,0.182958,0.658155,0.620525,-0.385107,-0.0076784,0.446248,-0.131837,0.614181,0.35302,0.3582,-0.608154,70.37242858139177,13.69278334512378,-36.86453135852819,20.752207327385463,-9.17644133695114,4.2248940815914775
6.01591682434082,2.08415,-4.5818,11.055,-0.465181,-1.11023,-0.963786,0.0627583,0.427968,0.328551,0.19047,0.657677,0.61527,-0.390672,-0.00822901,0.42878,-0.137241,0.624303,0.332897,0.34451,-0.61704,72.27019397104877,13.152137335616851,-39.10087139532185,20.640068642234063,-9.384027541361412,3.7019967218116436
6.01684308052063,2.08415,-4.5818,11.055,-0.465181,-1.11023,-0.963786,0.0627583,0.427968,0.328551,0.19047,0.657677,0.61527,-0.390672,-0.00822901,0.42878,-0.137241,0.624303,0.332897,0.34451,-0.61704,72.27019397104877,13.152137335616851,-39.10087139532185,20.640068642234063,-9.384027541361412,3.7019967218116436
6.115180730819702,3.947,-3.17173,9.79944,-0.181993,-0.906047,-0.743579,0.0621236,0.428961,0.329499,0.202197,0.658414,0.609265,-0.392943,-0.00609186,0.427626,-0.13341,0.640302,0.336531,0.356763,-0.591168,69.39081332119575,15.244528545991939,-41.980042122038874,18.301042367361738,-9.229189410302247,5.490904257619656
6.116112947463989,3.947,-3.17173,9.79944,-0.181993,-0.906047,-0.743579,0.0621236,0.428961,0.329499,0.202197,0.658414,0.609265,-0.392943,-0.00609186,0.427626,-0.13341,0.640302,0.336531,0.356763,-0.591168,69.39081332119575,15.244528545991939,-41.980042122038874,18.301042367361738,-9.229189410302247,5.490904257619656
6.2141523361206055,4.66184,-3.79492,7.55113,-0.315558,-0.524636,-0.81413,0.062693,0.429175,0.330264,0.207432,0.659784,0.60539,-0.393904,-0.00474633,0.42732,-0.130604,0.647819,0.33661,0.364153,-0.578288,67.90156370786762,16.11194915142938,-43.41400391538324,17.052240713597225,-8.626925668195566,5.749596956779798
6.2151196002960205,4.66184,-3.79492,7.55113,-0.315558,-0.524636,-0.81413,0.062693,0.429175,0.330264,0.207432,0.659784,0.60539,-0.393904,-0.00474633,0.42732,-0.130604,0.647819,0.33661,0.364153,-0.578288,67.90156370786762,16.11194915142938,-43.41400391538324,17.052240713597225,-8.626925668195566,5.749596956779798
6.314331293106079,1.57111,-3.1145,6.2146,-0.284666,-0.194703,0.0229105,0.0620843,0.429495,0.331618,0.206617,0.660973,0.605957,-0.391458,0.0116765,0.417695,-0.135842,0.597205,0.346705,0.305454,-0.655622,72.65537521815355,9.647209053081962,-26.31421740316287,22.882306522907406,-8.138360416721882,2.164193152508849
6.315281867980957,1.57111,-3.1145,6.2146,-0.284666,-0.194703,0.0229105,0.0620843,0.429495,0.331618,0.206617,0.660973,0.605957,-0.391458,0.0116765,0.417695,-0.135842,0.597205,0.346705,0.305454,-0.655622,72.65537521815355,9.647209053081962,-26.31421740316287,22.882306522907406,-8.138360416721882,2.164193152508849
6.414749622344971,-2.13957,-4.1044,9.46413,-0.189125,-0.702494,-0.0960988,0.0612577,0.429857,0.329824,0.208395,0.66127,0.605509,-0.390707,0.0137373,0.42288,-0.135681,0.569126,0.358385,0.301535,-0.67582,71.27046041971215,6.959552589389127,-14.890002429545575,24.411013635599076,-8.840610761582308,1.0545408655187494
6.415684223175049,-2.13957,-4.1044,9.46413,-0.189125,-0.702494,-0.0960988,0.0612577,0.429857,0.329824,0.208395,0.66127,0.605509,-0.390707,0.0137373,0.42288,-0.135681,0.569126,0.358385,0.301535,-0.67582,71.27046041971215,6.959552589389127,-14.890002429545575,24.411013635599076,-8.840610761582308,1.0545408655187494
6.515105962753296,-3.76938,-4.59678,10.6548,0.0238855,-0.75541,-0.6046,0.0598831,0.430431,0.328824,0.203338,0.656987,0.60926,-0.394744,0.0159457,0.431957,-0.122119,0.536518,0.412426,0.319959,-0.663083,64.73001905877776,9.252859344600234,-10.910332491864278,8.095578983840458,-15.840988605555962,7.47495422738074
6.516032695770264,-3.76938,-4.59678,10.6548,0.0238855,-0.75541,-0.6046,0.0598831,0.430431,0.328824,0.203338,0.656987,0.60926,-0.394744,0.0159457,0.431957,-0.122119,0.536518,0.412426,0.319959,-0.663083,64.73001905877776,9.252859344600234,-10.910332491864278,8.095578983840458,-15.840988605555962,7.47495422738074
6.6161580085754395,-1.55341,-4.71488,12.8762,-0.380747,-1.26647,-0.69864,0.0616059,0.428175,0.323798,0.200159,0.657236,0.606408,-0.400307,0.0233397,0.441029,-0.121222,0.525727,0.429461,0.333981,-0.653935,61.57007089987449,10.628929064936377,-11.39636815952059,8.150220738329862,-9.099956019412407,7.708873899255412
6.617079496383667,-1.55341,-4.71488,12.8762,-0.380747,-1.26647,-0.69864,0.0616059,0.428175,0.323798,0.200159,0.657236,0.606408,-0.400307,0.0233397,0.441029,-0.121222,0.525727,0.429461,0.333981,-0.653935,61.57007089987449,10.628929064936377,-11.39636815952059,8.150220738329862,-9.099956019412407,7.708873899255412
6.718583822250366,0.282441,-2.00616,8.41775,-0.28416,-0.187002,-0.326298,0.0631793,0.427593,0.327678,0.198169,0.658424,0.606607,-0.399042,0.0162663,0.439992,-0.116949,0.565799,0.414442,0.354509,-0.618412,62.047796062461295,13.864244304177875,-22.891288535401284,3.87292811357832,-8.197101874937719,8.176532105391946
6.71952486038208,0.282441,-2.00616,8.41775,-0.28416,-0.187002,-0.326298,0.0631793,0.427593,0.327678,0.198169,0.658424,0.606607,-0.399042,0.0162663,0.439992,-0.116949,0.565799,0.414442,0.354509,-0.618412,62.047796062461295,13.864244304177875,-22.891288535401284,3.87292811357832,-8.197101874937719,8.176532105391946
6.8210461139678955,2.21121,-3.10881,10.8045,-0.686731,-0.217486,-0.489175,0.0640175,0.426813,0.324467,0.199411,0.658776,0.605062,-0.400185,0.021298,0.427661,-0.122858,0.575553,0.404603,0.344854,-0.621378,63.76946878842582,14.035845933604879,-24.918098965201683,0.04632751204040808,-4.114443688536859,9.26459258735984
6.821988344192505,2.21121,-3.10881,10.8045,-0.686731,-0.217486,-0.489175,0.0640175,0.426813,0.324467,0.199411,0.658776,0.605062,-0.400185,0.021298,0.427661,-0.122858,0.575553,0.404603,0.344854,-0.621378,63.76946878842582,14.035845933604879,-24.918098965201683,0.04632751204040808,-4.114443688536859,9.26459258735984
6.921490669250488,5.27786,-4.4556,11.5142,-0.742788,-0.350041,-0.591224,0.0638152,0.426993,0.326034,0.195239,0.658705,0.60561,-0.40153,0.0216652,0.418266,-0.124584,0.576344,0.396013,0.329746,-0.634247,66.28436250116486,13.611470799948304,-25.4037110062138,-1.9149071100279667,-3.069392145743454,9.764679631584887
6.922411918640137,5.27786,-4.4556,11.5142,-0.742788,-0.350041,-0.591224,0.0638152,0.426993,0.326034,0.195239,0.658705,0.60561,-0.40153,0.0216652,0.418266,-0.124584,0.576344,0.396013,0.329746,-0.634247,66.28436250116486,13.611470799948304,-25.4037110062138,-1.9149071100279667,-3.069392145743454,9.764679631584887
7.026188611984253,6.2138,-4.33383,10.9564,-0.554736,-0.0915698,-0.573188,0.0640378,0.426852,0.325098,0.19894,0.658867,0.605233,-0.400011,0.0205454,0.402338,-0.128901,0.581808,0.378727,0.30907,-0.650032,69.53668689638191,12.068014821490372,-25.229362992252117,-3.10383596983575,-6.6415456477074075,8.577126667601323
7.027186870574951,6.2138,-4.33383,10.9564,-0.554736,-0.0915698,-0.573188,0.0640378,0.426852,0.325098,0.19894,0.658867,0.605233,-0.400011,0.0205454,0.402338,-0.128901,0.581808,0.378727,0.30907,-0.650032,69.53668689638191,12.068014821490372,-25.229362992252117,-3.10383596983575,-6.6415456477074075,8.577126667601323
7.128134727478027,5.97034,-3.78244,9.07668,-0.140542,0.0862374,-0.541243,0.0638917,0.427174,0.326786,0.196596,0.661547,0.605687,-0.396042,0.00269599,0.388113,-0.131799,0.628574,0.330292,0.326276,-0.623976,73.09826593305344,13.612389091650401,-41.00803089243672,-8.277360821074634,-7.350465547722759,10.759610543279685
7.129103422164917,5.97034,-3.78244,9.07668,-0.140542,0.0862374,-0.541243,0.0638917,0.427174,0.326786,0.196596,0.661547,0.605687,-0.396042,0.00269599,0.388113,-0.131799,0.628574,0.330292,0.326276,-0.623976,73.09826593305344,13.612389091650401,-41.00803089243672,-8.277360821074634,-7.350465547722759,10.759610543279685
7.231442928314209,4.86665,-4.10728,9.13772,0.0478609,0.044897,-0.686856,0.0638569,0.427152,0.326884,0.196943,0.661307,0.605795,-0.396104,-0.0109705,0.37054,-0.135146,0.671938,0.283704,0.335717,-0.596075,76.19944792677663,15.949950778789267,-57.69455015636187,-10.476822885841226,-7.7014106500036,12.63823187287803
7.232423543930054,4.86665,-4.10728,9.13772,0.0478609,0.044897,-0.686856,0.0638569,0.427152,0.326884,0.196943,0.661307,0.605795,-0.396104,-0.0109705,0.37054,-0.135146,0.671938,0.283704,0.335717,-0.596075,76.19944792677663,15.949950778789267,-57.69455015636187,-10.476822885841226,-7.7014106500036,12.63823187287803
7.335984945297241,6.16597,-3.77036,7.46306,0.306206,-0.020697,-0.539143,0.0641594,0.427103,0.327434,0.199588,0.659341,0.607151,-0.395982,-0.0229212,0.351284,-0.136033,0.701034,0.235123,0.341509,-0.580207,79.30262707299372,16.566701965150397,-70.74947472804087,-11.23139431855689,-8.065323027430585,13.328265267702
7.3369622230529785,6.16597,-3.77036,7.46306,0.306206,-0.020697,-0.539143,0.0641594,0.427103,0.327434,0.199588,0.659341,0.607151,-0.395982,-0.0229212,0.351284,-0.136033,0.701034,0.235123,0.341509,-0.580207,79.30262707299372,16.566701965150397,-70.74947472804087,-11.23139431855689,-8.065323027430585,13.328265267702
7.439745664596558,5.89227,-4.06171,6.80103,0.461341,0.124595,-0.734492,0.063811,0.427319,0.328072,0.19485,0.663881,0.606083,-0.392377,-0.0378142,0.328087,-0.133137,0.725485,0.17915,0.349786,-0.565002,83.33916889069437,17.085050374562506,-88.53210388904785,-18.406734292892253,-8.119769414812039,15.544995451910369
7.4407830238342285,5.89227,-4.06171,6.80103,0.461341,0.124595,-0.734492,0.063811,0.427319,0.328072,0.19485,0.663881,0.606083,-0.392377,-0.0378142,0.328087,-0.133137,0.725485,0.17915,0.349786,-0.565002,83.33916889069437,17.085050374562506,-88.53210388904785,-18.406734292892253,-8.119769414812039,15.544995451910369
7.543607473373413,5.72686,-3.76238,6.67055,0.590236,0.0565597,-0.84921,0.0639806,0.427317,0.328953,0.197381,0.659098,0.607639,-0.396743,-0.0512788,0.314284,-0.127519,0.735592,0.138501,0.364548,-0.553919,84.39669238097983,16.76078329712819,-95.45188984988104,-18.48916077898567,-7.420460739906207,14.913161867382563
7.544544458389282,5.72686,-3.76238,6.67055,0.590236,0.0565597,-0.84921,0.0639806,0.427317,0.328953,0.197381,0.659098,0.607639,-0.396743,-0.0512788,0.314284,-0.127519,0.735592,0.138501,0.364548,-0.553919,84.39669238097983,16.76078329712819,-95.45188984988104,-18.48916077898567,-7.420460739906207,14.913161867382563
7.648421049118042,6.09443,-3.52023,6.9255,0.716466,-0.0829686,-0.920535,0.0637847,0.427346,0.328106,0.194734,0.663635,0.606506,-0.392196,-0.0554997,0.308527,-0.126327,0.739922,0.123718,0.370229,-0.54785,85.35337317090878,16.739650114158284,-100.80920509241588,-22.97466154477058,-7.941669353457781,16.05558106541884
7.649399042129517,6.09443,-3.52023,6.9255,0.716466,-0.0829686,-0.920535,0.0637847,0.427346,0.328106,0.194734,0.663635,0.606506,-0.392196,-0.0554997,0.308527,-0.126327,0.739922,0.123718,0.370229,-0.54785,85.35337317090878,16.739650114158284,-100.80920509241588,-22.97466154477058,-7.941669353457781,16.05558106541884
7.754477262496948,6.61451,-2.9167,6.87562,0.985567,-0.0498858,-0.891215,0.0640037,0.427281,0.328686,0.197407,0.661401,0.606889,-0.394038,-0.0524684,0.305339,-0.126638,0.74712,0.123335,0.364128,-0.542228,85.47365436020054,17.833282875314378,-101.84216230634317,-21.810215966226913,-8.689295473837724,15.929173248328194
7.755465030670166,6.61451,-2.9167,6.87562,0.985567,-0.0498858,-0.891215,0.0640037,0.427281,0.328686,0.197407,0.661401,0.606889,-0.394038,-0.0524684,0.305339,-0.126638,0.74712,0.123335,0.364128,-0.542228,85.47365436020054,17.833282875314378,-101.84216230634317,-21.810215966226913,-8.689295473837724,15.929173248328194
7.859400749206543,7.19524,-3.79137,6.2751,0.759392,-0.0412574,-0.929764,0.0640889,0.427259,0.328976,0.197443,0.659516,0.60742,-0.396354,-0.0507572,0.29999,-0.126706,0.749691,0.116367,0.357161,-0.544848,86.61058432445,18.03785568165165,-100.98523255421166,-20.868411372242402,-7.056551845368605,16.873288186204356
7.860335350036621,7.19524,-3.79137,6.2751,0.759392,-0.0412574,-0.929764,0.0640889,0.427259,0.328976,0.197443,0.659516,0.60742,-0.396354,-0.0507572,0.29999,-0.126706,0.749691,0.116367,0.357161,-0.544848,86.61058432445,18.03785568165165,-100.98523255421166,-20.868411372242402,-7.056551845368605,16.873288186204356
7.962980031967163,5.86559,-5.33982,5.3582,0.376491,0.114552,-1.24489,0.0642773,0.427273,0.329091,0.195875,0.659971,0.607022,-0.396984,-0.052062,0.287892,-0.125225,0.755539,0.0983844,0.350704,-0.544507,88.67893883669245,18.40234956876821,-100.98523255421166,-23.170963906142543,-6.771294012121555,19.39654449153618
7.9639527797698975,5.86559,-5.33982,5.3582,0.376491,0.114552,-1.24489,0.0642773,0.427273,0.329091,0.195875,0.659971,0.607022,-0.396984,-0.052062,0.287892,-0.125225,0.755539,0.0983844,0.350704,-0.544507,88.67893883669245,18.40234956876821,-100.98523255421166,-23.170963906142543,-6.771294012121555,19.39654449153618
8.067157983779907,8.37627,-4.8172,4.9464,0.302113,-0.189904,-1.04605,0.0645139,0.427094,0.328503,0.194086,0.661037,0.606058,-0.397561,-0.0520965,0.274555,-0.123861,0.758155,0.0787495,0.337429,-0.552396,91.70274523241196,18.191498942076237,-100.98523255421166,-24.3076512816852,-6.197688758965275,21.52299873021402
8.068180322647095,8.37627,-4.8172,4.9464,0.302113,-0.189904,-1.04605,0.0645139,0.427094,0.328503,0.194086,0.661037,0.606058,-0.397561,-0.0520965,0.274555,-0.123861,0.758155,0.0787495,0.337429,-0.552396,91.70274523241196,18.191498942076237,-100.98523255421166,-24.3076512816852,-6.197688758965275,21.52299873021402
8.171189308166504,9.51166,-5.6418,4.13172,0.293893,-0.0349179,-1.14431,0.064144,0.427288,0.329355,0.192073,0.660905,0.606324,-0.398351,-0.047782,0.264402,-0.122221,0.763611,0.0621349,0.321696,-0.556372,94.70354689470913,18.582496908236664,-100.98523255421166,-23.55459771559658,-2.7813765621566837,23.15220533529217
8.172123670578003,9.51166,-5.6418,4.13172,0.293893,-0.0349179,-1.14431,0.064144,0.427288,0.329355,0.192073,0.660905,0.606324,-0.398351,-0.047782,0.264402,-0.122221,0.763611,0.0621349,0.321696,-0.556372,94.70354689470913,18.582496908236664,-100.98523255421166,-23.55459771559658,-2.7813765621566837,23.15220533529217
8.275416374206543,5.81434,-3.57837,6.04564,0.627589,-0.118703,-0.84857,0.0649025,0.427011,0.329372,0.193034,0.663672,0.60596,-0.393814,-0.047008,0.268638,-0.122955,0.765388,0.0708423,0.326405,-0.550112,93.61730213016989,18.92904500170488,-100.98523255421166,-25.406724700495225,-6.162101247603472,22.226107172499873
8.276353597640991,5.81434,-3.57837,6.04564,0.627589,-0.118703,-0.84857,0.0649025,0.427011,0.329372,0.193034,0.663672,0.60596,-0.393814,-0.047008,0.268638,-0.122955,0.765388,0.0708423,0.326405,-0.550112,93.61730213016989,18.92904500170488,-100.98523255421166,-25.406724700495225,-6.162101247603472,22.226107172499873
8.383314609527588,4.10223,-2.30138,4.36499,0.751682,0.0376278,-0.696269,0.0643234,0.427369,0.330291,0.192664,0.662234,0.60734,-0.394291,-0.0466557,0.288746,-0.125674,0.754917,0.100622,0.340608,-0.551327,90.11962203768584,18.672614725993867,-100.98523255421166,-22.747194439310814,-4.807007173986644,19.72748988675767
8.384248971939087,4.10223,-2.30138,4.36499,0.751682,0.0376278,-0.696269,0.0643234,0.427369,0.330291,0.192664,0.662234,0.60734,-0.394291,-0.0466557,0.288746,-0.125674,0.754917,0.100622,0.340608,-0.551327,90.11962203768584,18.672614725993867,-100.98523255421166,-22.747194439310814,-4.807007173986644,19.72748988675767
8.485363960266113,1.75908,-3.42823,4.54851,0.410972,0.0517548,-0.919093,0.0632378,0.427589,0.328683,0.194146,0.661419,0.606884,-0.395631,-0.0570891,0.313811,-0.12648,0.738379,0.128688,0.374932,-0.545584,84.3322806653519,17.026007579079543,-97.70468275722419,-20.260073123791635,-6.658927217641692,15.415992839223378
8.486289262771606,1.75908,-3.42823,4.54851,0.410972,0.0517548,-0.919093,0.0632378,0.427589,0.328683,0.194146,0.661419,0.606884,-0.395631,-0.0570891,0.313811,-0.12648,0.738379,0.128688,0.374932,-0.545584,84.3322806653519,17.026007579079543,-97.70468275722419,-20.260073123791635,-6.658927217641692,15.415992839223378
8.587494611740112,-1.188,-2.97706,7.06127,0.144021,-0.319782,-0.878294,0.0634806,0.427425,0.32711,0.192831,0.660722,0.606706,-0.397705,-0.0663892,0.345417,-0.12452,0.713368,0.167653,0.417278,-0.537473,77.09111013145763,15.441565783046387,-76.59241322495897,-18.294400495824217,-6.969392307316599,12.688447182482196
8.588553428649902,-1.188,-2.97706,7.06127,0.144021,-0.319782,-0.878294,0.0634806,0.427425,0.32711,0.192831,0.660722,0.606706,-0.397705,-0.0663892,0.345417,-0.12452,0.713368,0.167653,0.417278,-0.537473,77.09111013145763,15.441565783046387,-76.59241322495897,-18.294400495824217,-6.969392307316599,12.688447182482196
8.691488981246948,-0.547138,-2.10551,7.80636,0.118953,-0.558491,-0.713951,0.0631999,0.427672,0.32702,0.196044,0.660546,0.606281,-0.397075,-0.0665322,0.378339,-0.121149,0.694141,0.214488,0.447856,-0.521142,69.76141710480681,15.048121776097094,-62.652962361558856,-13.51534889952417,-7.941868781692418,10.473252527647297
8.692410945892334,-0.547138,-2.10551,7.80636,0.118953,-0.558491,-0.713951,0.0631999,0.427672,0.32702,0.196044,0.660546,0.606281,-0.397075,-0.0665322,0.378339,-0.121149,0.694141,0.214488,0.447856,-0.521142,69.76141710480681,15.048121776097094,-62.652962361558856,-13.51534889952417,-7.941868781692418,10.473252527647297
8.793795108795166,-0.622,-0.0648961,7.08227,0.531945,-0.389055,-0.432311,0.0629795,0.427743,0.32815,0.199281,0.65864,0.608436,-0.39533,-0.0615728,0.403179,-0.11659,0.688425,0.251621,0.466522,-0.495092,64.10430852175172,16.32734934046412,-58.091717452531505,-8.933179296701653,-7.637335982054184,9.284945618190513
8.794722080230713,-0.622,-0.0648961,7.08227,0.531945,-0.389055,-0.432311,0.0629795,0.427743,0.32815,0.199281,0.65864,0.608436,-0.39533,-0.0615728,0.403179,-0.11659,0.688425,0.251621,0.466522,-0.495092,64.10430852175172,16.32734934046412,-58.091717452531505,-8.933179296701653,-7.637335982054184,9.284945618190513
8.899135112762451,1.90073,-0.274891,6.5997,0.788111,-0.439775,-0.525415,0.0634292,0.427477,0.328306,0.196658,0.658198,0.607699,-0.3985,-0.0596712,0.422064,-0.110363,0.677775,0.283717,0.480636,-0.478658,59.50635162907378,17.575265513631443,-55.33544237661024,-7.420839763346368,-6.9554216272268174,8.946320361547112
8.900072813034058,1.90073,-0.274891,6.5997,0.788111,-0.439775,-0.525415,0.0634292,0.427477,0.328306,0.196658,0.658198,0.607699,-0.3985,-0.0596712,0.422064,-0.110363,0.677775,0.283717,0.480636,-0.478658,59.50635162907378,17.575265513631443,-55.33544237661024,-7.420839763346368,-6.9554216272268174,8.946320361547112
9.002604484558105,0.957045,-0.403096,5.6019,0.835099,-0.183892,-0.606054,0.0628601,0.427833,0.32956,0.198465,0.659092,0.608567,-0.394785,-0.0615814,0.44312,-0.0997129,0.660041,0.308469,0.506789,-0.460823,54.45917462083757,16.4133465530377,-50.94051200329399,-5.380247603161393,-6.6977013302872015,8.35801577796461
9.003540277481079,0.957045,-0.403096,5.6019,0.835099,-0.183892,-0.606054,0.0628601,0.427833,0.32956,0.198465,0.659092,0.608567,-0.394785,-0.0615814,0.44312,-0.0997129,0.660041,0.308469,0.506789,-0.460823,54.45917462083757,16.4133465530377,-50.94051200329399,-5.380247603161393,-6.6977013302872015,8.35801577796461
9.106172323226929,0.254896,-0.625176,6.07919,0.886095,-0.249117,-0.700534,0.062841,0.427803,0.329209,0.198222,0.660003,0.607891,-0.394426,-0.0659888,0.461988,-0.0879257,0.641101,0.331857,0.532604,-0.441808,49.31890141419473,15.511064496906844,-48.02325701911258,-3.683457729584171,-7.367967031272631,7.623782245875418
9.107130527496338,0.254896,-0.625176,6.07919,0.886095,-0.249117,-0.700534,0.062841,0.427803,0.329209,0.198222,0.660003,0.607891,-0.394426,-0.0659888,0.461988,-0.0879257,0.641101,0.331857,0.532604,-0.441808,49.31890141419473,15.511064496906844,-48.02325701911258,-3.683457729584171,-7.367967031272631,7.623782245875418
9.210424900054932,0.758482,0.156848,3.94718,1.02432,-0.054514,-0.543706,0.0629898,0.427928,0.330757,0.196482,0.662697,0.607655,-0.391131,-0.072191,0.481886,-0.0703601,0.620089,0.353678,0.564936,-0.413822,43.68756805381328,14.041324453153694,-46.19748572729786,-3.0228655814425474,-7.792534634535854,6.722854669068984
9.211347579956055,0.758482,0.156848,3.94718,1.02432,-0.054514,-0.543706,0.0629898,0.427928,0.330757,0.196482,0.662697,0.607655,-0.391131,-0.072191,0.481886,-0.0703601,0.620089,0.353678,0.564936,-0.413822,43.68756805381328,14.041324453153694,-46.19748572729786,-3.0228655814425474,-7.792534634535854,6.722854669068984
9.314208030700684,0.202114,-1.51733,3.03312,0.46779,-0.0294829,-0.62521,0.0627269,0.428101,0.330821,0.196403,0.660179,0.608713,-0.393775,-0.0772061,0.495187,-0.0569366,0.599849,0.37172,0.585257,-0.39935,39.37610198772051,13.133460044214843,-44.144081666355085,-0.9755749135802443,-8.519441321742127,6.828119106037846
9.31514286994934,0.202114,-1.51733,3.03312,0.46779,-0.0294829,-0.62521,0.0627269,0.428101,0.330821,0.196403,0.660179,0.608713,-0.393775,-0.0772061,0.495187,-0.0569366,0.599849,0.37172,0.585257,-0.39935,39.37610198772051,13.133460044214843,-44.144081666355085,-0.9755749135802443,-8.519441321742127,6.828119106037846
9.433531761169434,0.316941,-1.56272,1.93542,0.144651,0.237851,-0.252659,0.0629788,0.42806,0.33032,0.190102,0.663247,0.608424,-0.392154,-0.0762688,0.499019,-0.0534058,0.577121,0.382398,0.583294,-0.424819,40.12228862100254,11.429872294895468,-39.73075359712796,-4.5231185446021405,-12.033720767083242,4.467296427172332
9.434453248977661,0.316941,-1.56272,1.93542,0.144651,0.237851,-0.252659,0.0629788,0.42806,0.33032,0.190102,0.663247,0.608424,-0.392154,-0.0762688,0.499019,-0.0534058,0.577121,0.382398,0.583294,-0.424819,40.12228862100254,11.429872294895468,-39.73075359712796,-4.5231185446021405,-12.033720767083242,4.467296427172332
9.538870811462402,0.955279,-1.15505,3.4607,0.20693,-0.0309651,-0.277522,0.0625942,0.428282,0.330899,0.196393,0.659893,0.608854,-0.394041,-0.0595079,0.487588,-0.0733042,0.601847,0.380006,0.537416,-0.452282,44.98490164020442,14.555768857468552,-40.30416341481659,-0.13834702719698583,-11.992791914207288,6.498094423798847
9.539795637130737,0.955279,-1.15505,3.4607,0.20693,-0.0309651,-0.277522,0.0625942,0.428282,0.330899,0.196393,0.659893,0.608854,-0.394041,-0.0595079,0.487588,-0.0733042,0.601847,0.380006,0.537416,-0.452282,44.98490164020442,14.555768857468552,-40.30416341481659,-0.13834702719698583,-11.992791914207288,6.498094423798847
9.645523071289062,-0.421508,-2.96302,4.64397,-0.161613,0.278706,-0.489647,0.0636574,0.427256,0.327835,0.192196,0.662128,0.605452,-0.397586,-0.0388137,0.436443,-0.112385,0.6414,0.32895,0.448435,-0.528493,60.39563290536691,16.114984761808607,-45.23203702646434,-3.833615919857089,-7.586529500497612,8.177064728144824
9.646506309509277,-0.421508,-2.96302,4.64397,-0.161613,0.278706,-0.489647,0.0636574,0.427256,0.327835,0.192196,0.662128,0.605452,-0.397586,-0.0388137,0.436443,-0.112385,0.6414,0.32895,0.448435,-0.528493,60.39563290536691,16.114984761808607,-45.23203702646434,-3.833615919857089,-7.586529500497612,8.177064728144824
9.751600742340088,0.403189,-2.824,3.09148,-0.164602,0.446034,-0.450142,0.0636811,0.42762,0.329614,0.196722,0.659833,0.608168,-0.395035,-0.030046,0.387544,-0.126039,0.648051,0.280855,0.374516,-0.60074,72.64040861502686,12.311583204167848,-45.89173833098722,-8.478335404011238,-11.093393867113093,9.072615296604258
9.752563714981079,0.403189,-2.824,3.09148,-0.164602,0.446034,-0.450142,0.0636811,0.42762,0.329614,0.196722,0.659833,0.608168,-0.395035,-0.030046,0.387544,-0.126039,0.648051,0.280855,0.374516,-0.60074,72.64040861502686,12.311583204167848,-45.89173833098722,-8.478335404011238,-11.093393867113093,9.072615296604258
9.857175588607788,0.299733,-2.14608,3.39395,-0.204089,0.266761,-0.3632,0.0629842,0.427895,0.329369,0.194518,0.661433,0.607697,-0.394175,-0.0219888,0.340803,-0.130777,0.651788,0.242341,0.297343,-0.65424,83.51788894462285,9.521160245859056,-60.92339279930786,-15.513397577320053,-13.220489080785082,11.802050738836092
9.858218908309937,0.299733,-2.14608,3.39395,-0.204089,0.266761,-0.3632,0.0629842,0.427895,0.329369,0.194518,0.661433,0.607697,-0.394175,-0.0219888,0.340803,-0.130777,0.651788,0.242341,0.297343,-0.65424,83.51788894462285,9.521160245859056,-60.92339279930786,-15.513397577320053,-13.220489080785082,11.802050738836092
9.962417364120483,0.824688,-2.77732,1.25441,-0.398835,0.566029,-0.500184,0.0637943,0.427595,0.329551,0.196773,0.659924,0.607984,-0.395141,-0.0168982,0.307659,-0.126568,0.642503,0.211231,0.241064,-0.696031,90.42840642933042,9.109266006943232,-50.389438818474694,-18.814501742751922,-13.302602604158446,11.925572519508798
9.963341236114502,0.824688,-2.77732,1.25441,-0.398835,0.566029,-0.500184,0.0637943,0.427595,0.329551,0.196773,0.659924,0.607984,-0.395141,-0.0168982,0.307659,-0.126568,0.642503,0.211231,0.241064,-0.696031,90.42840642933042,9.109266006943232,-50.389438818474694,-18.814501742751922,-13.302602604158446,11.925572519508798
10.0674147605896,1.39012,-3.91602,2.37509,-0.897326,0.121266,-0.610955,0.0627339,0.428276,0.330766,0.194075,0.659525,0.608708,-0.396025,-0.0101265,0.293125,-0.125865,0.605797,0.214551,0.18615,-0.743186,93.76560011183086,0.27570390674389955,-50.389438818474694,-17.025147625337365,-11.636616823875283,13.687993790561535
10.068424940109253,1.39012,-3.91602,2.37509,-0.897326,0.121266,-0.610955,0.0627339,0.428276,0.330766,0.194075,0.659525,0.608708,-0.396025,-0.0101265,0.293125,-0.125865,0.605797,0.214551,0.18615,-0.743186,93.76560011183086,0.27570390674389955,-50.389438818474694,-17.025147625337365,-11.636616823875283,13.687993790561535
10.17221736907959,0.678663,-5.22018,2.75835,-1.32786,0.186267,-0.6729,0.063859,0.427604,0.33004,0.193797,0.659915,0.607774,-0.396946,-0.00806951,0.290584,-0.126344,0.598376,0.215569,0.176891,-0.751123,94.09571827929624,-0.5849836161976043,-50.389438818474694,-16.307478594292085,-11.262457456525963,13.237722789490576
10.173184633255005,0.678663,-5.22018,2.75835,-1.32786,0.186267,-0.6729,0.063859,0.427604,0.33004,0.193797,0.659915,0.607774,-0.396946,-0.00806951,0.290584,-0.126344,0.598376,0.215569,0.176891,-0.751123,94.09571827929624,-0.5849836161976043,-50.389438818474694,-16.307478594292085,-11.262457456525963,13.237722789490576
10.277628421783447,0.456968,-6.47446,2.39614,-1.82841,0.214771,-0.752895,0.0637891,0.42768,0.329843,0.195665,0.659586,0.609323,-0.394193,0.0163586,0.288754,-0.12795,0.565423,0.261735,0.130226,-0.771254,93.0784033698138,-2.258533165962035,-50.389438818474694,-15.487814834602078,-10.445192347913434,13.880909201521686
10.278597116470337,0.456968,-6.47446,2.39614,-1.82841,0.214771,-0.752895,0.0637891,0.42768,0.329843,0.195665,0.659586,0.609323,-0.394193,0.0163586,0.288754,-0.12795,0.565423,0.261735,0.130226,-0.771254,93.0784033698138,-2.258533165962035,-50.389438818474694,-15.487814834602078,-10.445192347913434,13.880909201521686
