# Timestamp, Flexion, Adduction, Rotation, Translation_ap, Translation_ml, Translation_pd, Tx, Ty, Tz, Fx, Fy, Fz
0.009354591369628906, 69.6748349132444, 4.7458980311730175, -28.843378954487648, -25.743361012824906, -13.687923939971872, 26.264379138037146, 0.0, 0.0, 0.0, 0.0, 0.0, 0.0
0.016890764236450195, 69.6748349132444, 4.7458980311730175, -28.843378954487648, -25.743361012824906, -13.687923939971872, 26.264379138037146, 0.0, 0.0, 0.0, 0.0, 0.0, 0.0
0.02917313575744629, 69.6748349132444, 4.7458980311730175, -28.843378954487648, -25.743361012824906, -13.687923939971872, 26.264379138037146, 0.0, 0.0, 0.0, 0.0, 0.0, 0.0
0.035582780838012695, 69.6748349132444, 4.7458980311730175, -28.843378954487648, -25.743361012824906, -13.687923939971872, 26.264379138037146, 0.0, 0.0, 0.0, 0.0, 0.0, 0.0
0.04877901077270508, 69.6748349132444, 4.7458980311730175, -28.843378954487648, -25.743361012824906, -13.687923939971872, 26.264379138037146, 0.0, 0.0, 0.0, 0.0, 0.0, 0.0
0.0553591251373291, 69.6748349132444, 4.7458980311730175, -28.843378954487648, -25.743361012824906, -13.687923939971872, 26.264379138037146, 0.0, 0.0, 0.0, 0.0, 0.0, 0.0
0.06847429275512695, 69.6748349132444, 4.7458980311730175, -28.843378954487648, -25.743361012824906, -13.687923939971872, 26.264379138037146, 0.0, 0.0, 0.0, 0.0, 0.0, 0.0
0.0747525691986084, 69.6748349132444, 4.7458980311730175, -28.843378954487648, -25.743361012824906, -13.687923939971872, 26.264379138037146, 0.0, 0.0, 0.0, 0.0, 0.0, 0.0
0.08906722068786621, 69.6748349132444, 4.7458980311730175, -28.843378954487648, -25.743361012824906, -13.687923939971872, 26.264379138037146, 0.0, 0.0, 0.0, 0.0, 0.0, 0.0
0.09515929222106934, 69.6748349132444, 4.7458980311730175, -28.843378954487648, -25.743361012824906, -13.687923939971872, 26.264379138037146, 0.0, 0.0, 0.0, 0.0, 0.0, 0.0
0.10809326171875, 69.6748349132444, 4.7458980311730175, -28.843378954487648, -25.743361012824906, -13.687923939971872, 26.264379138037146, 0.0, 0.0, 0.0, 0.0, 0.0, 0.0
0.11427974700927734, 69.6748349132444, 4.7458980311730175, -28.843378954487648, -25.743361012824906, -13.687923939971872, 26.264379138037146, 0.0, 0.0, 0.0, 0.0, 0.0, 0.0
0.1370999813079834, 69.6748349132444, 4.7458980311730175, -28.843378954487648, -25.743361012824906, -13.687923939971872, 26.264379138037146, 0.0, 0.0, 0.0, 0.0, 0.0, 0.0
0.14612507820129395, 69.6748349132444, 4.7458980311730175, -28.843378954487648, -25.743361012824906, -13.687923939971872, 26.264379138037146, 0.0, 0.0, 0.0, 0.0, 0.0, 0.0
0.15790152549743652, 69.6748349132444, 4.7458980311730175, -28.843378954487648, -25.743361012824906, -13.687923939971872, 26.264379138037146, 0.0, 0.0, 0.0, 0.0, 0.0, 0.0
0.1641523838043213, 69.6748349132444, 4.7458980311730175, -28.843378954487648, -25.743361012824906, -13.687923939971872, 26.264379138037146, 0.0, 0.0, 0.0, 0.0, 0.0, 0.0
0.17495298385620117, 69.6748349132444, 4.7458980311730175, -28.843378954487648, -25.743361012824906, -13.687923939971872, 26.264379138037146, 0.0, 0.0, 0.0, 0.0, 0.0, 0.0
0.18113350868225098, 69.6748349132444, 4.7458980311730175, -28.843378954487648, -25.743361012824906, -13.687923939971872, 26.264379138037146, 0.0, 0.0, 0.0, 0.0, 0.0, 0.0
0.1920628547668457, 69.6748349132444, 4.7458980311730175, -28.843378954487648, -25.743361012824906, -13.687923939971872, 26.264379138037146, 0.0, 0.0, 0.0, 0.0, 0.0, 0.0
0.19821715354919434, 69.6748349132444, 4.7458980311730175, -28.843378954487648, -25.743361012824906, -13.687923939971872, 26.264379138037146, 0.0, 0.0, 0.0, 0.0, 0.0, 0.0
0.20937681198120117, 69.6748349132444, 4.7458980311730175, -28.843378954487648, -25.743361012824906, -13.687923939971872, 26.264379138037146, 0.0, 0.0, 0.0, 0.0, 0.0, 0.0
0.21552658081054688, 69.6748349132444, 4.7458980311730175, -28.843378954487648, -25.743361012824906, -13.687923939971872, 26.264379138037146, 0.0, 0.0, 0.0, 0.0, 0.0, 0.0
0.22784829139709473, 69.6748349132444, 4.7458980311730175, -28.843378954487648, -25.743361012824906, -13.687923939971872, 26.264379138037146, 0.0, 0.0, 0.0, 0.0, 0.0, 0.0
0.2339799404144287, 69.6748349132444, 4.7458980311730175, -28.843378954487648, -25.743361012824906, -13.687923939971872, 26.264379138037146, 0.0, 0.0, 0.0, 0.0, 0.0, 0.0
0.2480003833770752, 69.6748349132444, 4.7458980311730175, -28.843378954487648, -25.743361012824906, -13.687923939971872, 26.264379138037146, 0.0, 0.0, 0.0, 0.0, 0.0, 0.0
0.25425028800964355, 69.6748349132444, 4.7458980311730175, -28.843378954487648, -25.743361012824906, -13.687923939971872, 26.264379138037146, 0.0, 0.0, 0.0, 0.0, 0.0, 0.0
0.2681996822357178, 69.6748349132444, 4.7458980311730175, -28.843378954487648, -25.743361012824906, -13.687923939971872, 26.264379138037146, 0.0, 0.0, 0.0, 0.0, 0.0, 0.0
0.2743368148803711, 69.6748349132444, 4.7458980311730175, -28.843378954487648, -25.743361012824906, -13.687923939971872, 26.264379138037146, 0.0, 0.0, 0.0, 0.0, 0.0, 0.0
0.28794121742248535, 69.6748349132444, 4.7458980311730175, -28.843378954487648, -25.743361012824906, -13.687923939971872, 26.264379138037146, 0.0, 0.0, 0.0, 0.0, 0.0, 0.0
0.294173002243042, 69.6748349132444, 4.7458980311730175, -28.843378954487648, -25.743361012824906, -13.687923939971872, 26.264379138037146, 0.0, 0.0, 0.0, 0.0, 0.0, 0.0
0.30806732177734375, 69.6748349132444, 4.7458980311730175, -28.843378954487648, -25.743361012824906, -13.687923939971872, 26.264379138037146, 0.0, 0.0, 0.0, 0.0, 0.0, 0.0
0.31417274475097656, 69.6748349132444, 4.7458980311730175, -28.843378954487648, -25.743361012824906, -13.687923939971872, 26.264379138037146, 0.0, 0.0, 0.0, 0.0, 0.0, 0.0
0.32822108268737793, 69.6748349132444, 4.7458980311730175, -28.843378954487648, -25.743361012824906, -13.687923939971872, 26.264379138037146, 0.0, 0.0, 0.0, 0.0, 0.0, 0.0
0.33434033393859863, 69.6748349132444, 4.7458980311730175, -28.843378954487648, -25.743361012824906, -13.687923939971872, 26.264379138037146, 0.0, 0.0, 0.0, 0.0, 0.0, 0.0
0.34827589988708496, 69.6748349132444, 4.7458980311730175, -28.843378954487648, -25.743361012824906, -13.687923939971872, 26.264379138037146, 0.0, 0.0, 0.0, 0.0, 0.0, 0.0
0.3543589115142822, 69.6748349132444, 4.7458980311730175, -28.843378954487648, -25.743361012824906, -13.687923939971872, 26.264379138037146, 0.0, 0.0, 0.0, 0.0, 0.0, 0.0
0.3683459758758545, 69.6748349132444, 4.7458980311730175, -28.843378954487648, -25.743361012824906, -13.687923939971872, 26.264379138037146, 0.0, 0.0, 0.0, 0.0, 0.0, 0.0
0.37443017959594727, 69.6748349132444, 4.7458980311730175, -28.843378954487648, -25.743361012824906, -13.687923939971872, 26.264379138037146, 0.0, 0.0, 0.0, 0.0, 0.0, 0.0
0.38825559616088867, 69.6748349132444, 4.7458980311730175, -28.843378954487648, -25.743361012824906, -13.687923939971872, 26.264379138037146, 0.0, 0.0, 0.0, 0.0, 0.0, 0.0
0.3945021629333496, 69.6748349132444, 4.7458980311730175, -28.843378954487648, -25.743361012824906, -13.687923939971872, 26.264379138037146, 0.0, 0.0, 0.0, 0.0, 0.0, 0.0
0.42449951171875, 69.6748349132444, 4.7458980311730175, -28.843378954487648, -25.743361012824906, -13.687923939971872, 26.264379138037146, 0.0, 0.0, 0.0, 0.0, 0.0, 0.0
0.4402768611907959, 69.6748349132444, 4.7458980311730175, -28.843378954487648, -25.743361012824906, -13.687923939971872, 26.264379138037146, 0.0, 0.0, 0.0, 0.0, 0.0, 0.0
0.455322265625, 69.6748349132444, 4.7458980311730175, -28.843378954487648, -25.743361012824906, -13.687923939971872, 26.264379138037146, 0.0, 0.0, 0.0, 0.0, 0.0, 0.0
0.4621579647064209, 69.6748349132444, 4.7458980311730175, -28.843378954487648, -25.743361012824906, -13.687923939971872, 26.264379138037146, 0.0, 0.0, 0.0, 0.0, 0.0, 0.0
0.4732780456542969, 69.6748349132444, 4.7458980311730175, -28.843378954487648, -25.743361012824906, -13.687923939971872, 26.264379138037146, 0.0, 0.0, 0.0, 0.0, 0.0, 0.0
0.479311466217041, 69.6748349132444, 4.7458980311730175, -28.843378954487648, -25.743361012824906, -13.687923939971872, 26.264379138037146, 0.0, 0.0, 0.0, 0.0, 0.0, 0.0
0.4932429790496826, 69.6748349132444, 4.7458980311730175, -28.843378954487648, -25.743361012824906, -13.687923939971872, 26.264379138037146, 0.0, 0.0, 0.0, 0.0, 0.0, 0.0
0.4991281032562256, 69.6748349132444, 4.7458980311730175, -28.843378954487648, -25.743361012824906, -13.687923939971872, 26.264379138037146, 0.0, 0.0, 0.0, 0.0, 0.0, 0.0
0.5137238502502441, 69.6748349132444, 4.7458980311730175, -28.843378954487648, -25.743361012824906, -13.687923939971872, 26.264379138037146, 0.0, 0.0, 0.0, 0.0, 0.0, 0.0
0.5197653770446777, 69.6748349132444, 4.7458980311730175, -28.843378954487648, -25.743361012824906, -13.687923939971872, 26.264379138037146, 0.0, 0.0, 0.0, 0.0, 0.0, 0.0
0.5334959030151367, 69.6748349132444, 4.7458980311730175, -28.843378954487648, -25.743361012824906, -13.687923939971872, 26.264379138037146, 0.0, 0.0, 0.0, 0.0, 0.0, 0.0
0.5395267009735107, 69.6748349132444, 4.7458980311730175, -28.843378954487648, -25.743361012824906, -13.687923939971872, 26.264379138037146, 0.0, 0.0, 0.0, 0.0, 0.0, 0.0
0.5532426834106445, 69.6748349132444, 4.7458980311730175, -28.843378954487648, -25.743361012824906, -13.687923939971872, 26.264379138037146, 0.0, 0.0, 0.0, 0.0, 0.0, 0.0
0.559544563293457, 69.6748349132444, 4.7458980311730175, -28.843378954487648, -25.743361012824906, -13.687923939971872, 26.264379138037146, 0.0, 0.0, 0.0, 0.0, 0.0, 0.0
0.5733988285064697, 69.6748349132444, 4.7458980311730175, -28.843378954487648, -25.743361012824906, -13.687923939971872, 26.264379138037146, 0.0, 0.0, 0.0, 0.0, 0.0, 0.0
0.5793237686157227, 69.6748349132444, 4.7458980311730175, -28.843378954487648, -25.743361012824906, -13.687923939971872, 26.264379138037146, 0.0, 0.0, 0.0, 0.0, 0.0, 0.0
0.5934188365936279, 69.6748349132444, 4.7458980311730175, -28.843378954487648, -25.743361012824906, -13.687923939971872, 26.264379138037146, 0.0, 0.0, 0.0, 0.0, 0.0, 0.0
0.5995998382568359, 69.6748349132444, 4.7458980311730175, -28.843378954487648, -25.743361012824906, -13.687923939971872, 26.264379138037146, 0.0, 0.0, 0.0, 0.0, 0.0, 0.0
0.613203763961792, 69.6748349132444, 4.7458980311730175, -28.843378954487648, -25.743361012824906, -13.687923939971872, 26.264379138037146, 0.0, 0.0, 0.0, 0.0, 0.0, 0.0
0.6190533638000488, 69.6748349132444, 4.7458980311730175, -28.843378954487648, -25.743361012824906, -13.687923939971872, 26.264379138037146, 0.0, 0.0, 0.0, 0.0, 0.0, 0.0
0.6332559585571289, 69.6748349132444, 4.7458980311730175, -28.843378954487648, -25.743361012824906, -13.687923939971872, 26.264379138037146, 0.0, 0.0, 0.0, 0.0, 0.0, 0.0
0.6394443511962891, 69.6748349132444, 4.7458980311730175, -28.843378954487648, -25.743361012824906, -13.687923939971872, 26.264379138037146, 0.0, 0.0, 0.0, 0.0, 0.0, 0.0
0.6529159545898438, 69.6748349132444, 4.7458980311730175, -28.843378954487648, -25.743361012824906, -13.687923939971872, 26.264379138037146, 0.0, 0.0, 0.0, 0.0, 0.0, 0.0
0.6591203212738037, 69.6748349132444, 4.7458980311730175, -28.843378954487648, -25.743361012824906, -13.687923939971872, 26.264379138037146, 0.0, 0.0, 0.0, 0.0, 0.0, 0.0
0.6734445095062256, 69.6748349132444, 4.7458980311730175, -28.843378954487648, -25.743361012824906, -13.687923939971872, 26.264379138037146, 0.0, 0.0, 0.0, 0.0, 0.0, 0.0
0.6792943477630615, 69.6748349132444, 4.7458980311730175, -28.843378954487648, -25.743361012824906, -13.687923939971872, 26.264379138037146, 0.0, 0.0, 0.0, 0.0, 0.0, 0.0
0.6932680606842041, 69.6748349132444, 4.7458980311730175, -28.843378954487648, -25.743361012824906, -13.687923939971872, 26.264379138037146, 0.0, 0.0, 0.0, 0.0, 0.0, 0.0
0.6993796825408936, 69.6748349132444, 4.7458980311730175, -28.843378954487648, -25.743361012824906, -13.687923939971872, 26.264379138037146, 0.0, 0.0, 0.0, 0.0, 0.0, 0.0
0.7131502628326416, 69.6748349132444, 4.7458980311730175, -28.843378954487648, -25.743361012824906, -13.687923939971872, 26.264379138037146, 0.0, 0.0, 0.0, 0.0, 0.0, 0.0
0.7190933227539062, 69.6748349132444, 4.7458980311730175, -28.843378954487648, -25.743361012824906, -13.687923939971872, 26.264379138037146, 0.0, 0.0, 0.0, 0.0, 0.0, 0.0
0.7339334487915039, 69.6748349132444, 4.7458980311730175, -28.843378954487648, -25.743361012824906, -13.687923939971872, 26.264379138037146, 0.0, 0.0, 0.0, 0.0, 0.0, 0.0
0.7400181293487549, 69.6748349132444, 4.7458980311730175, -28.843378954487648, -25.743361012824906, -13.687923939971872, 26.264379138037146, 0.0, 0.0, 0.0, 0.0, 0.0, 0.0
0.7536194324493408, 69.6748349132444, 4.7458980311730175, -28.843378954487648, -25.743361012824906, -13.687923939971872, 26.264379138037146, 0.0, 0.0, 0.0, 0.0, 0.0, 0.0
0.7595119476318359, 69.6748349132444, 4.7458980311730175, -28.843378954487648, -25.743361012824906, -13.687923939971872, 26.264379138037146, 0.0, 0.0, 0.0, 0.0, 0.0, 0.0
0.7733941078186035, 69.6748349132444, 4.7458980311730175, -28.843378954487648, -25.743361012824906, -13.687923939971872, 26.264379138037146, 0.0, 0.0, 0.0, 0.0, 0.0, 0.0
0.7793776988983154, 69.6748349132444, 4.7458980311730175, -28.843378954487648, -25.743361012824906, -13.687923939971872, 26.264379138037146, 0.0, 0.0, 0.0, 0.0, 0.0, 0.0
0.7932949066162109, 69.6748349132444, 4.7458980311730175, -28.843378954487648, -25.743361012824906, -13.687923939971872, 26.264379138037146, 0.0, 0.0, 0.0, 0.0, 0.0, 0.0
0.7993416786193848, 69.6748349132444, 4.7458980311730175, -28.843378954487648, -25.743361012824906, -13.687923939971872, 26.264379138037146, 0.0, 0.0, 0.0, 0.0, 0.0, 0.0
0.8131296634674072, 69.6748349132444, 4.7458980311730175, -28.843378954487648, -25.743361012824906, -13.687923939971872, 26.264379138037146, 0.0, 0.0, 0.0, 0.0, 0.0, 0.0
0.819066047668457, 69.6748349132444, 4.7458980311730175, -28.843378954487648, -25.743361012824906, -13.687923939971872, 26.264379138037146, 0.0, 0.0, 0.0, 0.0, 0.0, 0.0
0.8336265087127686, 69.6748349132444, 4.7458980311730175, -28.843378954487648, -25.743361012824906, -13.687923939971872, 26.264379138037146, 0.0, 0.0, 0.0, 0.0, 0.0, 0.0
0.8398468494415283, 69.6748349132444, 4.7458980311730175, -28.843378954487648, -25.743361012824906, -13.687923939971872, 26.264379138037146, 0.0, 0.0, 0.0, 0.0, 0.0, 0.0
0.8536109924316406, 69.6748349132444, 4.7458980311730175, -28.843378954487648, -25.743361012824906, -13.687923939971872, 26.264379138037146, 0.0, 0.0, 0.0, 0.0, 0.0, 0.0
0.8596961498260498, 69.6748349132444, 4.7458980311730175, -28.843378954487648, -25.743361012824906, -13.687923939971872, 26.264379138037146, 0.0, 0.0, 0.0, 0.0, 0.0, 0.0
0.8736588954925537, 69.6748349132444, 4.7458980311730175, -28.843378954487648, -25.743361012824906, -13.687923939971872, 26.264379138037146, 0.0, 0.0, 0.0, 0.0, 0.0, 0.0
0.8799381256103516, 69.6748349132444, 4.7458980311730175, -28.843378954487648, -25.743361012824906, -13.687923939971872, 26.264379138037146, 0.0, 0.0, 0.0, 0.0, 0.0, 0.0
0.8936653137207031, 69.6748349132444, 4.7458980311730175, -28.843378954487648, -25.743361012824906, -13.687923939971872, 26.264379138037146, 0.0, 0.0, 0.0, 0.0, 0.0, 0.0
0.8996975421905518, 69.6748349132444, 4.7458980311730175, -28.843378954487648, -25.743361012824906, -13.687923939971872, 26.264379138037146, 0.0, 0.0, 0.0, 0.0, 0.0, 0.0
0.9137043952941895, 69.6748349132444, 4.7458980311730175, -28.843378954487648, -25.743361012824906, -13.687923939971872, 26.264379138037146, 0.0, 0.0, 0.0, 0.0, 0.0, 0.0
0.9197771549224854, 69.6748349132444, 4.7458980311730175, -28.843378954487648, -25.743361012824906, -13.687923939971872, 26.264379138037146, 0.0, 0.0, 0.0, 0.0, 0.0, 0.0
0.9334232807159424, 69.6748349132444, 4.7458980311730175, -28.843378954487648, -25.743361012824906, -13.687923939971872, 26.264379138037146, 0.0, 0.0, 0.0, 0.0, 0.0, 0.0
0.93953537940979, 69.6748349132444, 4.7458980311730175, -28.843378954487648, -25.743361012824906, -13.687923939971872, 26.264379138037146, 0.0, 0.0, 0.0, 0.0, 0.0, 0.0
0.9534285068511963, 69.6748349132444, 4.7458980311730175, -28.843378954487648, -25.743361012824906, -13.687923939971872, 26.264379138037146, 0.0, 0.0, 0.0, 0.0, 0.0, 0.0
0.9595580101013184, 69.6748349132444, 4.7458980311730175, -28.843378954487648, -25.743361012824906, -13.687923939971872, 26.264379138037146, 0.0, 0.0, 0.0, 0.0, 0.0, 0.0
0.9732928276062012, 69.6748349132444, 4.7458980311730175, -28.843378954487648, -25.743361012824906, -13.687923939971872, 26.264379138037146, 0.0, 0.0, 0.0, 0.0, 0.0, 0.0
0.9795434474945068, 69.6748349132444, 4.7458980311730175, -28.843378954487648, -25.743361012824906, -13.687923939971872, 26.264379138037146, 0.0, 0.0, 0.0, 0.0, 0.0, 0.0
0.9933390617370605, 69.6748349132444, 4.7458980311730175, -28.843378954487648, -25.743361012824906, -13.687923939971872, 26.264379138037146, 0.0, 0.0, 0.0, 0.0, 0.0, 0.0
0.9994547367095947, 69.6748349132444, 4.7458980311730175, -28.843378954487648, -25.743361012824906, -13.687923939971872, 26.264379138037146, 0.0, 0.0, 0.0, 0.0, 0.0, 0.0
1.0132358074188232, 69.6748349132444, 4.7458980311730175, -28.843378954487648, -25.743361012824906, -13.687923939971872, 26.264379138037146, 0.0, 0.0, 0.0, 0.0, 0.0, 0.0
1.0194861888885498, 69.6748349132444, 4.7458980311730175, -28.843378954487648, -25.743361012824906, -13.687923939971872, 26.264379138037146, 0.0, 0.0, 0.0, 0.0, 0.0, 0.0
1.042203664779663, 69.6748349132444, 4.7458980311730175, -28.843378954487648, -25.743361012824906, -13.687923939971872, 26.264379138037146, 0.0, 0.0, 0.0, 0.0, 0.0, 0.0
1.0511865615844727, 69.6748349132444, 4.7458980311730175, -28.843378954487648, -25.743361012824906, -13.687923939971872, 26.264379138037146, 0.0, 0.0, 0.0, 0.0, 0.0, 0.0
1.0630850791931152, 69.6748349132444, 4.7458980311730175, -28.843378954487648, -25.743361012824906, -13.687923939971872, 26.264379138037146, 0.0, 0.0, 0.0, 0.0, 0.0, 0.0
1.0692439079284668, 69.6748349132444, 4.7458980311730175, -28.843378954487648, -25.743361012824906, -13.687923939971872, 26.264379138037146, 0.0, 0.0, 0.0, 0.0, 0.0, 0.0
1.0805158615112305, 69.6748349132444, 4.7458980311730175, -28.843378954487648, -25.743361012824906, -13.687923939971872, 26.264379138037146, 0.0, 0.0, 0.0, 0.0, 0.0, 0.0
1.086590051651001, 69.6748349132444, 4.7458980311730175, -28.843378954487648, -25.743361012824906, -13.687923939971872, 26.264379138037146, 0.0, 0.0, 0.0, 0.0, 0.0, 0.0
1.097485065460205, 69.6748349132444, 4.7458980311730175, -28.843378954487648, -25.743361012824906, -13.687923939971872, 26.264379138037146, 0.0, 0.0, 0.0, 0.0, 0.0, 0.0
1.1035912036895752, 69.6748349132444, 4.7458980311730175, -28.843378954487648, -25.743361012824906, -13.687923939971872, 26.264379138037146, 0.0, 0.0, 0.0, 0.0, 0.0, 0.0
1.114586591720581, 69.6748349132444, 4.7458980311730175, -28.843378954487648, -25.743361012824906, -13.687923939971872, 26.264379138037146, 0.0, 0.0, 0.0, 0.0, 0.0, 0.0
1.1208117008209229, 69.6748349132444, 4.7458980311730175, -28.843378954487648, -25.743361012824906, -13.687923939971872, 26.264379138037146, 0.0, 0.0, 0.0, 0.0, 0.0, 0.0
1.1338083744049072, 69.6748349132444, 4.7458980311730175, -28.843378954487648, -25.743361012824906, -13.687923939971872, 26.264379138037146, 0.0, 0.0, 0.0, 0.0, 0.0, 0.0
1.1398894786834717, 69.6748349132444, 4.7458980311730175, -28.843378954487648, -25.743361012824906, -13.687923939971872, 26.264379138037146, 0.0, 0.0, 0.0, 0.0, 0.0, 0.0
1.1538593769073486, 69.6748349132444, 4.7458980311730175, -28.843378954487648, -25.743361012824906, -13.687923939971872, 26.264379138037146, 0.0, 0.0, 0.0, 0.0, 0.0, 0.0
1.1601970195770264, 69.6748349132444, 4.7458980311730175, -28.843378954487648, -25.743361012824906, -13.687923939971872, 26.264379138037146, 0.0, 0.0, 0.0, 0.0, 0.0, 0.0
1.1740403175354004, 69.6748349132444, 4.7458980311730175, -28.843378954487648, -25.743361012824906, -13.687923939971872, 26.264379138037146, 0.0, 0.0, 0.0, 0.0, 0.0, 0.0
1.1802668571472168, 69.6748349132444, 4.7458980311730175, -28.843378954487648, -25.743361012824906, -13.687923939971872, 26.264379138037146, 0.0, 0.0, 0.0, 0.0, 0.0, 0.0
1.1933104991912842, 69.6748349132444, 4.7458980311730175, -28.843378954487648, -25.743361012824906, -13.687923939971872, 26.264379138037146, 0.0, 0.0, 0.0, 0.0, 0.0, 0.0
1.1994917392730713, 69.6748349132444, 4.7458980311730175, -28.843378954487648, -25.743361012824906, -13.687923939971872, 26.264379138037146, 0.0, 0.0, 0.0, 0.0, 0.0, 0.0
1.213324785232544, 69.6748349132444, 4.7458980311730175, -28.843378954487648, -25.743361012824906, -13.687923939971872, 26.264379138037146, 0.0, 0.0, 0.0, 0.0, 0.0, 0.0
1.2194783687591553, 69.6748349132444, 4.7458980311730175, -28.843378954487648, -25.743361012824906, -13.687923939971872, 26.264379138037146, 0.0, 0.0, 0.0, 0.0, 0.0, 0.0
1.2333707809448242, 69.6748349132444, 4.7458980311730175, -28.843378954487648, -25.743361012824906, -13.687923939971872, 26.264379138037146, 0.0, 0.0, 0.0, 0.0, 0.0, 0.0
1.2394750118255615, 69.6748349132444, 4.7458980311730175, -28.843378954487648, -25.743361012824906, -13.687923939971872, 26.264379138037146, 0.0, 0.0, 0.0, 0.0, 0.0, 0.0
1.2533278465270996, 69.6748349132444, 4.7458980311730175, -28.843378954487648, -25.743361012824906, -13.687923939971872, 26.264379138037146, 0.0, 0.0, 0.0, 0.0, 0.0, 0.0
1.2595832347869873, 69.6748349132444, 4.7458980311730175, -28.843378954487648, -25.743361012824906, -13.687923939971872, 26.264379138037146, 0.0, 0.0, 0.0, 0.0, 0.0, 0.0
1.2733442783355713, 69.6748349132444, 4.7458980311730175, -28.843378954487648, -25.743361012824906, -13.687923939971872, 26.264379138037146, 0.0, 0.0, 0.0, 0.0, 0.0, 0.0
1.279449462890625, 69.6748349132444, 4.7458980311730175, -28.843378954487648, -25.743361012824906, -13.687923939971872, 26.264379138037146, 0.0, 0.0, 0.0, 0.0, 0.0, 0.0
1.2933623790740967, 69.6748349132444, 4.7458980311730175, -28.843378954487648, -25.743361012824906, -13.687923939971872, 26.264379138037146, 0.0, 0.0, 0.0, 0.0, 0.0, 0.0
1.2997379302978516, 69.6748349132444, 4.7458980311730175, -28.843378954487648, -25.743361012824906, -13.687923939971872, 26.264379138037146, 0.0, 0.0, 0.0, 0.0, 0.0, 0.0
1.3135764598846436, 69.6748349132444, 4.7458980311730175, -28.843378954487648, -25.743361012824906, -13.687923939971872, 26.264379138037146, 0.0, 0.0, 0.0, 0.0, 0.0, 0.0
1.3196890354156494, 69.6748349132444, 4.7458980311730175, -28.843378954487648, -25.743361012824906, -13.687923939971872, 26.264379138037146, 0.0, 0.0, 0.0, 0.0, 0.0, 0.0
1.3335864543914795, 69.6748349132444, 4.7458980311730175, -28.843378954487648, -25.743361012824906, -13.687923939971872, 26.264379138037146, 0.0, 0.0, 0.0, 0.0, 0.0, 0.0
1.339695692062378, 69.6748349132444, 4.7458980311730175, -28.843378954487648, -25.743361012824906, -13.687923939971872, 26.264379138037146, 0.0, 0.0, 0.0, 0.0, 0.0, 0.0
1.3534481525421143, 69.6748349132444, 4.7458980311730175, -28.843378954487648, -25.743361012824906, -13.687923939971872, 26.264379138037146, 0.0, 0.0, 0.0, 0.0, 0.0, 0.0
1.3595635890960693, 69.6748349132444, 4.7458980311730175, -28.843378954487648, -25.743361012824906, -13.687923939971872, 26.264379138037146, 0.0, 0.0, 0.0, 0.0, 0.0, 0.0
1.373471975326538, 69.6748349132444, 4.7458980311730175, -28.843378954487648, -25.743361012824906, -13.687923939971872, 26.264379138037146, 0.0, 0.0, 0.0, 0.0, 0.0, 0.0
1.3795714378356934, 69.6748349132444, 4.7458980311730175, -28.843378954487648, -25.743361012824906, -13.687923939971872, 26.264379138037146, 0.0, 0.0, 0.0, 0.0, 0.0, 0.0
1.393315076828003, 69.6748349132444, 4.7458980311730175, -28.843378954487648, -25.743361012824906, -13.687923939971872, 26.264379138037146, 0.0, 0.0, 0.0, 0.0, 0.0, 0.0
1.3995437622070312, 69.6748349132444, 4.7458980311730175, -28.843378954487648, -25.743361012824906, -13.687923939971872, 26.264379138037146, 0.0, 0.0, 0.0, 0.0, 0.0, 0.0
1.4133110046386719, 69.6748349132444, 4.7458980311730175, -28.843378954487648, -25.743361012824906, -13.687923939971872, 26.264379138037146, 0.0, 0.0, 0.0, 0.0, 0.0, 0.0
1.4194071292877197, 69.6748349132444, 4.7458980311730175, -28.843378954487648, -25.743361012824906, -13.687923939971872, 26.264379138037146, 0.0, 0.0, 0.0, 0.0, 0.0, 0.0
1.4332809448242188, 69.6748349132444, 4.7458980311730175, -28.843378954487648, -25.743361012824906, -13.687923939971872, 26.264379138037146, 0.0, 0.0, 0.0, 0.0, 0.0, 0.0
1.439267635345459, 69.6748349132444, 4.7458980311730175, -28.843378954487648, -25.743361012824906, -13.687923939971872, 26.264379138037146, 0.0, 0.0, 0.0, 0.0, 0.0, 0.0
1.4530410766601562, 69.6748349132444, 4.7458980311730175, -28.843378954487648, -25.743361012824906, -13.687923939971872, 26.264379138037146, 0.0, 0.0, 0.0, 0.0, 0.0, 0.0
1.4590442180633545, 69.6748349132444, 4.7458980311730175, -28.843378954487648, -25.743361012824906, -13.687923939971872, 26.264379138037146, 0.0, 0.0, 0.0, 0.0, 0.0, 0.0
1.4738178253173828, 69.6748349132444, 4.7458980311730175, -28.843378954487648, -25.743361012824906, -13.687923939971872, 26.264379138037146, 0.0, 0.0, 0.0, 0.0, 0.0, 0.0
1.4797556400299072, 69.6748349132444, 4.7458980311730175, -28.843378954487648, -25.743361012824906, -13.687923939971872, 26.264379138037146, 0.0, 0.0, 0.0, 0.0, 0.0, 0.0
1.4933013916015625, 69.6748349132444, 4.7458980311730175, -28.843378954487648, -25.743361012824906, -13.687923939971872, 26.264379138037146, 0.0, 0.0, 0.0, 0.0, 0.0, 0.0
1.4991347789764404, 69.6748349132444, 4.7458980311730175, -28.843378954487648, -25.743361012824906, -13.687923939971872, 26.264379138037146, 0.0, 0.0, 0.0, 0.0, 0.0, 0.0
1.5141079425811768, 69.6748349132444, 4.7458980311730175, -28.843378954487648, -25.743361012824906, -13.687923939971872, 26.264379138037146, 0.0, 0.0, 0.0, 0.0, 0.0, 0.0
1.5200142860412598, 69.6748349132444, 4.7458980311730175, -28.843378954487648, -25.743361012824906, -13.687923939971872, 26.264379138037146, 0.0, 0.0, 0.0, 0.0, 0.0, 0.0
1.5338330268859863, 69.6748349132444, 4.7458980311730175, -28.843378954487648, -25.743361012824906, -13.687923939971872, 26.264379138037146, 0.0, 0.0, 0.0, 0.0, 0.0, 0.0
1.539823293685913, 69.6748349132444, 4.7458980311730175, -28.843378954487648, -25.743361012824906, -13.687923939971872, 26.264379138037146, 0.0, 0.0, 0.0, 0.0, 0.0, 0.0
1.553511142730713, 69.6748349132444, 4.7458980311730175, -28.843378954487648, -25.743361012824906, -13.687923939971872, 26.264379138037146, 0.0, 0.0, 0.0, 0.0, 0.0, 0.0
1.5594375133514404, 69.6748349132444, 4.7458980311730175, -28.843378954487648, -25.743361012824906, -13.687923939971872, 26.264379138037146, 0.0, 0.0, 0.0, 0.0, 0.0, 0.0
1.5730104446411133, 69.6748349132444, 4.7458980311730175, -28.843378954487648, -25.743361012824906, -13.687923939971872, 26.264379138037146, 0.0, 0.0, 0.0, 0.0, 0.0, 0.0
1.5789856910705566, 69.6748349132444, 4.7458980311730175, -28.843378954487648, -25.743361012824906, -13.687923939971872, 26.264379138037146, 0.0, 0.0, 0.0, 0.0, 0.0, 0.0
1.5936529636383057, 69.6748349132444, 4.7458980311730175, -28.843378954487648, -25.743361012824906, -13.687923939971872, 26.264379138037146, 0.0, 0.0, 0.0, 0.0, 0.0, 0.0
1.5995593070983887, 69.6748349132444, 4.7458980311730175, -28.843378954487648, -25.743361012824906, -13.687923939971872, 26.264379138037146, 0.0, 0.0, 0.0, 0.0, 0.0, 0.0
1.6133949756622314, 69.6748349132444, 4.7458980311730175, -28.843378954487648, -25.743361012824906, -13.687923939971872, 26.264379138037146, 0.0, 0.0, 0.0, 0.0, 0.0, 0.0
1.6193335056304932, 69.6748349132444, 4.7458980311730175, -28.843378954487648, -25.743361012824906, -13.687923939971872, 26.264379138037146, 0.0, 0.0, 0.0, 0.0, 0.0, 0.0
1.6330337524414062, 69.6748349132444, 4.7458980311730175, -28.843378954487648, -25.743361012824906, -13.687923939971872, 26.264379138037146, 0.0, 0.0, 0.0, 0.0, 0.0, 0.0
1.6390511989593506, 69.6748349132444, 4.7458980311730175, -28.843378954487648, -25.743361012824906, -13.687923939971872, 26.264379138037146, 0.0, 0.0, 0.0, 0.0, 0.0, 0.0
1.6539478302001953, 69.6748349132444, 4.7458980311730175, -28.843378954487648, -25.743361012824906, -13.687923939971872, 26.264379138037146, 0.0, 0.0, 0.0, 0.0, 0.0, 0.0
1.6600594520568848, 69.6748349132444, 4.7458980311730175, -28.843378954487648, -25.743361012824906, -13.687923939971872, 26.264379138037146, 0.0, 0.0, 0.0, 0.0, 0.0, 0.0
1.673858880996704, 69.6748349132444, 4.7458980311730175, -28.843378954487648, -25.743361012824906, -13.687923939971872, 26.264379138037146, 0.0, 0.0, 0.0, 0.0, 0.0, 0.0
1.6799530982971191, 69.6748349132444, 4.7458980311730175, -28.843378954487648, -25.743361012824906, -13.687923939971872, 26.264379138037146, 0.0, 0.0, 0.0, 0.0, 0.0, 0.0
1.6937313079833984, 69.6748349132444, 4.7458980311730175, -28.843378954487648, -25.743361012824906, -13.687923939971872, 26.264379138037146, 0.0, 0.0, 0.0, 0.0, 0.0, 0.0
1.6997015476226807, 69.6748349132444, 4.7458980311730175, -28.843378954487648, -25.743361012824906, -13.687923939971872, 26.264379138037146, 0.0, 0.0, 0.0, 0.0, 0.0, 0.0
1.7223212718963623, 69.6748349132444, 4.7458980311730175, -28.843378954487648, -25.743361012824906, -13.687923939971872, 26.264379138037146, 0.0, 0.0, 0.0, 0.0, 0.0, 0.0
1.7315759658813477, 69.6748349132444, 4.7458980311730175, -28.843378954487648, -25.743361012824906, -13.687923939971872, 26.264379138037146, 0.0, 0.0, 0.0, 0.0, 0.0, 0.0
1.7432734966278076, 69.6748349132444, 4.7458980311730175, -28.843378954487648, -25.743361012824906, -13.687923939971872, 26.264379138037146, 0.0, 0.0, 0.0, 0.0, 0.0, 0.0
1.7493841648101807, 69.6748349132444, 4.7458980311730175, -28.843378954487648, -25.743361012824906, -13.687923939971872, 26.264379138037146, 0.0, 0.0, 0.0, 0.0, 0.0, 0.0
1.7602367401123047, 69.6748349132444, 4.7458980311730175, -28.843378954487648, -25.743361012824906, -13.687923939971872, 26.264379138037146, 0.0, 0.0, 0.0, 0.0, 0.0, 0.0
1.7663750648498535, 69.6748349132444, 4.7458980311730175, -28.843378954487648, -25.743361012824906, -13.687923939971872, 26.264379138037146, 0.0, 0.0, 0.0, 0.0, 0.0, 0.0
1.777350664138794, 69.6748349132444, 4.7458980311730175, -28.843378954487648, -25.743361012824906, -13.687923939971872, 26.264379138037146, 0.0, 0.0, 0.0, 0.0, 0.0, 0.0
1.783860206604004, 69.6748349132444, 4.7458980311730175, -28.843378954487648, -25.743361012824906, -13.687923939971872, 26.264379138037146, 0.0, 0.0, 0.0, 0.0, 0.0, 0.0
1.795119285583496, 69.6748349132444, 4.7458980311730175, -28.843378954487648, -25.743361012824906, -13.687923939971872, 26.264379138037146, 0.0, 0.0, 0.0, 0.0, 0.0, 0.0
1.8015849590301514, 69.6748349132444, 4.7458980311730175, -28.843378954487648, -25.743361012824906, -13.687923939971872, 26.264379138037146, 0.0, 0.0, 0.0, 0.0, 0.0, 0.0
1.8135120868682861, 69.6748349132444, 4.7458980311730175, -28.843378954487648, -25.743361012824906, -13.687923939971872, 26.264379138037146, 0.0, 0.0, 0.0, 0.0, 0.0, 0.0
1.8198328018188477, 69.6748349132444, 4.7458980311730175, -28.843378954487648, -25.743361012824906, -13.687923939971872, 26.264379138037146, 0.0, 0.0, 0.0, 0.0, 0.0, 0.0
1.8337361812591553, 69.6748349132444, 4.7458980311730175, -28.843378954487648, -25.743361012824906, -13.687923939971872, 26.264379138037146, 0.0, 0.0, 0.0, 0.0, 0.0, 0.0
1.839890956878662, 69.6748349132444, 4.7458980311730175, -28.843378954487648, -25.743361012824906, -13.687923939971872, 26.264379138037146, 0.0, 0.0, 0.0, 0.0, 0.0, 0.0
1.8538212776184082, 69.6748349132444, 4.7458980311730175, -28.843378954487648, -25.743361012824906, -13.687923939971872, 26.264379138037146, 0.0, 0.0, 0.0, 0.0, 0.0, 0.0
1.8601171970367432, 69.6748349132444, 4.7458980311730175, -28.843378954487648, -25.743361012824906, -13.687923939971872, 26.264379138037146, 0.0, 0.0, 0.0, 0.0, 0.0, 0.0
1.874072551727295, 69.6748349132444, 4.7458980311730175, -28.843378954487648, -25.743361012824906, -13.687923939971872, 26.264379138037146, 0.0, 0.0, 0.0, 0.0, 0.0, 0.0
1.8802554607391357, 69.6748349132444, 4.7458980311730175, -28.843378954487648, -25.743361012824906, -13.687923939971872, 26.264379138037146, 0.0, 0.0, 0.0, 0.0, 0.0, 0.0
1.8933329582214355, 69.6748349132444, 4.7458980311730175, -28.843378954487648, -25.743361012824906, -13.687923939971872, 26.264379138037146, 0.0, 0.0, 0.0, 0.0, 0.0, 0.0
1.8995029926300049, 69.6748349132444, 4.7458980311730175, -28.843378954487648, -25.743361012824906, -13.687923939971872, 26.264379138037146, 0.0, 0.0, 0.0, 0.0, 0.0, 0.0
1.9133527278900146, 69.6748349132444, 4.7458980311730175, -28.843378954487648, -25.743361012824906, -13.687923939971872, 26.264379138037146, 0.0, 0.0, 0.0, 0.0, 0.0, 0.0
1.9195451736450195, 69.6748349132444, 4.7458980311730175, -28.843378954487648, -25.743361012824906, -13.687923939971872, 26.264379138037146, 0.0, 0.0, 0.0, 0.0, 0.0, 0.0
1.933501958847046, 69.6748349132444, 4.7458980311730175, -28.843378954487648, -25.743361012824906, -13.687923939971872, 26.264379138037146, 0.0, 0.0, 0.0, 0.0, 0.0, 0.0
1.9395661354064941, 69.6748349132444, 4.7458980311730175, -28.843378954487648, -25.743361012824906, -13.687923939971872, 26.264379138037146, 0.0, 0.0, 0.0, 0.0, 0.0, 0.0
1.9532177448272705, 69.6748349132444, 4.7458980311730175, -28.843378954487648, -25.743361012824906, -13.687923939971872, 26.264379138037146, 0.0, 0.0, 0.0, 0.0, 0.0, 0.0
1.9593431949615479, 69.6748349132444, 4.7458980311730175, -28.843378954487648, -25.743361012824906, -13.687923939971872, 26.264379138037146, 0.0, 0.0, 0.0, 0.0, 0.0, 0.0
1.9731132984161377, 69.6748349132444, 4.7458980311730175, -28.843378954487648, -25.743361012824906, -13.687923939971872, 26.264379138037146, 0.0, 0.0, 0.0, 0.0, 0.0, 0.0
1.9791860580444336, 69.6748349132444, 4.7458980311730175, -28.843378954487648, -25.743361012824906, -13.687923939971872, 26.264379138037146, 0.0, 0.0, 0.0, 0.0, 0.0, 0.0
1.994269847869873, 69.6748349132444, 4.7458980311730175, -28.843378954487648, -25.743361012824906, -13.687923939971872, 26.264379138037146, 0.0, 0.0, 0.0, 0.0, 0.0, 0.0
2.0003721714019775, 69.6748349132444, 4.7458980311730175, -28.843378954487648, -25.743361012824906, -13.687923939971872, 26.264379138037146, 0.0, 0.0, 0.0, 0.0, 0.0, 0.0
2.0131232738494873, 69.6748349132444, 4.7458980311730175, -28.843378954487648, -25.743361012824906, -13.687923939971872, 26.264379138037146, 0.0, 0.0, 0.0, 0.0, 0.0, 0.0
2.019385814666748, 69.6748349132444, 4.7458980311730175, -28.843378954487648, -25.743361012824906, -13.687923939971872, 26.264379138037146, 0.0, 0.0, 0.0, 0.0, 0.0, 0.0
2.033339023590088, 69.6748349132444, 4.7458980311730175, -28.843378954487648, -25.743361012824906, -13.687923939971872, 26.264379138037146, 0.0, 0.0, 0.0, 0.0, 0.0, 0.0
2.0394411087036133, 69.6748349132444, 4.7458980311730175, -28.843378954487648, -25.743361012824906, -13.687923939971872, 26.264379138037146, 0.0, 0.0, 0.0, 0.0, 0.0, 0.0
2.0530457496643066, 69.6748349132444, 4.7458980311730175, -28.843378954487648, -25.743361012824906, -13.687923939971872, 26.264379138037146, 0.0, 0.0, 0.0, 0.0, 0.0, 0.0
2.0591304302215576, 69.6748349132444, 4.7458980311730175, -28.843378954487648, -25.743361012824906, -13.687923939971872, 26.264379138037146, 0.0, 0.0, 0.0, 0.0, 0.0, 0.0
2.0739974975585938, 69.6748349132444, 4.7458980311730175, -28.843378954487648, -25.743361012824906, -13.687923939971872, 26.264379138037146, 0.0, 0.0, 0.0, 0.0, 0.0, 0.0
2.0800013542175293, 69.6748349132444, 4.7458980311730175, -28.843378954487648, -25.743361012824906, -13.687923939971872, 26.264379138037146, 0.0, 0.0, 0.0, 0.0, 0.0, 0.0
2.0938472747802734, 69.6748349132444, 4.7458980311730175, -28.843378954487648, -25.743361012824906, -13.687923939971872, 26.264379138037146, 0.0, 0.0, 0.0, 0.0, 0.0, 0.0
2.0998635292053223, 69.6748349132444, 4.7458980311730175, -28.843378954487648, -25.743361012824906, -13.687923939971872, 26.264379138037146, 0.0, 0.0, 0.0, 0.0, 0.0, 0.0
2.1133720874786377, 69.6748349132444, 4.7458980311730175, -28.843378954487648, -25.743361012824906, -13.687923939971872, 26.264379138037146, 0.0, 0.0, 0.0, 0.0, 0.0, 0.0
2.1193647384643555, 69.6748349132444, 4.7458980311730175, -28.843378954487648, -25.743361012824906, -13.687923939971872, 26.264379138037146, 0.0, 0.0, 0.0, 0.0, 0.0, 0.0
2.1333227157592773, 69.6748349132444, 4.7458980311730175, -28.843378954487648, -25.743361012824906, -13.687923939971872, 26.264379138037146, 0.0, 0.0, 0.0, 0.0, 0.0, 0.0
2.139708995819092, 69.6748349132444, 4.7458980311730175, -28.843378954487648, -25.743361012824906, -13.687923939971872, 26.264379138037146, 0.0, 0.0, 0.0, 0.0, 0.0, 0.0
2.1535909175872803, 69.6748349132444, 4.7458980311730175, -28.843378954487648, -25.743361012824906, -13.687923939971872, 26.264379138037146, 0.0, 0.0, 0.0, 0.0, 0.0, 0.0
2.1596226692199707, 69.6748349132444, 4.7458980311730175, -28.843378954487648, -25.743361012824906, -13.687923939971872, 26.264379138037146, 0.0, 0.0, 0.0, 0.0, 0.0, 0.0
2.173248767852783, 69.6748349132444, 4.7458980311730175, -28.843378954487648, -25.743361012824906, -13.687923939971872, 26.264379138037146, 0.0, 0.0, 0.0, 0.0, 0.0, 0.0
2.1792752742767334, 69.6748349132444, 4.7458980311730175, -28.843378954487648, -25.743361012824906, -13.687923939971872, 26.264379138037146, 0.0, 0.0, 0.0, 0.0, 0.0, 0.0
2.1931777000427246, 69.6748349132444, 4.7458980311730175, -28.843378954487648, -25.743361012824906, -13.687923939971872, 26.264379138037146, 0.0, 0.0, 0.0, 0.0, 0.0, 0.0
2.199280023574829, 69.6748349132444, 4.7458980311730175, -28.843378954487648, -25.743361012824906, -13.687923939971872, 26.264379138037146, 0.0, 0.0, 0.0, 0.0, 0.0, 0.0
2.2224323749542236, 69.6748349132444, 4.7458980311730175, -28.843378954487648, -25.743361012824906, -13.687923939971872, 26.264379138037146, 0.0, 0.0, 0.0, 0.0, 0.0, 0.0
2.2314443588256836, 69.6748349132444, 4.7458980311730175, -28.843378954487648, -25.743361012824906, -13.687923939971872, 26.264379138037146, 0.0, 0.0, 0.0, 0.0, 0.0, 0.0
2.2431695461273193, 69.6748349132444, 4.7458980311730175, -28.843378954487648, -25.743361012824906, -13.687923939971872, 26.264379138037146, 0.0, 0.0, 0.0, 0.0, 0.0, 0.0
2.2493197917938232, 69.6748349132444, 4.7458980311730175, -28.843378954487648, -25.743361012824906, -13.687923939971872, 26.264379138037146, 0.0, 0.0, 0.0, 0.0, 0.0, 0.0
2.2602124214172363, 69.6748349132444, 4.7458980311730175, -28.843378954487648, -25.743361012824906, -13.687923939971872, 26.264379138037146, 0.0, 0.0, 0.0, 0.0, 0.0, 0.0
2.2663464546203613, 69.6748349132444, 4.7458980311730175, -28.843378954487648, -25.743361012824906, -13.687923939971872, 26.264379138037146, 0.0, 0.0, 0.0, 0.0, 0.0, 0.0
2.277029514312744, 69.6748349132444, 4.7458980311730175, -28.843378954487648, -25.743361012824906, -13.687923939971872, 26.264379138037146, 0.0, 0.0, 0.0, 0.0, 0.0, 0.0
2.283169746398926, 69.6748349132444, 4.7458980311730175, -28.843378954487648, -25.743361012824906, -13.687923939971872, 26.264379138037146, 0.0, 0.0, 0.0, 0.0, 0.0, 0.0
2.294036626815796, 69.6748349132444, 4.7458980311730175, -28.843378954487648, -25.743361012824906, -13.687923939971872, 26.264379138037146, 0.0, 0.0, 0.0, 0.0, 0.0, 0.0
2.3001465797424316, 69.6748349132444, 4.7458980311730175, -28.843378954487648, -25.743361012824906, -13.687923939971872, 26.264379138037146, 0.0, 0.0, 0.0, 0.0, 0.0, 0.0
2.314087390899658, 69.6748349132444, 4.7458980311730175, -28.843378954487648, -25.743361012824906, -13.687923939971872, 26.264379138037146, 0.0, 0.0, 0.0, 0.0, 0.0, 0.0
2.320335626602173, 69.6748349132444, 4.7458980311730175, -28.843378954487648, -25.743361012824906, -13.687923939971872, 26.264379138037146, 0.0, 0.0, 0.0, 0.0, 0.0, 0.0
2.333164691925049, 69.6748349132444, 4.7458980311730175, -28.843378954487648, -25.743361012824906, -13.687923939971872, 26.264379138037146, 0.0, 0.0, 0.0, 0.0, 0.0, 0.0
2.339303970336914, 69.6748349132444, 4.7458980311730175, -28.843378954487648, -25.743361012824906, -13.687923939971872, 26.264379138037146, 0.0, 0.0, 0.0, 0.0, 0.0, 0.0
2.3531510829925537, 69.6748349132444, 4.7458980311730175, -28.843378954487648, -25.743361012824906, -13.687923939971872, 26.264379138037146, 0.0, 0.0, 0.0, 0.0, 0.0, 0.0
2.3594205379486084, 69.6748349132444, 4.7458980311730175, -28.843378954487648, -25.743361012824906, -13.687923939971872, 26.264379138037146, 0.0, 0.0, 0.0, 0.0, 0.0, 0.0
2.373232841491699, 69.6748349132444, 4.7458980311730175, -28.843378954487648, -25.743361012824906, -13.687923939971872, 26.264379138037146, 0.0, 0.0, 0.0, 0.0, 0.0, 0.0
2.3793723583221436, 69.6748349132444, 4.7458980311730175, -28.843378954487648, -25.743361012824906, -13.687923939971872, 26.264379138037146, 0.0, 0.0, 0.0, 0.0, 0.0, 0.0
2.3933022022247314, 69.6748349132444, 4.7458980311730175, -28.843378954487648, -25.743361012824906, -13.687923939971872, 26.264379138037146, 0.0, 0.0, 0.0, 0.0, 0.0, 0.0
2.3994157314300537, 69.6748349132444, 4.7458980311730175, -28.843378954487648, -25.743361012824906, -13.687923939971872, 26.264379138037146, 0.0, 0.0, 0.0, 0.0, 0.0, 0.0
2.4132301807403564, 69.6748349132444, 4.7458980311730175, -28.843378954487648, -25.743361012824906, -13.687923939971872, 26.264379138037146, 0.0, 0.0, 0.0, 0.0, 0.0, 0.0
2.419402837753296, 69.6748349132444, 4.7458980311730175, -28.843378954487648, -25.743361012824906, -13.687923939971872, 26.264379138037146, 0.0, 0.0, 0.0, 0.0, 0.0, 0.0
2.4333581924438477, 69.6748349132444, 4.7458980311730175, -28.843378954487648, -25.743361012824906, -13.687923939971872, 26.264379138037146, 0.0, 0.0, 0.0, 0.0, 0.0, 0.0
2.4394798278808594, 69.6748349132444, 4.7458980311730175, -28.843378954487648, -25.743361012824906, -13.687923939971872, 26.264379138037146, 0.0, 0.0, 0.0, 0.0, 0.0, 0.0
2.453265428543091, 69.6748349132444, 4.7458980311730175, -28.843378954487648, -25.743361012824906, -13.687923939971872, 26.264379138037146, 0.0, 0.0, 0.0, 0.0, 0.0, 0.0
2.4594733715057373, 69.6748349132444, 4.7458980311730175, -28.843378954487648, -25.743361012824906, -13.687923939971872, 26.264379138037146, 0.0, 0.0, 0.0, 0.0, 0.0, 0.0
2.473422050476074, 69.6748349132444, 4.7458980311730175, -28.843378954487648, -25.743361012824906, -13.687923939971872, 26.264379138037146, 0.0, 0.0, 0.0, 0.0, 0.0, 0.0
2.4795680046081543, 69.6748349132444, 4.7458980311730175, -28.843378954487648, -25.743361012824906, -13.687923939971872, 26.264379138037146, 0.0, 0.0, 0.0, 0.0, 0.0, 0.0
2.4933485984802246, 69.6748349132444, 4.7458980311730175, -28.843378954487648, -25.743361012824906, -13.687923939971872, 26.264379138037146, 0.0, 0.0, 0.0, 0.0, 0.0, 0.0
2.4995944499969482, 69.6748349132444, 4.7458980311730175, -28.843378954487648, -25.743361012824906, -13.687923939971872, 26.264379138037146, 0.0, 0.0, 0.0, 0.0, 0.0, 0.0
2.5134427547454834, 69.6748349132444, 4.7458980311730175, -28.843378954487648, -25.743361012824906, -13.687923939971872, 26.264379138037146, 0.0, 0.0, 0.0, 0.0, 0.0, 0.0
2.519596815109253, 69.6748349132444, 4.7458980311730175, -28.843378954487648, -25.743361012824906, -13.687923939971872, 26.264379138037146, 0.0, 0.0, 0.0, 0.0, 0.0, 0.0
2.5336155891418457, 69.6748349132444, 4.7458980311730175, -28.843378954487648, -25.743361012824906, -13.687923939971872, 26.264379138037146, 0.0, 0.0, 0.0, 0.0, 0.0, 0.0
2.5397515296936035, 69.6748349132444, 4.7458980311730175, -28.843378954487648, -25.743361012824906, -13.687923939971872, 26.264379138037146, 0.0, 0.0, 0.0, 0.0, 0.0, 0.0
2.5536000728607178, 69.6748349132444, 4.7458980311730175, -28.843378954487648, -25.743361012824906, -13.687923939971872, 26.264379138037146, 0.0, 0.0, 0.0, 0.0, 0.0, 0.0
2.559494972229004, 69.6748349132444, 4.7458980311730175, -28.843378954487648, -25.743361012824906, -13.687923939971872, 26.264379138037146, 0.0, 0.0, 0.0, 0.0, 0.0, 0.0
2.573749542236328, 69.6748349132444, 4.7458980311730175, -28.843378954487648, -25.743361012824906, -13.687923939971872, 26.264379138037146, 0.0, 0.0, 0.0, 0.0, 0.0, 0.0
2.5798380374908447, 69.6748349132444, 4.7458980311730175, -28.843378954487648, -25.743361012824906, -13.687923939971872, 26.264379138037146, 0.0, 0.0, 0.0, 0.0, 0.0, 0.0
2.5938971042633057, 69.6748349132444, 4.7458980311730175, -28.843378954487648, -25.743361012824906, -13.687923939971872, 26.264379138037146, 0.0, 0.0, 0.0, 0.0, 0.0, 0.0
2.5999133586883545, 69.6748349132444, 4.7458980311730175, -28.843378954487648, -25.743361012824906, -13.687923939971872, 26.264379138037146, 0.0, 0.0, 0.0, 0.0, 0.0, 0.0
2.613905668258667, 69.6748349132444, 4.7458980311730175, -28.843378954487648, -25.743361012824906, -13.687923939971872, 26.264379138037146, 0.0, 0.0, 0.0, 0.0, 0.0, 0.0
2.6198649406433105, 69.6748349132444, 4.7458980311730175, -28.843378954487648, -25.743361012824906, -13.687923939971872, 26.264379138037146, 0.0, 0.0, 0.0, 0.0, 0.0, 0.0
2.6339104175567627, 69.6748349132444, 4.7458980311730175, -28.843378954487648, -25.743361012824906, -13.687923939971872, 26.264379138037146, 0.0, 0.0, 0.0, 0.0, 0.0, 0.0
2.640049934387207, 69.6748349132444, 4.7458980311730175, -28.843378954487648, -25.743361012824906, -13.687923939971872, 26.264379138037146, 0.0, 0.0, 0.0, 0.0, 0.0, 0.0
2.6540756225585938, 69.6748349132444, 4.7458980311730175, -28.843378954487648, -25.743361012824906, -13.687923939971872, 26.264379138037146, 0.0, 0.0, 0.0, 0.0, 0.0, 0.0
2.660248041152954, 69.6748349132444, 4.7458980311730175, -28.843378954487648, -25.743361012824906, -13.687923939971872, 26.264379138037146, 0.0, 0.0, 0.0, 0.0, 0.0, 0.0
2.673046827316284, 69.6748349132444, 4.7458980311730175, -28.843378954487648, -25.743361012824906, -13.687923939971872, 26.264379138037146, 0.0, 0.0, 0.0, 0.0, 0.0, 0.0
2.67932391166687, 69.6748349132444, 4.7458980311730175, -28.843378954487648, -25.743361012824906, -13.687923939971872, 26.264379138037146, 0.0, 0.0, 0.0, 0.0, 0.0, 0.0
2.702322483062744, 69.6748349132444, 4.7458980311730175, -28.843378954487648, -25.743361012824906, -13.687923939971872, 26.264379138037146, 0.0, 0.0, 0.0, 0.0, 0.0, 0.0
2.7113211154937744, 69.6748349132444, 4.7458980311730175, -28.843378954487648, -25.743361012824906, -13.687923939971872, 26.264379138037146, 0.0, 0.0, 0.0, 0.0, 0.0, 0.0
2.7231945991516113, 69.6748349132444, 4.7458980311730175, -28.843378954487648, -25.743361012824906, -13.687923939971872, 26.264379138037146, 0.0, 0.0, 0.0, 0.0, 0.0, 0.0
2.7294209003448486, 69.6748349132444, 4.7458980311730175, -28.843378954487648, -25.743361012824906, -13.687923939971872, 26.264379138037146, 0.0, 0.0, 0.0, 0.0, 0.0, 0.0
2.7399919033050537, 69.6748349132444, 4.7458980311730175, -28.843378954487648, -25.743361012824906, -13.687923939971872, 26.264379138037146, 0.0, 0.0, 0.0, 0.0, 0.0, 0.0
2.7458901405334473, 69.6748349132444, 4.7458980311730175, -28.843378954487648, -25.743361012824906, -13.687923939971872, 26.264379138037146, 0.0, 0.0, 0.0, 0.0, 0.0, 0.0
2.7563283443450928, 69.6748349132444, 4.7458980311730175, -28.843378954487648, -25.743361012824906, -13.687923939971872, 26.264379138037146, 0.0, 0.0, 0.0, 0.0, 0.0, 0.0
2.762261390686035, 69.6748349132444, 4.7458980311730175, -28.843378954487648, -25.743361012824906, -13.687923939971872, 26.264379138037146, 0.0, 0.0, 0.0, 0.0, 0.0, 0.0
2.7729716300964355, 69.6748349132444, 4.7458980311730175, -28.843378954487648, -25.743361012824906, -13.687923939971872, 26.264379138037146, 0.0, 0.0, 0.0, 0.0, 0.0, 0.0
2.778949499130249, 69.6748349132444, 4.7458980311730175, -28.843378954487648, -25.743361012824906, -13.687923939971872, 26.264379138037146, 0.0, 0.0, 0.0, 0.0, 0.0, 0.0
2.7936606407165527, 69.6748349132444, 4.7458980311730175, -28.843378954487648, -25.743361012824906, -13.687923939971872, 26.264379138037146, 0.0, 0.0, 0.0, 0.0, 0.0, 0.0
2.7996344566345215, 69.6748349132444, 4.7458980311730175, -28.843378954487648, -25.743361012824906, -13.687923939971872, 26.264379138037146, 0.0, 0.0, 0.0, 0.0, 0.0, 0.0
2.813816547393799, 69.6748349132444, 4.7458980311730175, -28.843378954487648, -25.743361012824906, -13.687923939971872, 26.264379138037146, 0.0, 0.0, 0.0, 0.0, 0.0, 0.0
2.8199291229248047, 69.6748349132444, 4.7458980311730175, -28.843378954487648, -25.743361012824906, -13.687923939971872, 26.264379138037146, 0.0, 0.0, 0.0, 0.0, 0.0, 0.0
2.833887815475464, 69.6748349132444, 4.7458980311730175, -28.843378954487648, -25.743361012824906, -13.687923939971872, 26.264379138037146, 0.0, 0.0, 0.0, 0.0, 0.0, 0.0
2.8397607803344727, 69.6748349132444, 4.7458980311730175, -28.843378954487648, -25.743361012824906, -13.687923939971872, 26.264379138037146, 0.0, 0.0, 0.0, 0.0, 0.0, 0.0
2.853423595428467, 69.6748349132444, 4.7458980311730175, -28.843378954487648, -25.743361012824906, -13.687923939971872, 26.264379138037146, 0.0, 0.0, 0.0, 0.0, 0.0, 0.0
2.8595025539398193, 69.6748349132444, 4.7458980311730175, -28.843378954487648, -25.743361012824906, -13.687923939971872, 26.264379138037146, 0.0, 0.0, 0.0, 0.0, 0.0, 0.0
2.873305559158325, 69.6748349132444, 4.7458980311730175, -28.843378954487648, -25.743361012824906, -13.687923939971872, 26.264379138037146, 0.0, 0.0, 0.0, 0.0, 0.0, 0.0
2.879408836364746, 69.6748349132444, 4.7458980311730175, -28.843378954487648, -25.743361012824906, -13.687923939971872, 26.264379138037146, 0.0, 0.0, 0.0, 0.0, 0.0, 0.0
2.893242597579956, 69.6748349132444, 4.7458980311730175, -28.843378954487648, -25.743361012824906, -13.687923939971872, 26.264379138037146, 0.0, 0.0, 0.0, 0.0, 0.0, 0.0
2.899414539337158, 69.6748349132444, 4.7458980311730175, -28.843378954487648, -25.743361012824906, -13.687923939971872, 26.264379138037146, 0.0, 0.0, 0.0, 0.0, 0.0, 0.0
2.9134163856506348, 69.6748349132444, 4.7458980311730175, -28.843378954487648, -25.743361012824906, -13.687923939971872, 26.264379138037146, 0.0, 0.0, 0.0, 0.0, 0.0, 0.0
2.919414758682251, 69.6748349132444, 4.7458980311730175, -28.843378954487648, -25.743361012824906, -13.687923939971872, 26.264379138037146, 0.0, 0.0, 0.0, 0.0, 0.0, 0.0
2.9333419799804688, 69.6748349132444, 4.7458980311730175, -28.843378954487648, -25.743361012824906, -13.687923939971872, 26.264379138037146, 0.0, 0.0, 0.0, 0.0, 0.0, 0.0
2.939333438873291, 69.6748349132444, 4.7458980311730175, -28.843378954487648, -25.743361012824906, -13.687923939971872, 26.264379138037146, 0.0, 0.0, 0.0, 0.0, 0.0, 0.0
2.9533276557922363, 69.6748349132444, 4.7458980311730175, -28.843378954487648, -25.743361012824906, -13.687923939971872, 26.264379138037146, 0.0, 0.0, 0.0, 0.0, 0.0, 0.0
2.959430456161499, 69.6748349132444, 4.7458980311730175, -28.843378954487648, -25.743361012824906, -13.687923939971872, 26.264379138037146, 0.0, 0.0, 0.0, 0.0, 0.0, 0.0
2.9733121395111084, 69.6748349132444, 4.7458980311730175, -28.843378954487648, -25.743361012824906, -13.687923939971872, 26.264379138037146, 0.0, 0.0, 0.0, 0.0, 0.0, 0.0
2.9791853427886963, 69.6748349132444, 4.7458980311730175, -28.843378954487648, -25.743361012824906, -13.687923939971872, 26.264379138037146, 0.0, 0.0, 0.0, 0.0, 0.0, 0.0
2.993788242340088, 69.6748349132444, 4.7458980311730175, -28.843378954487648, -25.743361012824906, -13.687923939971872, 26.264379138037146, 0.0, 0.0, 0.0, 0.0, 0.0, 0.0
3.0001845359802246, 69.6748349132444, 4.7458980311730175, -28.843378954487648, -25.743361012824906, -13.687923939971872, 26.264379138037146, 0.0, 0.0, 0.0, 0.0, 0.0, 0.0
3.012913703918457, 69.6748349132444, 4.7458980311730175, -28.843378954487648, -25.743361012824906, -13.687923939971872, 26.264379138037146, 0.0, 0.0, 0.0, 0.0, 0.0, 0.0
3.0188710689544678, 69.6748349132444, 4.7458980311730175, -28.843378954487648, -25.743361012824906, -13.687923939971872, 26.264379138037146, 0.0, 0.0, 0.0, 0.0, 0.0, 0.0
3.0337259769439697, 69.6748349132444, 4.7458980311730175, -28.843378954487648, -25.743361012824906, -13.687923939971872, 26.264379138037146, 0.0, 0.0, 0.0, 0.0, 0.0, 0.0
3.0398406982421875, 69.6748349132444, 4.7458980311730175, -28.843378954487648, -25.743361012824906, -13.687923939971872, 26.264379138037146, 0.0, 0.0, 0.0, 0.0, 0.0, 0.0
3.0533721446990967, 69.6748349132444, 4.7458980311730175, -28.843378954487648, -25.743361012824906, -13.687923939971872, 26.264379138037146, 0.0, 0.0, 0.0, 0.0, 0.0, 0.0
3.059495687484741, 69.6748349132444, 4.7458980311730175, -28.843378954487648, -25.743361012824906, -13.687923939971872, 26.264379138037146, 0.0, 0.0, 0.0, 0.0, 0.0, 0.0
3.073073625564575, 69.6748349132444, 4.7458980311730175, -28.843378954487648, -25.743361012824906, -13.687923939971872, 26.264379138037146, 0.0, 0.0, 0.0, 0.0, 0.0, 0.0
3.079021692276001, 69.6748349132444, 4.7458980311730175, -28.843378954487648, -25.743361012824906, -13.687923939971872, 26.264379138037146, 0.0, 0.0, 0.0, 0.0, 0.0, 0.0
3.0937561988830566, 69.6748349132444, 4.7458980311730175, -28.843378954487648, -25.743361012824906, -13.687923939971872, 26.264379138037146, 0.0, 0.0, 0.0, 0.0, 0.0, 0.0
3.099827289581299, 69.6748349132444, 4.7458980311730175, -28.843378954487648, -25.743361012824906, -13.687923939971872, 26.264379138037146, 0.0, 0.0, 0.0, 0.0, 0.0, 0.0
3.1133391857147217, 69.6748349132444, 4.7458980311730175, -28.843378954487648, -25.743361012824906, -13.687923939971872, 26.264379138037146, 0.0, 0.0, 0.0, 0.0, 0.0, 0.0
3.119433879852295, 69.6748349132444, 4.7458980311730175, -28.843378954487648, -25.743361012824906, -13.687923939971872, 26.264379138037146, 0.0, 0.0, 0.0, 0.0, 0.0, 0.0
3.1334164142608643, 69.6748349132444, 4.7458980311730175, -28.843378954487648, -25.743361012824906, -13.687923939971872, 26.264379138037146, 0.0, 0.0, 0.0, 0.0, 0.0, 0.0
3.1396727561950684, 69.6748349132444, 4.7458980311730175, -28.843378954487648, -25.743361012824906, -13.687923939971872, 26.264379138037146, 0.0, 0.0, 0.0, 0.0, 0.0, 0.0
3.153383731842041, 69.6748349132444, 4.7458980311730175, -28.843378954487648, -25.743361012824906, -13.687923939971872, 26.264379138037146, 0.0, 0.0, 0.0, 0.0, 0.0, 0.0
3.1595804691314697, 69.6748349132444, 4.7458980311730175, -28.843378954487648, -25.743361012824906, -13.687923939971872, 26.264379138037146, 0.0, 0.0, 0.0, 0.0, 0.0, 0.0
3.173353433609009, 69.6748349132444, 4.7458980311730175, -28.843378954487648, -25.743361012824906, -13.687923939971872, 26.264379138037146, 0.0, 0.0, 0.0, 0.0, 0.0, 0.0
3.1794564723968506, 69.6748349132444, 4.7458980311730175, -28.843378954487648, -25.743361012824906, -13.687923939971872, 26.264379138037146, 0.0, 0.0, 0.0, 0.0, 0.0, 0.0
3.1935813426971436, 69.6748349132444, 4.7458980311730175, -28.843378954487648, -25.743361012824906, -13.687923939971872, 26.264379138037146, 0.0, 0.0, 0.0, 0.0, 0.0, 0.0
3.1996941566467285, 69.6748349132444, 4.7458980311730175, -28.843378954487648, -25.743361012824906, -13.687923939971872, 26.264379138037146, 0.0, 0.0, 0.0, 0.0, 0.0, 0.0
3.2136151790618896, 69.6748349132444, 4.7458980311730175, -28.843378954487648, -25.743361012824906, -13.687923939971872, 26.264379138037146, 0.0, 0.0, 0.0, 0.0, 0.0, 0.0
3.2197372913360596, 69.6748349132444, 4.7458980311730175, -28.843378954487648, -25.743361012824906, -13.687923939971872, 26.264379138037146, 0.0, 0.0, 0.0, 0.0, 0.0, 0.0
3.2337377071380615, 69.6748349132444, 4.7458980311730175, -28.843378954487648, -25.743361012824906, -13.687923939971872, 26.264379138037146, 0.0, 0.0, 0.0, 0.0, 0.0, 0.0
3.239853858947754, 69.6748349132444, 4.7458980311730175, -28.843378954487648, -25.743361012824906, -13.687923939971872, 26.264379138037146, 0.0, 0.0, 0.0, 0.0, 0.0, 0.0
3.2538461685180664, 69.6748349132444, 4.7458980311730175, -28.843378954487648, -25.743361012824906, -13.687923939971872, 26.264379138037146, 0.0, 0.0, 0.0, 0.0, 0.0, 0.0
3.259963035583496, 69.6748349132444, 4.7458980311730175, -28.843378954487648, -25.743361012824906, -13.687923939971872, 26.264379138037146, 0.0, 0.0, 0.0, 0.0, 0.0, 0.0
3.273749589920044, 69.6748349132444, 4.7458980311730175, -28.843378954487648, -25.743361012824906, -13.687923939971872, 26.264379138037146, 0.0, 0.0, 0.0, 0.0, 0.0, 0.0
3.279876232147217, 69.6748349132444, 4.7458980311730175, -28.843378954487648, -25.743361012824906, -13.687923939971872, 26.264379138037146, 0.0, 0.0, 0.0, 0.0, 0.0, 0.0
3.2938644886016846, 69.6748349132444, 4.7458980311730175, -28.843378954487648, -25.743361012824906, -13.687923939971872, 26.264379138037146, 0.0, 0.0, 0.0, 0.0, 0.0, 0.0
3.2999958992004395, 69.6748349132444, 4.7458980311730175, -28.843378954487648, -25.743361012824906, -13.687923939971872, 26.264379138037146, 0.0, 0.0, 0.0, 0.0, 0.0, 0.0
3.313400983810425, 69.6748349132444, 4.7458980311730175, -28.843378954487648, -25.743361012824906, -13.687923939971872, 26.264379138037146, 0.0, 0.0, 0.0, 0.0, 0.0, 0.0
3.319584608078003, 69.6748349132444, 4.7458980311730175, -28.843378954487648, -25.743361012824906, -13.687923939971872, 26.264379138037146, 0.0, 0.0, 0.0, 0.0, 0.0, 0.0
3.3335418701171875, 69.6748349132444, 4.7458980311730175, -28.843378954487648, -25.743361012824906, -13.687923939971872, 26.264379138037146, 0.0, 0.0, 0.0, 0.0, 0.0, 0.0
3.339653968811035, 69.6748349132444, 4.7458980311730175, -28.843378954487648, -25.743361012824906, -13.687923939971872, 26.264379138037146, 0.0, 0.0, 0.0, 0.0, 0.0, 0.0
3.3534955978393555, 69.6748349132444, 4.7458980311730175, -28.843378954487648, -25.743361012824906, -13.687923939971872, 26.264379138037146, 0.0, 0.0, 0.0, 0.0, 0.0, 0.0
3.3597471714019775, 69.6748349132444, 4.7458980311730175, -28.843378954487648, -25.743361012824906, -13.687923939971872, 26.264379138037146, 0.0, 0.0, 0.0, 0.0, 0.0, 0.0
3.3736412525177, 69.6748349132444, 4.7458980311730175, -28.843378954487648, -25.743361012824906, -13.687923939971872, 26.264379138037146, 0.0, 0.0, 0.0, 0.0, 0.0, 0.0
3.3797714710235596, 69.6748349132444, 4.7458980311730175, -28.843378954487648, -25.743361012824906, -13.687923939971872, 26.264379138037146, 0.0, 0.0, 0.0, 0.0, 0.0, 0.0
3.3935985565185547, 69.6748349132444, 4.7458980311730175, -28.843378954487648, -25.743361012824906, -13.687923939971872, 26.264379138037146, 0.0, 0.0, 0.0, 0.0, 0.0, 0.0
3.3998489379882812, 69.6748349132444, 4.7458980311730175, -28.843378954487648, -25.743361012824906, -13.687923939971872, 26.264379138037146, 0.0, 0.0, 0.0, 0.0, 0.0, 0.0
3.4136576652526855, 69.6748349132444, 4.7458980311730175, -28.843378954487648, -25.743361012824906, -13.687923939971872, 26.264379138037146, 0.0, 0.0, 0.0, 0.0, 0.0, 0.0
3.4199752807617188, 69.6748349132444, 4.7458980311730175, -28.843378954487648, -25.743361012824906, -13.687923939971872, 26.264379138037146, 0.0, 0.0, 0.0, 0.0, 0.0, 0.0
3.4342093467712402, 69.6748349132444, 4.7458980311730175, -28.843378954487648, -25.743361012824906, -13.687923939971872, 26.264379138037146, 0.0, 0.0, 0.0, 0.0, 0.0, 0.0
3.4403202533721924, 69.6748349132444, 4.7458980311730175, -28.843378954487648, -25.743361012824906, -13.687923939971872, 26.264379138037146, 0.0, 0.0, 0.0, 0.0, 0.0, 0.0
3.453150749206543, 69.6748349132444, 4.7458980311730175, -28.843378954487648, -25.743361012824906, -13.687923939971872, 26.264379138037146, 0.0, 0.0, 0.0, 0.0, 0.0, 0.0
3.4596076011657715, 69.6748349132444, 4.7458980311730175, -28.843378954487648, -25.743361012824906, -13.687923939971872, 26.264379138037146, 0.0, 0.0, 0.0, 0.0, 0.0, 0.0
3.4735987186431885, 69.6748349132444, 4.7458980311730175, -28.843378954487648, -25.743361012824906, -13.687923939971872, 26.264379138037146, 0.0, 0.0, 0.0, 0.0, 0.0, 0.0
3.479764461517334, 69.6748349132444, 4.7458980311730175, -28.843378954487648, -25.743361012824906, -13.687923939971872, 26.264379138037146, 0.0, 0.0, 0.0, 0.0, 0.0, 0.0
3.4937565326690674, 69.6748349132444, 4.7458980311730175, -28.843378954487648, -25.743361012824906, -13.687923939971872, 26.264379138037146, 0.0, 0.0, 0.0, 0.0, 0.0, 0.0
3.499861240386963, 69.6748349132444, 4.7458980311730175, -28.843378954487648, -25.743361012824906, -13.687923939971872, 26.264379138037146, 0.0, 0.0, 0.0, 0.0, 0.0, 0.0
3.5137012004852295, 69.6748349132444, 4.7458980311730175, -28.843378954487648, -25.743361012824906, -13.687923939971872, 26.264379138037146, 0.0, 0.0, 0.0, 0.0, 0.0, 0.0
3.5196752548217773, 69.6748349132444, 4.7458980311730175, -28.843378954487648, -25.743361012824906, -13.687923939971872, 26.264379138037146, 0.0, 0.0, 0.0, 0.0, 0.0, 0.0
3.533348798751831, 69.6748349132444, 4.7458980311730175, -28.843378954487648, -25.743361012824906, -13.687923939971872, 26.264379138037146, 0.0, 0.0, 0.0, 0.0, 0.0, 0.0
3.5396149158477783, 69.6748349132444, 4.7458980311730175, -28.843378954487648, -25.743361012824906, -13.687923939971872, 26.264379138037146, 0.0, 0.0, 0.0, 0.0, 0.0, 0.0
3.553422689437866, 69.6748349132444, 4.7458980311730175, -28.843378954487648, -25.743361012824906, -13.687923939971872, 26.264379138037146, 0.0, 0.0, 0.0, 0.0, 0.0, 0.0
3.5595805644989014, 69.6748349132444, 4.7458980311730175, -28.843378954487648, -25.743361012824906, -13.687923939971872, 26.264379138037146, 0.0, 0.0, 0.0, 0.0, 0.0, 0.0
3.573385000228882, 69.6748349132444, 4.7458980311730175, -28.843378954487648, -25.743361012824906, -13.687923939971872, 26.264379138037146, 0.0, 0.0, 0.0, 0.0, 0.0, 0.0
3.5796430110931396, 69.6748349132444, 4.7458980311730175, -28.843378954487648, -25.743361012824906, -13.687923939971872, 26.264379138037146, 0.0, 0.0, 0.0, 0.0, 0.0, 0.0
3.593471050262451, 69.6748349132444, 4.7458980311730175, -28.843378954487648, -25.743361012824906, -13.687923939971872, 26.264379138037146, 0.0, 0.0, 0.0, 0.0, 0.0, 0.0
3.599611282348633, 69.6748349132444, 4.7458980311730175, -28.843378954487648, -25.743361012824906, -13.687923939971872, 26.264379138037146, 0.0, 0.0, 0.0, 0.0, 0.0, 0.0
3.6136159896850586, 69.6748349132444, 4.7458980311730175, -28.843378954487648, -25.743361012824906, -13.687923939971872, 26.264379138037146, 0.0, 0.0, 0.0, 0.0, 0.0, 0.0
3.6197471618652344, 69.6748349132444, 4.7458980311730175, -28.843378954487648, -25.743361012824906, -13.687923939971872, 26.264379138037146, 0.0, 0.0, 0.0, 0.0, 0.0, 0.0
3.6425423622131348, 69.6748349132444, 4.7458980311730175, -28.843378954487648, -25.743361012824906, -13.687923939971872, 26.264379138037146, 0.0, 0.0, 0.0, 0.0, 0.0, 0.0
3.651521921157837, 69.6748349132444, 4.7458980311730175, -28.843378954487648, -25.743361012824906, -13.687923939971872, 26.264379138037146, 0.0, 0.0, 0.0, 0.0, 0.0, 0.0
3.6635184288024902, 69.6748349132444, 4.7458980311730175, -28.843378954487648, -25.743361012824906, -13.687923939971872, 26.264379138037146, 0.0, 0.0, 0.0, 0.0, 0.0, 0.0
3.669442892074585, 69.6748349132444, 4.7458980311730175, -28.843378954487648, -25.743361012824906, -13.687923939971872, 26.264379138037146, 0.0, 0.0, 0.0, 0.0, 0.0, 0.0
3.680105447769165, 69.6748349132444, 4.7458980311730175, -28.843378954487648, -25.743361012824906, -13.687923939971872, 26.264379138037146, 0.0, 0.0, 0.0, 0.0, 0.0, 0.0
3.6862974166870117, 69.6748349132444, 4.7458980311730175, -28.843378954487648, -25.743361012824906, -13.687923939971872, 26.264379138037146, 0.0, 0.0, 0.0, 0.0, 0.0, 0.0
3.6970300674438477, 69.6748349132444, 4.7458980311730175, -28.843378954487648, -25.743361012824906, -13.687923939971872, 26.264379138037146, 0.0, 0.0, 0.0, 0.0, 0.0, 0.0
3.7028493881225586, 69.6748349132444, 4.7458980311730175, -28.843378954487648, -25.743361012824906, -13.687923939971872, 26.264379138037146, 0.0, 0.0, 0.0, 0.0, 0.0, 0.0
3.713630437850952, 69.6748349132444, 4.7458980311730175, -28.843378954487648, -25.743361012824906, -13.687923939971872, 26.264379138037146, 0.0, 0.0, 0.0, 0.0, 0.0, 0.0
3.7198421955108643, 69.6748349132444, 4.7458980311730175, -28.843378954487648, -25.743361012824906, -13.687923939971872, 26.264379138037146, 0.0, 0.0, 0.0, 0.0, 0.0, 0.0
3.7336246967315674, 69.6748349132444, 4.7458980311730175, -28.843378954487648, -25.743361012824906, -13.687923939971872, 26.264379138037146, 0.0, 0.0, 0.0, 0.0, 0.0, 0.0
3.73970103263855, 69.6748349132444, 4.7458980311730175, -28.843378954487648, -25.743361012824906, -13.687923939971872, 26.264379138037146, 0.0, 0.0, 0.0, 0.0, 0.0, 0.0
3.7531063556671143, 69.6748349132444, 4.7458980311730175, -28.843378954487648, -25.743361012824906, -13.687923939971872, 26.264379138037146, 0.0, 0.0, 0.0, 0.0, 0.0, 0.0
3.7592415809631348, 69.6748349132444, 4.7458980311730175, -28.843378954487648, -25.743361012824906, -13.687923939971872, 26.264379138037146, 0.0, 0.0, 0.0, 0.0, 0.0, 0.0
3.7738356590270996, 69.6748349132444, 4.7458980311730175, -28.843378954487648, -25.743361012824906, -13.687923939971872, 26.264379138037146, 0.0, 0.0, 0.0, 0.0, 0.0, 0.0
3.779813051223755, 69.6748349132444, 4.7458980311730175, -28.843378954487648, -25.743361012824906, -13.687923939971872, 26.264379138037146, 0.0, 0.0, 0.0, 0.0, 0.0, 0.0
3.7936630249023438, 69.6748349132444, 4.7458980311730175, -28.843378954487648, -25.743361012824906, -13.687923939971872, 26.264379138037146, 0.0, 0.0, 0.0, 0.0, 0.0, 0.0
3.799567461013794, 69.6748349132444, 4.7458980311730175, -28.843378954487648, -25.743361012824906, -13.687923939971872, 26.264379138037146, 0.0, 0.0, 0.0, 0.0, 0.0, 0.0
3.8133597373962402, 69.6748349132444, 4.7458980311730175, -28.843378954487648, -25.743361012824906, -13.687923939971872, 26.264379138037146, 0.0, 0.0, 0.0, 0.0, 0.0, 0.0
3.8194668292999268, 69.6748349132444, 4.7458980311730175, -28.843378954487648, -25.743361012824906, -13.687923939971872, 26.264379138037146, 0.0, 0.0, 0.0, 0.0, 0.0, 0.0
3.833329200744629, 69.6748349132444, 4.7458980311730175, -28.843378954487648, -25.743361012824906, -13.687923939971872, 26.264379138037146, 0.0, 0.0, 0.0, 0.0, 0.0, 0.0
3.8392531871795654, 69.6748349132444, 4.7458980311730175, -28.843378954487648, -25.743361012824906, -13.687923939971872, 26.264379138037146, 0.0, 0.0, 0.0, 0.0, 0.0, 0.0
3.85300350189209, 69.6748349132444, 4.7458980311730175, -28.843378954487648, -25.743361012824906, -13.687923939971872, 26.264379138037146, 0.0, 0.0, 0.0, 0.0, 0.0, 0.0
3.8595001697540283, 69.6748349132444, 4.7458980311730175, -28.843378954487648, -25.743361012824906, -13.687923939971872, 26.264379138037146, 0.0, 0.0, 0.0, 0.0, 0.0, 0.0
3.8733649253845215, 69.6748349132444, 4.7458980311730175, -28.843378954487648, -25.743361012824906, -13.687923939971872, 26.264379138037146, 0.0, 0.0, 0.0, 0.0, 0.0, 0.0
3.8793299198150635, 69.6748349132444, 4.7458980311730175, -28.843378954487648, -25.743361012824906, -13.687923939971872, 26.264379138037146, 0.0, 0.0, 0.0, 0.0, 0.0, 0.0
3.893311023712158, 69.6748349132444, 4.7458980311730175, -28.843378954487648, -25.743361012824906, -13.687923939971872, 26.264379138037146, 0.0, 0.0, 0.0, 0.0, 0.0, 0.0
3.8995471000671387, 69.6748349132444, 4.7458980311730175, -28.843378954487648, -25.743361012824906, -13.687923939971872, 26.264379138037146, 0.0, 0.0, 0.0, 0.0, 0.0, 0.0
3.9224302768707275, 69.6748349132444, 4.7458980311730175, -28.843378954487648, -25.743361012824906, -13.687923939971872, 26.264379138037146, 0.0, 0.0, 0.0, 0.0, 0.0, 0.0
3.9313981533050537, 69.6748349132444, 4.7458980311730175, -28.843378954487648, -25.743361012824906, -13.687923939971872, 26.264379138037146, 0.0, 0.0, 0.0, 0.0, 0.0, 0.0
3.9434168338775635, 69.6748349132444, 4.7458980311730175, -28.843378954487648, -25.743361012824906, -13.687923939971872, 26.264379138037146, 0.0, 0.0, 0.0, 0.0, 0.0, 0.0
3.949491500854492, 69.6748349132444, 4.7458980311730175, -28.843378954487648, -25.743361012824906, -13.687923939971872, 26.264379138037146, 0.0, 0.0, 0.0, 0.0, 0.0, 0.0
3.960068702697754, 69.6748349132444, 4.7458980311730175, -28.843378954487648, -25.743361012824906, -13.687923939971872, 26.264379138037146, 0.0, 0.0, 0.0, 0.0, 0.0, 0.0
3.966071367263794, 69.6748349132444, 4.7458980311730175, -28.843378954487648, -25.743361012824906, -13.687923939971872, 26.264379138037146, 0.0, 0.0, 0.0, 0.0, 0.0, 0.0
3.976656913757324, 69.6748349132444, 4.7458980311730175, -28.843378954487648, -25.743361012824906, -13.687923939971872, 26.264379138037146, 0.0, 0.0, 0.0, 0.0, 0.0, 0.0
3.982658863067627, 69.6748349132444, 4.7458980311730175, -28.843378954487648, -25.743361012824906, -13.687923939971872, 26.264379138037146, 0.0, 0.0, 0.0, 0.0, 0.0, 0.0
3.9933204650878906, 69.6748349132444, 4.7458980311730175, -28.843378954487648, -25.743361012824906, -13.687923939971872, 26.264379138037146, 0.0, 0.0, 0.0, 0.0, 0.0, 0.0
3.9994256496429443, 69.6748349132444, 4.7458980311730175, -28.843378954487648, -25.743361012824906, -13.687923939971872, 26.264379138037146, 0.0, 0.0, 0.0, 0.0, 0.0, 0.0
4.013386964797974, 69.6748349132444, 4.7458980311730175, -28.843378954487648, -25.743361012824906, -13.687923939971872, 26.264379138037146, 0.0, 0.0, 0.0, 0.0, 0.0, 0.0
4.019349813461304, 69.6748349132444, 4.7458980311730175, -28.843378954487648, -25.743361012824906, -13.687923939971872, 26.264379138037146, 0.0, 0.0, 0.0, 0.0, 0.0, 0.0
4.033035039901733, 69.6748349132444, 4.7458980311730175, -28.843378954487648, -25.743361012824906, -13.687923939971872, 26.264379138037146, 0.0, 0.0, 0.0, 0.0, 0.0, 0.0
4.039039611816406, 69.6748349132444, 4.7458980311730175, -28.843378954487648, -25.743361012824906, -13.687923939971872, 26.264379138037146, 0.0, 0.0, 0.0, 0.0, 0.0, 0.0
4.053734302520752, 69.6748349132444, 4.7458980311730175, -28.843378954487648, -25.743361012824906, -13.687923939971872, 26.264379138037146, 0.0, 0.0, 0.0, 0.0, 0.0, 0.0
4.059640645980835, 69.6748349132444, 4.7458980311730175, -28.843378954487648, -25.743361012824906, -13.687923939971872, 26.264379138037146, 0.0, 0.0, 0.0, 0.0, 0.0, 0.0
4.073166370391846, 69.6748349132444, 4.7458980311730175, -28.843378954487648, -25.743361012824906, -13.687923939971872, 26.264379138037146, 0.0, 0.0, 0.0, 0.0, 0.0, 0.0
4.0792295932769775, 69.6748349132444, 4.7458980311730175, -28.843378954487648, -25.743361012824906, -13.687923939971872, 26.264379138037146, 0.0, 0.0, 0.0, 0.0, 0.0, 0.0
4.093966484069824, 69.6748349132444, 4.7458980311730175, -28.843378954487648, -25.743361012824906, -13.687923939971872, 26.264379138037146, 0.0, 0.0, 0.0, 0.0, 0.0, 0.0
4.0999791622161865, 69.6748349132444, 4.7458980311730175, -28.843378954487648, -25.743361012824906, -13.687923939971872, 26.264379138037146, 0.0, 0.0, 0.0, 0.0, 0.0, 0.0
4.113363981246948, 69.6748349132444, 4.7458980311730175, -28.843378954487648, -25.743361012824906, -13.687923939971872, 26.264379138037146, 0.0, 0.0, 0.0, 0.0, 0.0, 0.0
4.119211673736572, 69.6748349132444, 4.7458980311730175, -28.843378954487648, -25.743361012824906, -13.687923939971872, 26.264379138037146, 0.0, 0.0, 0.0, 0.0, 0.0, 0.0
4.133094549179077, 69.6748349132444, 4.7458980311730175, -28.843378954487648, -25.743361012824906, -13.687923939971872, 26.264379138037146, 0.0, 0.0, 0.0, 0.0, 0.0, 0.0
4.139106512069702, 69.6748349132444, 4.7458980311730175, -28.843378954487648, -25.743361012824906, -13.687923939971872, 26.264379138037146, 0.0, 0.0, 0.0, 0.0, 0.0, 0.0
4.154024600982666, 69.6748349132444, 4.7458980311730175, -28.843378954487648, -25.743361012824906, -13.687923939971872, 26.264379138037146, 0.0, 0.0, 0.0, 0.0, 0.0, 0.0
4.1600868701934814, 69.6748349132444, 4.7458980311730175, -28.843378954487648, -25.743361012824906, -13.687923939971872, 26.264379138037146, 0.0, 0.0, 0.0, 0.0, 0.0, 0.0
4.173782825469971, 69.6748349132444, 4.7458980311730175, -28.843378954487648, -25.743361012824906, -13.687923939971872, 26.264379138037146, 0.0, 0.0, 0.0, 0.0, 0.0, 0.0
4.179813623428345, 69.6748349132444, 4.7458980311730175, -28.843378954487648, -25.743361012824906, -13.687923939971872, 26.264379138037146, 0.0, 0.0, 0.0, 0.0, 0.0, 0.0
4.193696022033691, 69.6748349132444, 4.7458980311730175, -28.843378954487648, -25.743361012824906, -13.687923939971872, 26.264379138037146, 0.0, 0.0, 0.0, 0.0, 0.0, 0.0
4.199738264083862, 69.6748349132444, 4.7458980311730175, -28.843378954487648, -25.743361012824906, -13.687923939971872, 26.264379138037146, 0.0, 0.0, 0.0, 0.0, 0.0, 0.0
4.2136359214782715, 69.6748349132444, 4.7458980311730175, -28.843378954487648, -25.743361012824906, -13.687923939971872, 26.264379138037146, 0.0, 0.0, 0.0, 0.0, 0.0, 0.0
4.219586133956909, 69.6748349132444, 4.7458980311730175, -28.843378954487648, -25.743361012824906, -13.687923939971872, 26.264379138037146, 0.0, 0.0, 0.0, 0.0, 0.0, 0.0
4.233361005783081, 69.6748349132444, 4.7458980311730175, -28.843378954487648, -25.743361012824906, -13.687923939971872, 26.264379138037146, 0.0, 0.0, 0.0, 0.0, 0.0, 0.0
4.239271402359009, 69.6748349132444, 4.7458980311730175, -28.843378954487648, -25.743361012824906, -13.687923939971872, 26.264379138037146, 0.0, 0.0, 0.0, 0.0, 0.0, 0.0
4.252851486206055, 69.6748349132444, 4.7458980311730175, -28.843378954487648, -25.743361012824906, -13.687923939971872, 26.264379138037146, 0.0, 0.0, 0.0, 0.0, 0.0, 0.0
4.259072780609131, 69.6748349132444, 4.7458980311730175, -28.843378954487648, -25.743361012824906, -13.687923939971872, 26.264379138037146, 0.0, 0.0, 0.0, 0.0, 0.0, 0.0
4.273941993713379, 69.6748349132444, 4.7458980311730175, -28.843378954487648, -25.743361012824906, -13.687923939971872, 26.264379138037146, 0.0, 0.0, 0.0, 0.0, 0.0, 0.0
4.280001640319824, 69.6748349132444, 4.7458980311730175, -28.843378954487648, -25.743361012824906, -13.687923939971872, 26.264379138037146, 0.0, 0.0, 0.0, 0.0, 0.0, 0.0
4.2940673828125, 69.6748349132444, 4.7458980311730175, -28.843378954487648, -25.743361012824906, -13.687923939971872, 26.264379138037146, 0.0, 0.0, 0.0, 0.0, 0.0, 0.0
4.300199747085571, 69.6748349132444, 4.7458980311730175, -28.843378954487648, -25.743361012824906, -13.687923939971872, 26.264379138037146, 0.0, 0.0, 0.0, 0.0, 0.0, 0.0
4.3140106201171875, 69.6748349132444, 4.7458980311730175, -28.843378954487648, -25.743361012824906, -13.687923939971872, 26.264379138037146, 0.0, 0.0, 0.0, 0.0, 0.0, 0.0
4.320102214813232, 69.6748349132444, 4.7458980311730175, -28.843378954487648, -25.743361012824906, -13.687923939971872, 26.264379138037146, 0.0, 0.0, 0.0, 0.0, 0.0, 0.0
4.334036588668823, 69.6748349132444, 4.7458980311730175, -28.843378954487648, -25.743361012824906, -13.687923939971872, 26.264379138037146, 0.0, 0.0, 0.0, 0.0, 0.0, 0.0
4.340268850326538, 69.6748349132444, 4.7458980311730175, -28.843378954487648, -25.743361012824906, -13.687923939971872, 26.264379138037146, 0.0, 0.0, 0.0, 0.0, 0.0, 0.0
4.352973461151123, 69.6748349132444, 4.7458980311730175, -28.843378954487648, -25.743361012824906, -13.687923939971872, 26.264379138037146, 0.0, 0.0, 0.0, 0.0, 0.0, 0.0
4.3591296672821045, 69.6748349132444, 4.7458980311730175, -28.843378954487648, -25.743361012824906, -13.687923939971872, 26.264379138037146, 0.0, 0.0, 0.0, 0.0, 0.0, 0.0
4.374114513397217, 69.6748349132444, 4.7458980311730175, -28.843378954487648, -25.743361012824906, -13.687923939971872, 26.264379138037146, 0.0, 0.0, 0.0, 0.0, 0.0, 0.0
4.380140066146851, 69.6748349132444, 4.7458980311730175, -28.843378954487648, -25.743361012824906, -13.687923939971872, 26.264379138037146, 0.0, 0.0, 0.0, 0.0, 0.0, 0.0
4.39393162727356, 69.6748349132444, 4.7458980311730175, -28.843378954487648, -25.743361012824906, -13.687923939971872, 26.264379138037146, 0.0, 0.0, 0.0, 0.0, 0.0, 0.0
4.40005898475647, 69.6748349132444, 4.7458980311730175, -28.843378954487648, -25.743361012824906, -13.687923939971872, 26.264379138037146, 0.0, 0.0, 0.0, 0.0, 0.0, 0.0
4.413758039474487, 69.6748349132444, 4.7458980311730175, -28.843378954487648, -25.743361012824906, -13.687923939971872, 26.264379138037146, 0.0, 0.0, 0.0, 0.0, 0.0, 0.0
4.419799089431763, 69.6748349132444, 4.7458980311730175, -28.843378954487648, -25.743361012824906, -13.687923939971872, 26.264379138037146, 0.0, 0.0, 0.0, 0.0, 0.0, 0.0
4.433699607849121, 69.6748349132444, 4.7458980311730175, -28.843378954487648, -25.743361012824906, -13.687923939971872, 26.264379138037146, 0.0, 0.0, 0.0, 0.0, 0.0, 0.0
4.439853668212891, 69.6748349132444, 4.7458980311730175, -28.843378954487648, -25.743361012824906, -13.687923939971872, 26.264379138037146, 0.0, 0.0, 0.0, 0.0, 0.0, 0.0
4.453763961791992, 69.6748349132444, 4.7458980311730175, -28.843378954487648, -25.743361012824906, -13.687923939971872, 26.264379138037146, 0.0, 0.0, 0.0, 0.0, 0.0, 0.0
4.45993971824646, 69.6748349132444, 4.7458980311730175, -28.843378954487648, -25.743361012824906, -13.687923939971872, 26.264379138037146, 0.0, 0.0, 0.0, 0.0, 0.0, 0.0
4.473968029022217, 69.6748349132444, 4.7458980311730175, -28.843378954487648, -25.743361012824906, -13.687923939971872, 26.264379138037146, 0.0, 0.0, 0.0, 0.0, 0.0, 0.0
4.480127334594727, 69.6748349132444, 4.7458980311730175, -28.843378954487648, -25.743361012824906, -13.687923939971872, 26.264379138037146, 0.0, 0.0, 0.0, 0.0, 0.0, 0.0
4.493919610977173, 69.6748349132444, 4.7458980311730175, -28.843378954487648, -25.743361012824906, -13.687923939971872, 26.264379138037146, 0.0, 0.0, 0.0, 0.0, 0.0, 0.0
4.500065088272095, 69.6748349132444, 4.7458980311730175, -28.843378954487648, -25.743361012824906, -13.687923939971872, 26.264379138037146, 0.0, 0.0, 0.0, 0.0, 0.0, 0.0
4.514089584350586, 69.6748349132444, 4.7458980311730175, -28.843378954487648, -25.743361012824906, -13.687923939971872, 26.264379138037146, 0.0, 0.0, 0.0, 0.0, 0.0, 0.0
4.520225286483765, 69.6748349132444, 4.7458980311730175, -28.843378954487648, -25.743361012824906, -13.687923939971872, 26.264379138037146, 0.0, 0.0, 0.0, 0.0, 0.0, 0.0
4.533291816711426, 69.6748349132444, 4.7458980311730175, -28.843378954487648, -25.743361012824906, -13.687923939971872, 26.264379138037146, 0.0, 0.0, 0.0, 0.0, 0.0, 0.0
4.539380073547363, 69.6748349132444, 4.7458980311730175, -28.843378954487648, -25.743361012824906, -13.687923939971872, 26.264379138037146, 0.0, 0.0, 0.0, 0.0, 0.0, 0.0
4.55329966545105, 69.6748349132444, 4.7458980311730175, -28.843378954487648, -25.743361012824906, -13.687923939971872, 26.264379138037146, 0.0, 0.0, 0.0, 0.0, 0.0, 0.0
4.55941915512085, 69.6748349132444, 4.7458980311730175, -28.843378954487648, -25.743361012824906, -13.687923939971872, 26.264379138037146, 0.0, 0.0, 0.0, 0.0, 0.0, 0.0
4.582364797592163, 69.6748349132444, 4.7458980311730175, -28.843378954487648, -25.743361012824906, -13.687923939971872, 26.264379138037146, 0.0, 0.0, 0.0, 0.0, 0.0, 0.0
4.59149169921875, 69.6748349132444, 4.7458980311730175, -28.843378954487648, -25.743361012824906, -13.687923939971872, 26.264379138037146, 0.0, 0.0, 0.0, 0.0, 0.0, 0.0
4.6033806800842285, 69.6748349132444, 4.7458980311730175, -28.843378954487648, -25.743361012824906, -13.687923939971872, 26.264379138037146, 0.0, 0.0, 0.0, 0.0, 0.0, 0.0
4.60960578918457, 69.6748349132444, 4.7458980311730175, -28.843378954487648, -25.743361012824906, -13.687923939971872, 26.264379138037146, 0.0, 0.0, 0.0, 0.0, 0.0, 0.0
4.620262622833252, 69.6748349132444, 4.7458980311730175, -28.843378954487648, -25.743361012824906, -13.687923939971872, 26.264379138037146, 0.0, 0.0, 0.0, 0.0, 0.0, 0.0
4.6265387535095215, 69.6748349132444, 4.7458980311730175, -28.843378954487648, -25.743361012824906, -13.687923939971872, 26.264379138037146, 0.0, 0.0, 0.0, 0.0, 0.0, 0.0
4.637338161468506, 69.6748349132444, 4.7458980311730175, -28.843378954487648, -25.743361012824906, -13.687923939971872, 26.264379138037146, 0.0, 0.0, 0.0, 0.0, 0.0, 0.0
4.643479108810425, 69.6748349132444, 4.7458980311730175, -28.843378954487648, -25.743361012824906, -13.687923939971872, 26.264379138037146, 0.0, 0.0, 0.0, 0.0, 0.0, 0.0
4.6544578075408936, 69.6748349132444, 4.7458980311730175, -28.843378954487648, -25.743361012824906, -13.687923939971872, 26.264379138037146, 0.0, 0.0, 0.0, 0.0, 0.0, 0.0
4.6606175899505615, 69.6748349132444, 4.7458980311730175, -28.843378954487648, -25.743361012824906, -13.687923939971872, 26.264379138037146, 0.0, 0.0, 0.0, 0.0, 0.0, 0.0
4.6734619140625, 69.6748349132444, 4.7458980311730175, -28.843378954487648, -25.743361012824906, -13.687923939971872, 26.264379138037146, 0.0, 0.0, 0.0, 0.0, 0.0, 0.0
4.679607152938843, 69.6748349132444, 4.7458980311730175, -28.843378954487648, -25.743361012824906, -13.687923939971872, 26.264379138037146, 0.0, 0.0, 0.0, 0.0, 0.0, 0.0
4.693574666976929, 69.6748349132444, 4.7458980311730175, -28.843378954487648, -25.743361012824906, -13.687923939971872, 26.264379138037146, 0.0, 0.0, 0.0, 0.0, 0.0, 0.0
4.699726343154907, 69.6748349132444, 4.7458980311730175, -28.843378954487648, -25.743361012824906, -13.687923939971872, 26.264379138037146, 0.0, 0.0, 0.0, 0.0, 0.0, 0.0
4.713782548904419, 69.6748349132444, 4.7458980311730175, -28.843378954487648, -25.743361012824906, -13.687923939971872, 26.264379138037146, 0.0, 0.0, 0.0, 0.0, 0.0, 0.0
4.7202136516571045, 69.6748349132444, 4.7458980311730175, -28.843378954487648, -25.743361012824906, -13.687923939971872, 26.264379138037146, 0.0, 0.0, 0.0, 0.0, 0.0, 0.0
4.733368396759033, 69.6748349132444, 4.7458980311730175, -28.843378954487648, -25.743361012824906, -13.687923939971872, 26.264379138037146, 0.0, 0.0, 0.0, 0.0, 0.0, 0.0
4.739636659622192, 69.6748349132444, 4.7458980311730175, -28.843378954487648, -25.743361012824906, -13.687923939971872, 26.264379138037146, 0.0, 0.0, 0.0, 0.0, 0.0, 0.0
4.753125429153442, 69.6748349132444, 4.7458980311730175, -28.843378954487648, -25.743361012824906, -13.687923939971872, 26.264379138037146, 0.0, 0.0, 0.0, 0.0, 0.0, 0.0
4.759303092956543, 69.6748349132444, 4.7458980311730175, -28.843378954487648, -25.743361012824906, -13.687923939971872, 26.264379138037146, 0.0, 0.0, 0.0, 0.0, 0.0, 0.0
4.772962808609009, 69.6748349132444, 4.7458980311730175, -28.843378954487648, -25.743361012824906, -13.687923939971872, 26.264379138037146, 0.0, 0.0, 0.0, 0.0, 0.0, 0.0
4.778871297836304, 69.6748349132444, 4.7458980311730175, -28.843378954487648, -25.743361012824906, -13.687923939971872, 26.264379138037146, 0.0, 0.0, 0.0, 0.0, 0.0, 0.0
4.7939300537109375, 69.6748349132444, 4.7458980311730175, -28.843378954487648, -25.743361012824906, -13.687923939971872, 26.264379138037146, 0.0, 0.0, 0.0, 0.0, 0.0, 0.0
4.799890756607056, 69.6748349132444, 4.7458980311730175, -28.843378954487648, -25.743361012824906, -13.687923939971872, 26.264379138037146, 0.0, 0.0, 0.0, 0.0, 0.0, 0.0
4.822523355484009, 69.6748349132444, 4.7458980311730175, -28.843378954487648, -25.743361012824906, -13.687923939971872, 26.264379138037146, 0.0, 0.0, 0.0, 0.0, 0.0, 0.0
4.831396818161011, 69.6748349132444, 4.7458980311730175, -28.843378954487648, -25.743361012824906, -13.687923939971872, 26.264379138037146, 0.0, 0.0, 0.0, 0.0, 0.0, 0.0
4.843453884124756, 69.6748349132444, 4.7458980311730175, -28.843378954487648, -25.743361012824906, -13.687923939971872, 26.264379138037146, 0.0, 0.0, 0.0, 0.0, 0.0, 0.0
4.849521636962891, 69.6748349132444, 4.7458980311730175, -28.843378954487648, -25.743361012824906, -13.687923939971872, 26.264379138037146, 0.0, 0.0, 0.0, 0.0, 0.0, 0.0
4.860473394393921, 69.6748349132444, 4.7458980311730175, -28.843378954487648, -25.743361012824906, -13.687923939971872, 26.264379138037146, 0.0, 0.0, 0.0, 0.0, 0.0, 0.0
4.866300821304321, 69.6748349132444, 4.7458980311730175, -28.843378954487648, -25.743361012824906, -13.687923939971872, 26.264379138037146, 0.0, 0.0, 0.0, 0.0, 0.0, 0.0
4.877244472503662, 69.6748349132444, 4.7458980311730175, -28.843378954487648, -25.743361012824906, -13.687923939971872, 26.264379138037146, 0.0, 0.0, 0.0, 0.0, 0.0, 0.0
4.883273601531982, 69.6748349132444, 4.7458980311730175, -28.843378954487648, -25.743361012824906, -13.687923939971872, 26.264379138037146, 0.0, 0.0, 0.0, 0.0, 0.0, 0.0
4.894174337387085, 69.6748349132444, 4.7458980311730175, -28.843378954487648, -25.743361012824906, -13.687923939971872, 26.264379138037146, 0.0, 0.0, 0.0, 0.0, 0.0, 0.0
4.9003987312316895, 69.6748349132444, 4.7458980311730175, -28.843378954487648, -25.743361012824906, -13.687923939971872, 26.264379138037146, 0.0, 0.0, 0.0, 0.0, 0.0, 0.0
4.9129438400268555, 69.6748349132444, 4.7458980311730175, -28.843378954487648, -25.743361012824906, -13.687923939971872, 26.264379138037146, 0.0, 0.0, 0.0, 0.0, 0.0, 0.0
4.918959617614746, 69.6748349132444, 4.7458980311730175, -28.843378954487648, -25.743361012824906, -13.687923939971872, 26.264379138037146, 0.0, 0.0, 0.0, 0.0, 0.0, 0.0
4.933803558349609, 69.6748349132444, 4.7458980311730175, -28.843378954487648, -25.743361012824906, -13.687923939971872, 26.264379138037146, 0.0, 0.0, 0.0, 0.0, 0.0, 0.0
4.940064191818237, 69.6748349132444, 4.7458980311730175, -28.843378954487648, -25.743361012824906, -13.687923939971872, 26.264379138037146, 0.0, 0.0, 0.0, 0.0, 0.0, 0.0
4.9536333084106445, 69.6748349132444, 4.7458980311730175, -28.843378954487648, -25.743361012824906, -13.687923939971872, 26.264379138037146, 0.0, 0.0, 0.0, 0.0, 0.0, 0.0
4.95970344543457, 69.6748349132444, 4.7458980311730175, -28.843378954487648, -25.743361012824906, -13.687923939971872, 26.264379138037146, 0.0, 0.0, 0.0, 0.0, 0.0, 0.0
4.973462104797363, 69.6748349132444, 4.7458980311730175, -28.843378954487648, -25.743361012824906, -13.687923939971872, 26.264379138037146, 0.0, 0.0, 0.0, 0.0, 0.0, 0.0
4.979336738586426, 69.6748349132444, 4.7458980311730175, -28.843378954487648, -25.743361012824906, -13.687923939971872, 26.264379138037146, 0.0, 0.0, 0.0, 0.0, 0.0, 0.0
4.9932122230529785, 69.6748349132444, 4.7458980311730175, -28.843378954487648, -25.743361012824906, -13.687923939971872, 26.264379138037146, 0.0, 0.0, 0.0, 0.0, 0.0, 0.0
4.999229907989502, 69.6748349132444, 4.7458980311730175, -28.843378954487648, -25.743361012824906, -13.687923939971872, 26.264379138037146, 0.0, 0.0, 0.0, 0.0, 0.0, 0.0
5.0141682624816895, 69.6748349132444, 4.7458980311730175, -28.843378954487648, -25.743361012824906, -13.687923939971872, 26.264379138037146, 0.0, 0.0, 0.0, 0.0, 0.0, 0.0
5.020088195800781, 69.6748349132444, 4.7458980311730175, -28.843378954487648, -25.743361012824906, -13.687923939971872, 26.264379138037146, 0.0, 0.0, 0.0, 0.0, 0.0, 0.0
5.034037351608276, 69.6748349132444, 4.7458980311730175, -28.843378954487648, -25.743361012824906, -13.687923939971872, 26.264379138037146, 0.0, 0.0, 0.0, 0.0, 0.0, 0.0
5.040083408355713, 69.6748349132444, 4.7458980311730175, -28.843378954487648, -25.743361012824906, -13.687923939971872, 26.264379138037146, 0.0, 0.0, 0.0, 0.0, 0.0, 0.0
5.05386757850647, 69.6748349132444, 4.7458980311730175, -28.843378954487648, -25.743361012824906, -13.687923939971872, 26.264379138037146, 0.0, 0.0, 0.0, 0.0, 0.0, 0.0
5.059952259063721, 69.6748349132444, 4.7458980311730175, -28.843378954487648, -25.743361012824906, -13.687923939971872, 26.264379138037146, 0.0, 0.0, 0.0, 0.0, 0.0, 0.0
5.07373571395874, 69.6748349132444, 4.7458980311730175, -28.843378954487648, -25.743361012824906, -13.687923939971872, 26.264379138037146, 0.0, 0.0, 0.0, 0.0, 0.0, 0.0
5.079748868942261, 69.6748349132444, 4.7458980311730175, -28.843378954487648, -25.743361012824906, -13.687923939971872, 26.264379138037146, 0.0, 0.0, 0.0, 0.0, 0.0, 0.0
5.093673467636108, 69.6748349132444, 4.7458980311730175, -28.843378954487648, -25.743361012824906, -13.687923939971872, 26.264379138037146, 0.0, 0.0, 0.0, 0.0, 0.0, 0.0
5.099754333496094, 69.6748349132444, 4.7458980311730175, -28.843378954487648, -25.743361012824906, -13.687923939971872, 26.264379138037146, 0.0, 0.0, 0.0, 0.0, 0.0, 0.0
